
0                   0                   0                   0
1       0.01982203022       0.03082925387       0.05065128409
2    -0.0001582090073      0.006482544349      0.006324335342
3    -0.0001415287987      0.002010457724      0.001868928925
4    -4.598996306e-05     0.0008308821656     0.0007848922025
5    -1.639819364e-05     0.0004156120052     0.0003992138115
6    -6.766894156e-06     0.0002357661208     0.0002289992266
7    -3.169148477e-06     0.0001457944734     0.0001426253249
8    -1.640602673e-06      9.59291082e-05     9.428850553e-05
9    -9.187783211e-07     6.612535995e-05     6.520658163e-05
10    -5.477517646e-07     4.725533568e-05     4.670758391e-05
11    -3.435264445e-07     3.475372245e-05       3.4410196e-05
12    -2.246273955e-07     2.616300416e-05     2.593837676e-05
13    -1.520962512e-07     2.007978563e-05     1.992768938e-05
14    -1.060722304e-07     1.566280758e-05     1.555673535e-05
15    -7.586819701e-08      1.23869166e-05     1.231104841e-05
16    -5.546179956e-08     9.912819053e-06     9.857357254e-06
17    -4.132142602e-08     8.014733575e-06     7.973412149e-06
18    -3.130287145e-08     6.538516211e-06      6.50721334e-06
19    -2.406390069e-08     5.376543942e-06     5.352480042e-06
20    -1.874123562e-08     4.452173019e-06     4.433431783e-06
21    -1.476606876e-08     3.709853939e-06      3.69508787e-06
22    -1.175540139e-08     3.108688711e-06      3.09693331e-06
23    -9.446251121e-09     2.618138861e-06      2.60869261e-06
24    -7.654812174e-09     2.215109386e-06     2.207454574e-06
25                   0                   0                   0
26                   0                   0                   0
27                   0                   0                   0
28                   0                   0                   0
29                   0                   0                   0
30                   0                   0                   0
31                   0                   0                   0
32                   0                   0                   0
33                   0                   0                   0
34                   0                   0                   0
35                   0                   0                   0
36                   0                   0                   0
37                   0                   0                   0
38                   0                   0                   0
39                   0                   0                   0
40                   0                   0                   0
41                   0                   0                   0
42                   0                   0                   0
43                   0                   0                   0
44                   0                   0                   0
45                   0                   0                   0
46                   0                   0                   0
47                   0                   0                   0
