
0                   0                   0                   0
1      0.005995742047       0.04465554204       0.05065128409
2     -0.001213441923      0.007537777265      0.006324335342
3     -0.000237753816      0.002106682741      0.001868928925
4    -5.637273603e-05     0.0008412649386     0.0007848922025
5    -1.773922865e-05     0.0004169530402     0.0003992138115
6    -6.982486167e-06     0.0002359817128     0.0002289992266
7    -3.215352512e-06     0.0001458406774     0.0001426253249
8    -1.654963278e-06      9.59434688e-05     9.428850553e-05
9    -9.254142583e-07     6.613199588e-05     6.520658163e-05
10    -5.518914489e-07     4.725947536e-05     4.670758391e-05
11    -3.465748823e-07     3.475677088e-05       3.4410196e-05
12    -2.270546871e-07     2.616543145e-05     2.593837676e-05
13    -1.541001649e-07     2.008178954e-05     1.992768938e-05
14    -1.077566083e-07     1.566449196e-05     1.555673535e-05
15    -7.729826907e-08     1.238834667e-05     1.231104841e-05
16    -5.668376866e-08     9.914041022e-06     9.857357254e-06
17     -4.23704244e-08     8.015782574e-06     7.973412149e-06
18    -3.220670513e-08     6.539420045e-06      6.50721334e-06
19    -2.484509017e-08     5.377325132e-06     5.352480042e-06
20    -1.941827988e-08     4.452850063e-06     4.433431783e-06
21    -1.535430729e-08     3.710442177e-06      3.69508787e-06
22    -1.226764178e-08     3.109200952e-06      3.09693331e-06
23    -9.893245504e-09     2.618585855e-06      2.60869261e-06
24    -8.045628607e-09     2.215500203e-06     2.207454574e-06
25                   0                   0                   0
26                   0                   0                   0
27                   0                   0                   0
28                   0                   0                   0
29                   0                   0                   0
30                   0                   0                   0
31                   0                   0                   0
32                   0                   0                   0
33                   0                   0                   0
34                   0                   0                   0
35                   0                   0                   0
36                   0                   0                   0
37                   0                   0                   0
38                   0                   0                   0
39                   0                   0                   0
40                   0                   0                   0
41                   0                   0                   0
42                   0                   0                   0
43                   0                   0                   0
44                   0                   0                   0
45                   0                   0                   0
46                   0                   0                   0
47                   0                   0                   0
