
0                   0                   0                   0
1       0.01984472642       0.03081276857       0.05065749499
2    -0.0001542638201      0.006484008751       0.00632974493
3    -0.0001404756368      0.002014184287       0.00187370865
4    -4.559237812e-05     0.0008347430501     0.0007891506719
5    -1.620973955e-05     0.0004192391793     0.0004030294397
6    -6.663986923e-06     0.0002390964516     0.0002324324647
7    -3.107547524e-06     0.0001488322064     0.0001457246589
8    -1.601311287e-06     9.869518008e-05     9.709386879e-05
9    -8.925338326e-07     6.864402549e-05     6.775149166e-05
10    -5.296024167e-07     4.955017686e-05     4.902057444e-05
11    -3.306344622e-07     3.684646045e-05     3.651582599e-05
12    -2.152755547e-07     2.807324514e-05     2.785796958e-05
13    -1.451989499e-07     2.182509019e-05     2.167989124e-05
14    -1.009180939e-07     1.725886591e-05     1.715794781e-05
15    -7.197691794e-08     1.384774724e-05     1.377577033e-05
16    -5.250078617e-08     1.125096063e-05     1.119845985e-05
17    -3.905535537e-08     9.241418785e-06      9.20236343e-06
18    -2.956212637e-08      7.66382572e-06     7.634263594e-06
19    -2.272424466e-08     6.409540949e-06     6.386816704e-06
20    -1.771039024e-08     5.401020374e-06     5.383309984e-06
21    -1.397465037e-08     4.581916015e-06     4.567941365e-06
22    -1.115067918e-08     3.910620094e-06     3.899469415e-06
23    -8.987771967e-09     3.355961725e-06     3.346973953e-06
24    -7.311285033e-09     2.894281181e-06     2.886969896e-06
25    -5.997571671e-09     2.507404791e-06     2.501407219e-06
26    -4.957781917e-09     2.181220206e-06     2.176262424e-06
27    -4.127193328e-09     1.904659011e-06     1.900531817e-06
28    -3.458062425e-09     1.668960217e-06     1.665502154e-06
29     -2.91475847e-09     1.467130348e-06     1.464215589e-06
30    -2.470401955e-09     1.293543016e-06     1.291072614e-06
31    -2.104510739e-09     1.143638739e-06     1.141534228e-06
32    -1.801330788e-09     1.013697635e-06     1.011896304e-06
33    -1.548638375e-09     9.006657054e-07      8.99117067e-07
34    -1.336871057e-09     8.020209006e-07     8.006840295e-07
35     -1.15849064e-09     7.156690195e-07     7.145105288e-07
36    -1.007511661e-09     6.398621799e-07     6.388546683e-07
37     -8.79149181e-10     5.731345043e-07     5.722553552e-07
38    -7.695534347e-10     5.142510441e-07     5.134814907e-07
39    -6.756082923e-10     4.621669586e-07     4.614913503e-07
40    -5.947770065e-10     4.159946941e-07     4.153999171e-07
41    -5.249832947e-10     3.749774451e-07     3.744524618e-07
42    -4.645190295e-10     3.384675793e-07     3.380030603e-07
43    -4.119721136e-10       3.0590901e-07     3.054970379e-07
44    -3.661697755e-10      2.76822722e-07     2.764565523e-07
45    -3.261337259e-10     2.507948343e-07     2.504687006e-07
46     -2.91044492e-10     2.274667106e-07     2.271756661e-07
47    -2.602129013e-10      2.06526733e-07     2.062665201e-07
48    -2.330571623e-10     1.877034318e-07     1.874703746e-07
49     -2.09084355e-10     1.707597261e-07     1.705506417e-07
50     -1.87875412e-10     1.554880785e-07     1.553002031e-07
51    -1.690728769e-10     1.417064045e-07     1.415373316e-07
52    -1.523708841e-10     1.292546078e-07     1.291022369e-07
53    -1.375069227e-10     1.179916365e-07     1.178541295e-07
54    -1.242550406e-10     1.077929742e-07     1.076687192e-07
55    -1.124202146e-10     9.854849602e-08     9.843607581e-08
56     -1.01833671e-10      9.01606306e-08     9.005879693e-08
57    -9.234898089e-11       8.2542781e-08     8.245043202e-08
58    -8.383879234e-11     7.561796415e-08     7.553412536e-08
59    -7.619208569e-11     6.931763587e-08     6.924144379e-08
60    -6.931186171e-11     6.358067367e-08     6.351136181e-08
61    -6.311318804e-11     5.835249425e-08     5.828938106e-08
62    -5.752154378e-11     5.358428613e-08     5.352676459e-08
63    -5.247141286e-11     4.923234105e-08     4.917986963e-08
64    -4.790508538e-11     4.525747014e-08     4.520956506e-08
65    -4.377163371e-11      4.16244933e-08     4.158072167e-08
66    -4.002603553e-11     3.830179157e-08     3.826176553e-08
67    -3.662842096e-11     3.526091416e-08     3.522428574e-08
68    -3.354342467e-11     3.247623284e-08     3.244268942e-08
69    -3.073962715e-11      2.99246374e-08     2.989389778e-08
70    -2.818907161e-11     2.758526693e-08     2.755707786e-08
71    -2.586684565e-11     2.543927231e-08     2.541340547e-08
72    -2.375071808e-11     2.346960601e-08     2.344585529e-08
73    -2.182082301e-11     2.166083569e-08     2.163901487e-08
74    -2.005938465e-11     1.999897879e-08     1.997891941e-08
75    -1.845047698e-11     1.847135547e-08     1.845290499e-08
76    -1.697981355e-11     1.706645768e-08     1.704947787e-08
77    -1.563456337e-11     1.577383255e-08     1.575819798e-08
78    -1.440318926e-11     1.458397822e-08     1.456957504e-08
79    -1.327530575e-11     1.348825091e-08      1.34749756e-08
80    -1.224155404e-11     1.247878163e-08     1.246654008e-08
81     -1.12934916e-11     1.154840179e-08      1.15371083e-08
82    -1.042349478e-11     1.069057634e-08     1.068015284e-08
83    -9.624672585e-12     9.899343869e-09     9.889719196e-09
84    -8.890790373e-12     9.169262783e-09     9.160371992e-09
85    -8.216202116e-12     8.495362885e-09     8.487146683e-09
86    -7.595790273e-12     7.873101807e-09     7.865506017e-09
87    -7.024912304e-12      7.29832576e-09     7.291300848e-09
88    -6.499353047e-12     6.767234137e-09     6.760734784e-09
89    -6.015282264e-12     6.276347569e-09     6.270332287e-09
90    -5.569216737e-12     5.822479071e-09     5.816909854e-09
91    -5.157986409e-12     5.402707953e-09     5.397549966e-09
92     -4.77870408e-12      5.01435622e-09     5.009577515e-09
93    -4.428738271e-12     4.654967197e-09     4.650538458e-09
94    -4.105688898e-12     4.322286164e-09     4.318180475e-09
95    -3.807365433e-12     4.014242793e-09     4.010435427e-09
96    -3.531767283e-12     3.728935208e-09     3.725403441e-09
97                   0                   0                   0
98                   0                   0                   0
99                   0                   0                   0
100                   0                   0                   0
101                   0                   0                   0
102                   0                   0                   0
103                   0                   0                   0
104                   0                   0                   0
105                   0                   0                   0
106                   0                   0                   0
107                   0                   0                   0
108                   0                   0                   0
109                   0                   0                   0
110                   0                   0                   0
111                   0                   0                   0
112                   0                   0                   0
113                   0                   0                   0
114                   0                   0                   0
115                   0                   0                   0
116                   0                   0                   0
117                   0                   0                   0
118                   0                   0                   0
119                   0                   0                   0
120                   0                   0                   0
121                   0                   0                   0
122                   0                   0                   0
123                   0                   0                   0
124                   0                   0                   0
125                   0                   0                   0
126                   0                   0                   0
127                   0                   0                   0
128                   0                   0                   0
129                   0                   0                   0
130                   0                   0                   0
131                   0                   0                   0
132                   0                   0                   0
133                   0                   0                   0
134                   0                   0                   0
135                   0                   0                   0
136                   0                   0                   0
137                   0                   0                   0
138                   0                   0                   0
139                   0                   0                   0
140                   0                   0                   0
141                   0                   0                   0
142                   0                   0                   0
143                   0                   0                   0
144                   0                   0                   0
145                   0                   0                   0
146                   0                   0                   0
147                   0                   0                   0
148                   0                   0                   0
149                   0                   0                   0
150                   0                   0                   0
151                   0                   0                   0
152                   0                   0                   0
153                   0                   0                   0
154                   0                   0                   0
155                   0                   0                   0
156                   0                   0                   0
157                   0                   0                   0
158                   0                   0                   0
159                   0                   0                   0
160                   0                   0                   0
161                   0                   0                   0
162                   0                   0                   0
163                   0                   0                   0
164                   0                   0                   0
165                   0                   0                   0
166                   0                   0                   0
167                   0                   0                   0
168                   0                   0                   0
169                   0                   0                   0
170                   0                   0                   0
171                   0                   0                   0
172                   0                   0                   0
173                   0                   0                   0
174                   0                   0                   0
175                   0                   0                   0
176                   0                   0                   0
177                   0                   0                   0
178                   0                   0                   0
179                   0                   0                   0
180                   0                   0                   0
181                   0                   0                   0
182                   0                   0                   0
183                   0                   0                   0
184                   0                   0                   0
185                   0                   0                   0
186                   0                   0                   0
187                   0                   0                   0
188                   0                   0                   0
189                   0                   0                   0
190                   0                   0                   0
191                   0                   0                   0
