
0                   0                   0                   0
1       0.00600739358       0.04465010141       0.05065749499
2     -0.001211024098      0.007540769029       0.00632974493
3    -0.0002369500819      0.002110658732       0.00187370865
4    -5.602201049e-05     0.0008451726824     0.0007891506719
5    -1.755895425e-05      0.000420588394     0.0004030294397
6    -6.879117853e-06     0.0002393115826     0.0002324324647
7    -3.151311582e-06     0.0001488759705     0.0001457246589
8    -1.612973878e-06     9.870684267e-05     9.709386879e-05
9    -8.966850819e-07     6.864817674e-05     6.775149166e-05
10    -5.315804393e-07     4.955215488e-05     4.902057444e-05
11    -3.318422802e-07     3.684766827e-05     3.651582599e-05
12    -2.161484731e-07     2.807411806e-05     2.785796958e-05
13    -1.458935917e-07     2.182578483e-05     2.167989124e-05
14    -1.014996172e-07     1.725944743e-05     1.715794781e-05
15    -7.247686031e-08     1.384824719e-05     1.377577033e-05
16    -5.293691695e-08     1.125139676e-05     1.119845985e-05
17    -3.943913538e-08     9.241802565e-06      9.20236343e-06
18     -2.99017579e-08     7.664165352e-06     7.634263594e-06
19    -2.302603055e-08     6.409842735e-06     6.386816704e-06
20    -1.797939816e-08     5.401289382e-06     5.383309984e-06
21    -1.421507136e-08     4.582156436e-06     4.567941365e-06
22    -1.136604142e-08     3.910835456e-06     3.899469415e-06
23    -9.181080515e-09     3.356155034e-06     3.346973953e-06
24    -7.485120269e-09     2.894455017e-06     2.886969896e-06
25    -6.154162711e-09     2.507561382e-06     2.501407219e-06
26    -5.099063619e-09     2.181361487e-06     2.176262424e-06
27    -4.254851793e-09     1.904786669e-06     1.900531817e-06
28    -3.573572024e-09     1.669075726e-06     1.665502154e-06
29    -3.019412377e-09     1.467235001e-06     1.464215589e-06
30    -2.565337583e-09     1.293637952e-06     1.291072614e-06
31     -2.19073107e-09     1.143724959e-06     1.141534228e-06
32    -1.879722384e-09     1.013776026e-06     1.011896304e-06
33    -1.619986653e-09     9.007370537e-07      8.99117067e-07
34    -1.401873299e-09     8.020859028e-07     8.006840295e-07
35    -1.217767122e-09      7.15728296e-07     7.145105288e-07
36    -1.061615197e-09     6.399162834e-07     6.388546683e-07
37     -9.28573347e-10     5.731839285e-07     5.722553552e-07
38    -8.147396638e-10     5.142962303e-07     5.134814907e-07
39    -7.169520216e-10     4.622083023e-07     4.614913503e-07
40    -6.326330136e-10     4.160325501e-07     4.153999171e-07
41    -5.596703443e-10     3.750121321e-07     3.744524618e-07
42    -4.963239276e-10     3.384993842e-07     3.380030603e-07
43     -4.41153254e-10     3.059381912e-07     3.054970379e-07
44    -3.929602499e-10     2.768495125e-07     2.764565523e-07
45    -3.507440548e-10     2.508194446e-07     2.504687006e-07
46    -3.136650306e-10     2.274893311e-07     2.271756661e-07
47    -2.810159608e-10     2.065475361e-07     2.062665201e-07
48    -2.521988852e-10     1.877225735e-07     1.874703746e-07
49    -2.267063753e-10     1.707773481e-07     1.705506417e-07
50    -2.041063275e-10     1.555043094e-07     1.553002031e-07
51    -1.840295577e-10     1.417213612e-07     1.415373316e-07
52    -1.661596366e-10     1.292683965e-07     1.291022369e-07
53    -1.502245271e-10     1.180043541e-07     1.178541295e-07
54    -1.359896767e-10     1.078047088e-07     1.076687192e-07
55    -1.232522899e-10      9.85593281e-08     9.843607581e-08
56    -1.118365607e-10     9.017063349e-08     9.005879693e-08
57    -1.015896924e-10     8.255202171e-08     8.245043202e-08
58    -9.237856048e-11     7.562650392e-08     7.553412536e-08
59    -8.408690804e-11      6.93255307e-08     6.924144379e-08
60    -7.661297989e-11     6.358797479e-08     6.351136181e-08
61    -6.986752111e-11     5.835924858e-08     5.828938106e-08
62    -6.377207899e-11     5.359053667e-08     5.352676459e-08
63    -5.825755816e-11     4.923812719e-08     4.917986963e-08
64    -5.326298791e-11     4.526282805e-08     4.520956506e-08
65    -4.873446774e-11     4.162945614e-08     4.158072167e-08
66    -4.462426303e-11     3.830638979e-08     3.826176553e-08
67    -4.089002767e-11     3.526517577e-08     3.522428574e-08
68    -3.749413413e-11     3.248018355e-08     3.244268942e-08
69    -3.440309484e-11     2.992830087e-08     2.989389778e-08
70    -3.158706134e-11     2.758866492e-08     2.755707786e-08
71    -2.901938983e-11     2.544242486e-08     2.541340547e-08
72    -2.667626347e-11     2.347253156e-08     2.344585529e-08
73    -2.453636344e-11     2.166355123e-08     2.163901487e-08
74    -2.258058185e-11     2.000149999e-08     1.997891941e-08
75    -2.079177077e-11     1.847369676e-08     1.845290499e-08
76    -1.915452229e-11     1.706863239e-08     1.704947787e-08
77    -1.765497567e-11     1.577585296e-08     1.575819798e-08
78    -1.628064775e-11     1.458585568e-08     1.456957504e-08
79    -1.502028361e-11     1.348999589e-08      1.34749756e-08
80    -1.386372496e-11     1.248040381e-08     1.246654008e-08
81    -1.280179383e-11      1.15499101e-08      1.15371083e-08
82    -1.182618971e-11     1.069197903e-08     1.068015284e-08
83    -1.092939845e-11     9.900648594e-09     9.889719196e-09
84    -1.010461143e-11     9.170476604e-09     9.160371992e-09
85    -9.345653735e-12     8.496492337e-09     8.487146683e-09
86    -8.646920323e-12     7.874152937e-09     7.865506017e-09
87    -8.003319108e-12     7.299304167e-09     7.291300848e-09
88    -7.410220245e-12     6.768145004e-09     6.760734784e-09
89    -6.863410832e-12     6.277195697e-09     6.270332287e-09
90    -6.359054417e-12     5.823268908e-09     5.816909854e-09
91    -5.893654762e-12     5.403443621e-09     5.397549966e-09
92    -5.464023372e-12     5.015041539e-09     5.009577515e-09
93    -5.067250372e-12     4.655605709e-09     4.650538458e-09
94    -4.700678358e-12     4.322881153e-09     4.318180475e-09
95    -4.361878892e-12     4.014797306e-09     4.010435427e-09
96    -4.048631357e-12     3.729452072e-09     3.725403441e-09
97                   0                   0                   0
98                   0                   0                   0
99                   0                   0                   0
100                   0                   0                   0
101                   0                   0                   0
102                   0                   0                   0
103                   0                   0                   0
104                   0                   0                   0
105                   0                   0                   0
106                   0                   0                   0
107                   0                   0                   0
108                   0                   0                   0
109                   0                   0                   0
110                   0                   0                   0
111                   0                   0                   0
112                   0                   0                   0
113                   0                   0                   0
114                   0                   0                   0
115                   0                   0                   0
116                   0                   0                   0
117                   0                   0                   0
118                   0                   0                   0
119                   0                   0                   0
120                   0                   0                   0
121                   0                   0                   0
122                   0                   0                   0
123                   0                   0                   0
124                   0                   0                   0
125                   0                   0                   0
126                   0                   0                   0
127                   0                   0                   0
128                   0                   0                   0
129                   0                   0                   0
130                   0                   0                   0
131                   0                   0                   0
132                   0                   0                   0
133                   0                   0                   0
134                   0                   0                   0
135                   0                   0                   0
136                   0                   0                   0
137                   0                   0                   0
138                   0                   0                   0
139                   0                   0                   0
140                   0                   0                   0
141                   0                   0                   0
142                   0                   0                   0
143                   0                   0                   0
144                   0                   0                   0
145                   0                   0                   0
146                   0                   0                   0
147                   0                   0                   0
148                   0                   0                   0
149                   0                   0                   0
150                   0                   0                   0
151                   0                   0                   0
152                   0                   0                   0
153                   0                   0                   0
154                   0                   0                   0
155                   0                   0                   0
156                   0                   0                   0
157                   0                   0                   0
158                   0                   0                   0
159                   0                   0                   0
160                   0                   0                   0
161                   0                   0                   0
162                   0                   0                   0
163                   0                   0                   0
164                   0                   0                   0
165                   0                   0                   0
166                   0                   0                   0
167                   0                   0                   0
168                   0                   0                   0
169                   0                   0                   0
170                   0                   0                   0
171                   0                   0                   0
172                   0                   0                   0
173                   0                   0                   0
174                   0                   0                   0
175                   0                   0                   0
176                   0                   0                   0
177                   0                   0                   0
178                   0                   0                   0
179                   0                   0                   0
180                   0                   0                   0
181                   0                   0                   0
182                   0                   0                   0
183                   0                   0                   0
184                   0                   0                   0
185                   0                   0                   0
186                   0                   0                   0
187                   0                   0                   0
188                   0                   0                   0
189                   0                   0                   0
190                   0                   0                   0
191                   0                   0                   0
