
0                             0                             0                             0
1           0.01985682513987523           0.03080298097136759           0.05065980611124282
2        -0.0001521547614796639          0.006483990553283948          0.006331835791804285
3        -0.0001399091680283008          0.002015529303215218          0.001875620135186917
4        -4.537644194834681e-05         0.0008362854235401699         0.0007909089815918231
5          -1.6106066720453e-05         0.0004207598128610411         0.0004046537461405881
6        -6.606486116336838e-06         0.0002405442553378595         0.0002339377692215226
7        -3.072493922679761e-06         0.0001501956806941074         0.0001471231867714276
8        -1.578482276129843e-06         9.997434158052422e-05         9.839585930439437e-05
9        -8.769241268707944e-07         6.984261499660696e-05         6.896569086973616e-05
10        -5.185230301090005e-07         5.067308687529893e-05         5.015456384518993e-05
11        -3.225355285476221e-07         3.789878892010465e-05         3.757625339155703e-05
12        -2.092130031900211e-07         2.905993070496854e-05         2.885071770177852e-05
13        -1.405714585752391e-07         2.275077622932104e-05         2.261020477074581e-05
14        -9.732827451522957e-08          1.81278599991805e-05         1.803053172466527e-05
15        -6.915390177823574e-08         1.466402143289094e-05         1.459486753111271e-05
16        -5.025501582007035e-08         1.201816869823722e-05         1.196791368241715e-05
17        -3.725113342155996e-08         9.962919862759277e-06         9.925668729337717e-06
18        -2.810037728162468e-08           8.3427093337748e-06         8.314608956493175e-06
19        -2.153136973750682e-08         7.048651290482392e-06         7.027119920744885e-06
20        -1.673087526087986e-08         6.002978885514682e-06         5.986248010253802e-06
21        -1.316605001775849e-08         5.149141964500871e-06         5.135975914483112e-06
22        -1.048014476291931e-08         4.445349130519203e-06         4.434868985756284e-06
23        -8.429603684144825e-09         3.860262527060228e-06         3.851832923376083e-06
24        -6.845178095791237e-09         3.370070355443881e-06          3.36322517734809e-06
25        -5.607340908197985e-09         2.956460211301074e-06         2.950852870392876e-06
26        -4.630421757188216e-09         2.605192960066368e-06          2.60056253830918e-06
27        -3.852176402547568e-09         2.305084114972563e-06         2.301231938570016e-06
28        -3.226810289467453e-09         2.047266246146618e-06         2.044039435857151e-06
29        -2.720238045303905e-09          1.82464810727778e-06         1.821927869232476e-06
30        -2.306814871111244e-09          1.63151336487052e-06         1.629206549999409e-06
31        -1.967052060114203e-09         1.463219664046356e-06         1.461252611986242e-06
32        -1.686000086642106e-09         1.315970664077241e-06         1.314284663990599e-06
33        -1.452090661020662e-09         1.186641726235697e-06         1.185189635574677e-06
34        -1.256298313875434e-09         1.072645456081163e-06         1.071389157767287e-06
35        -1.091527059949338e-09         9.718271352670788e-07         9.707356082071295e-07
36        -9.521573632637987e-10         8.823827713524679e-07         8.814306139892041e-07
37        -8.337084540943024e-10          8.02794407804234e-07         8.019606993501397e-07
38        -7.325844635196001e-10         7.317787102942245e-07         7.310461258307049e-07
39        -6.458820225618211e-10         6.682458414668206e-07         6.675999594442588e-07
40         -5.71243326483364e-10          6.11266365171925e-07         6.106951218454416e-07
41        -5.067431058808522e-10         5.600444590836434e-07         5.595377159777625e-07
42        -4.508010817783589e-10          5.13896114932424e-07         5.134453138506456e-07
43        -4.021137157872754e-10         4.722313058010555e-07         4.718291920852682e-07
44        -3.596006720059926e-10         4.345393267634469e-07         4.341797260914409e-07
45        -3.223625709761589e-10         4.003766877267745e-07         4.000543251557984e-07
46        -2.896474660467403e-10         3.693570695234473e-07         3.690674220574006e-07
47        -2.608240981232628e-10         3.411429561889966e-07         3.408821320908734e-07
48        -2.353604485617133e-10         3.154386353754586e-07         3.152032749268969e-07
49        -2.128064561367061e-10         2.919843204777936e-07         2.917715140216569e-07
50        -1.927800240850409e-10         2.705511963844321e-07         2.703584163603471e-07
51        -1.749556398407032e-10         2.509372288703869e-07         2.507622732305462e-07
52        -1.590550796596727e-10         2.329636078481712e-07         2.328045527685115e-07
53         -1.44839784636375e-10         2.164717187359657e-07         2.163268789513293e-07
54         -1.32104582705911e-10         2.013205554369068e-07         2.011884508542009e-07
55         -1.20672499180583e-10          1.87384503878507e-07         1.872638313793264e-07
56        -1.103904512771092e-10          1.74551437533077e-07         1.744410470817999e-07
57        -1.011256633805463e-10         1.627210764457913e-07         1.626199507824108e-07
58        -9.276267219085124e-11         1.518035695180963e-07         1.517108068459055e-07
59        -8.520081643917731e-11         1.417182665074946e-07         1.416330656910555e-07
60        -7.835212608378124e-11          1.32392651707034e-07         1.323142995809503e-07
61        -7.213954196349986e-11         1.237614157935009e-07         1.236892762515374e-07
62        -6.649540972694039e-11         1.157656460684684e-07         1.156991506587415e-07
63        -6.136020213138837e-11         1.083521184092047e-07         1.082907582070733e-07
64        -5.668143212202993e-11         1.014726768156826e-07         1.014159953835606e-07
65                             0                             0                             0
66                             0                             0                             0
67                             0                             0                             0
68                             0                             0                             0
69                             0                             0                             0
70                             0                             0                             0
71                             0                             0                             0
72                             0                             0                             0
73                             0                             0                             0
74                             0                             0                             0
75                             0                             0                             0
76                             0                             0                             0
77                             0                             0                             0
78                             0                             0                             0
79                             0                             0                             0
80                             0                             0                             0
81                             0                             0                             0
82                             0                             0                             0
83                             0                             0                             0
84                             0                             0                             0
85                             0                             0                             0
86                             0                             0                             0
87                             0                             0                             0
88                             0                             0                             0
89                             0                             0                             0
90                             0                             0                             0
91                             0                             0                             0
92                             0                             0                             0
93                             0                             0                             0
94                             0                             0                             0
95                             0                             0                             0
96                             0                             0                             0
97                             0                             0                             0
98                             0                             0                             0
99                             0                             0                             0
100                             0                             0                             0
101                             0                             0                             0
102                             0                             0                             0
103                             0                             0                             0
104                             0                             0                             0
105                             0                             0                             0
106                             0                             0                             0
107                             0                             0                             0
108                             0                             0                             0
109                             0                             0                             0
110                             0                             0                             0
111                             0                             0                             0
112                             0                             0                             0
113                             0                             0                             0
114                             0                             0                             0
115                             0                             0                             0
116                             0                             0                             0
117                             0                             0                             0
118                             0                             0                             0
119                             0                             0                             0
120                             0                             0                             0
121                             0                             0                             0
122                             0                             0                             0
123                             0                             0                             0
124                             0                             0                             0
125                             0                             0                             0
126                             0                             0                             0
127                             0                             0                             0
