0                   0                   0                   0
1        0.0138293369        0.0300298281         0.043859165
2    -0.0008525228844      0.004388893941      0.003536371057
3    -0.0002242705804     0.0007940889738     0.0005698183934
4    -4.987265899e-05     0.0001681399152     0.0001182672563
5    -1.181661448e-05     3.974218631e-05     2.792557183e-05
6    -3.011613793e-06     1.013747799e-05     7.125864195e-06
7    -8.138626934e-07     2.728571525e-06     1.914708832e-06
8    -2.298704465e-07     7.636302498e-07     5.337598033e-07
9    -6.711646144e-08     2.200626474e-07      1.52946186e-07
10    -2.009929801e-08     6.487076486e-08     4.477146685e-08
11    -6.139234792e-09     1.947023269e-08      1.33309979e-08
12    -1.904929458e-09     5.929922448e-09      4.02499299e-09
13    -5.986660532e-10     1.828065319e-09     1.229399266e-09
14    -1.901338722e-10     5.693322118e-10     3.791983395e-10
15    -6.091949221e-11     1.788630252e-10      1.17943533e-10
16    -1.966481916e-11     5.661595409e-11     3.695113493e-11
17    -6.388442757e-12      1.80385861e-11     1.165014334e-11
18     -2.08687107e-12     5.780547531e-12     3.693676461e-12
19    -6.849904637e-13     1.861890096e-12     1.176899632e-12
20    -2.257915285e-13     6.024475897e-13     3.766560612e-13
21    -7.470552515e-14     1.957324018e-13     1.210268766e-13
22    -2.479938087e-14     6.382809233e-14     3.902871146e-14
23    -8.256954862e-15     2.088421272e-14     1.262725786e-14
24    -2.756510865e-15     6.854134046e-15     4.097623181e-15
25    -9.224608671e-16     2.255811656e-15     1.333350789e-15
26    -3.093764326e-16     7.443377853e-16     4.349613526e-16
27    -1.039662887e-16     2.461881155e-16     1.422218269e-16
28    -3.500171613e-17     8.160495395e-17     4.660323783e-17
29    -1.180352988e-17     2.710500093e-17     1.530147105e-17
30    -3.986594388e-18     9.019948601e-18     5.033354213e-18
31    -1.348366773e-18     3.006941359e-18     1.658574586e-18
32    -4.566502415e-19     1.004065573e-18     5.474153312e-19
33    -1.548415895e-19     3.357918309e-19     1.809502413e-19
34    -5.256330062e-20     1.124625653e-19     5.989926468e-20
35    -1.786220873e-20     3.771709197e-20     1.985488323e-20
36    -6.075959373e-21     1.266562321e-20     6.589663836e-21
37    -2.068684169e-21     4.258353876e-21     2.189669708e-21
38    -7.049334097e-22     1.433359062e-21     7.284256518e-22
39    -2.404106591e-22     4.829918904e-22     2.425812313e-22
40    -8.205218924e-23     1.629190489e-22     8.086685962e-23
41     -2.80245282e-23     5.500833694e-23     2.698380873e-23
42    -9.578126015e-24     1.859040666e-23      9.01228065e-24
43    -3.275674205e-24     6.288305034e-24     3.012630829e-24
44     -1.12094383e-24     2.128847835e-24     1.007904006e-24
45    -3.838099335e-25     7.212821154e-25     3.374721819e-25
46    -1.314876675e-25     2.445679666e-25     1.130802992e-25
47     -4.50690551e-26     8.298760271e-26     3.791854762e-26
48    -1.545558756e-26     2.817944371e-26     1.272385615e-26
49                   0                   0                   0
50                   0                   0                   0
51                   0                   0                   0
52                   0                   0                   0
53                   0                   0                   0
54                   0                   0                   0
55                   0                   0                   0
56                   0                   0                   0
57                   0                   0                   0
58                   0                   0                   0
59                   0                   0                   0
60                   0                   0                   0
61                   0                   0                   0
62                   0                   0                   0
63                   0                   0                   0
64                   0                   0                   0
65                   0                   0                   0
66                   0                   0                   0
67                   0                   0                   0
68                   0                   0                   0
69                   0                   0                   0
70                   0                   0                   0
71                   0                   0                   0
72                   0                   0                   0
73                   0                   0                   0
74                   0                   0                   0
75                   0                   0                   0
76                   0                   0                   0
77                   0                   0                   0
78                   0                   0                   0
79                   0                   0                   0
80                   0                   0                   0
81                   0                   0                   0
82                   0                   0                   0
83                   0                   0                   0
84                   0                   0                   0
85                   0                   0                   0
86                   0                   0                   0
87                   0                   0                   0
88                   0                   0                   0
89                   0                   0                   0
90                   0                   0                   0
91                   0                   0                   0
92                   0                   0                   0
93                   0                   0                   0
94                   0                   0                   0
95                   0                   0                   0
