0                   0                   0                   0
1       0.00248409147       0.04137507353         0.043859165
2     -0.001651081524      0.005187452581      0.003536371057
3    -0.0002960110247     0.0008658294181     0.0005698183934
4    -5.893077579e-05      0.000177198032     0.0001182672563
5    -1.349155811e-05     4.141712994e-05     2.792557183e-05
6    -3.418905146e-06     1.054476934e-05     7.125864195e-06
7    -9.273062897e-07     2.842015121e-06     1.914708832e-06
8    -2.633767246e-07     7.971365279e-07     5.337598033e-07
9    -7.728661516e-08     2.302328012e-07      1.52946186e-07
10    -2.323426173e-08     6.800572858e-08     4.477146685e-08
11    -7.115944281e-09     2.044694218e-08      1.33309979e-08
12    -2.211795838e-09     6.236788829e-09      4.02499299e-09
13    -6.957665295e-10     1.925165795e-09     1.229399266e-09
14     -2.21050587e-10     6.002489265e-10     3.791983395e-10
15    -7.081787711e-11     1.887614101e-10      1.17943533e-10
16    -2.284964863e-11     5.980078356e-11     3.695113493e-11
17    -7.417756654e-12     1.906789999e-11     1.165014334e-11
18    -2.420886889e-12     6.114563351e-12     3.693676461e-12
19    -7.937794622e-13     1.970679094e-12     1.176899632e-12
20    -2.613434004e-13     6.379994617e-13     3.766560612e-13
21    -8.635957708e-14     2.073864537e-13     1.210268766e-13
22    -2.863045029e-14     6.765916175e-14     3.902871146e-14
23     -9.51964122e-15     2.214689908e-14     1.262725786e-14
24    -3.173685258e-15     7.271308438e-15     4.097623181e-15
25    -1.060597817e-15     2.393948606e-15     1.333350789e-15
26    -3.552120853e-16     7.901734379e-16     4.349613526e-16
27    -1.192045867e-16     2.614264136e-16     1.422218269e-16
28    -4.007691608e-17     8.668015391e-17     4.660323783e-17
29    -1.349670918e-17     2.879818023e-17     1.530147105e-17
30    -4.552364424e-18     9.585718637e-18     5.033354213e-18
31    -1.537698041e-18     3.196272627e-18     1.658574586e-18
32    -5.200973744e-19     1.067512706e-18     5.474153312e-19
33    -1.761315086e-19       3.5708175e-19     1.809502413e-19
34    -5.971610508e-20     1.196153698e-19     5.989926468e-20
35     -2.02681753e-20     4.012305853e-20     1.985488323e-20
36    -6.886148845e-21     1.347581268e-20     6.589663836e-21
37    -2.341797147e-21     4.531466854e-21     2.189669708e-21
38    -7.970915394e-22     1.525517191e-21     7.284256518e-22
39    -2.715377887e-22       5.1411902e-22     2.425812313e-22
40    -9.257516753e-23     1.734420271e-22     8.086685962e-23
41     -3.15850522e-23     5.856886093e-23     2.698380873e-23
42    -1.078384898e-23     1.979612963e-23      9.01228065e-24
43    -3.684297776e-24     6.696928605e-24     3.012630829e-24
44     -1.25953211e-24     2.267436115e-24     1.007904006e-24
45    -4.308472692e-25      7.68319451e-25     3.374721819e-25
46    -1.474633286e-25     2.605436278e-25     1.130802992e-25
47     -5.04985883e-26     8.841713591e-26     3.791854762e-26
48    -1.730205661e-26     3.002591276e-26     1.272385615e-26
49                   0                   0                   0
50                   0                   0                   0
51                   0                   0                   0
52                   0                   0                   0
53                   0                   0                   0
54                   0                   0                   0
55                   0                   0                   0
56                   0                   0                   0
57                   0                   0                   0
58                   0                   0                   0
59                   0                   0                   0
60                   0                   0                   0
61                   0                   0                   0
62                   0                   0                   0
63                   0                   0                   0
64                   0                   0                   0
65                   0                   0                   0
66                   0                   0                   0
67                   0                   0                   0
68                   0                   0                   0
69                   0                   0                   0
70                   0                   0                   0
71                   0                   0                   0
72                   0                   0                   0
73                   0                   0                   0
74                   0                   0                   0
75                   0                   0                   0
76                   0                   0                   0
77                   0                   0                   0
78                   0                   0                   0
79                   0                   0                   0
80                   0                   0                   0
81                   0                   0                   0
82                   0                   0                   0
83                   0                   0                   0
84                   0                   0                   0
85                   0                   0                   0
86                   0                   0                   0
87                   0                   0                   0
88                   0                   0                   0
89                   0                   0                   0
90                   0                   0                   0
91                   0                   0                   0
92                   0                   0                   0
93                   0                   0                   0
94                   0                   0                   0
95                   0                   0                   0
