
0                   0                   0                   0
1       0.01834285581        0.0310725644        0.0494154202
2    -0.0003877105391      0.005965597716      0.005577887177
3    -0.0001904651007      0.001582652816      0.001392187716
4    -5.906964263e-05     0.0005284796739     0.0004694100313
5    -2.024917721e-05     0.0002049014983     0.0001846523211
6    -7.817910717e-06     8.747403957e-05     7.965612886e-05
7    -3.311445641e-06      3.98285462e-05     3.651710056e-05
8    -1.500583504e-06     1.897445931e-05     1.747387581e-05
9    -7.143583951e-07     9.345322186e-06     8.630963791e-06
10     -3.52832348e-07     4.721128735e-06     4.368296387e-06
11    -1.792599241e-07     2.433164386e-06     2.253904462e-06
12    -9.311676405e-08     1.274356139e-06     1.181239375e-06
13    -4.923757013e-08     6.763392394e-07     6.271016692e-07
14    -2.641647456e-08     3.629557284e-07     3.365392538e-07
15    -1.434460845e-08      1.96621068e-07     1.822764596e-07
16    -7.868761925e-09     1.073787635e-07     9.951000162e-08
17    -4.353839384e-09     5.905494499e-08      5.47011056e-08
18    -2.426955931e-09     3.267883449e-08     3.025187856e-08
19    -1.361598135e-09     1.818183848e-08     1.682024035e-08
20    -7.682165634e-10      1.01650565e-08     9.396839934e-09
21    -4.355875226e-10     5.707724859e-09     5.272137337e-09
22    -2.480735693e-10     3.217440956e-09     2.969367387e-09
23    -1.418380048e-10     1.820086539e-09     1.678248534e-09
24    -8.138340722e-11     1.032924727e-09       9.5154132e-10
25    -4.684455467e-11     5.879220613e-10     5.410775066e-10
26    -2.704155291e-11     3.355363308e-10     3.084947779e-10
27    -1.565091217e-11     1.919706966e-10     1.763197845e-10
28    -9.079954056e-12     1.100838227e-10     1.010038687e-10
29    -5.279296607e-12     6.326039919e-11     5.798110258e-11
30    -3.075668378e-12     3.642459515e-11     3.334892677e-11
31    -1.795168803e-12     2.101131246e-11     1.921614366e-11
32    -1.049571877e-12     1.214099801e-11     1.109142613e-11
33    -6.146181713e-13     7.026686384e-12     6.412068213e-12
34     -3.60442274e-13     4.072849963e-12     3.712407689e-12
35    -2.116697638e-13     2.364060142e-12     2.152390378e-12
36    -1.244613866e-13     1.374026072e-12     1.249564685e-12
37    -7.327010613e-14     7.996039233e-13     7.263338172e-13
38    -4.318196029e-14     4.658737356e-13     4.226917753e-13
39    -2.547599348e-14     2.717360262e-13     2.462600327e-13
40     -1.50447729e-14     1.586669197e-13     1.436221468e-13
41    -8.892844101e-15     9.273895363e-14     8.384610953e-14
42    -5.261058424e-15     5.425663282e-14     4.899557439e-14
43    -3.115026135e-15     3.177153047e-14     2.865650434e-14
44    -1.845809061e-15     1.862084269e-14     1.677503363e-14
45    -1.094536491e-15     1.092242259e-14     9.827886101e-15
46    -6.494943038e-16     6.411812415e-15     5.762318111e-15
47    -3.856617267e-16     3.766774748e-15     3.381113021e-15
48    -2.291444825e-16     2.214477701e-15     1.985333219e-15
49                   0                   0                   0
50                   0                   0                   0
51                   0                   0                   0
52                   0                   0                   0
53                   0                   0                   0
54                   0                   0                   0
55                   0                   0                   0
56                   0                   0                   0
57                   0                   0                   0
58                   0                   0                   0
59                   0                   0                   0
60                   0                   0                   0
61                   0                   0                   0
62                   0                   0                   0
63                   0                   0                   0
64                   0                   0                   0
65                   0                   0                   0
66                   0                   0                   0
67                   0                   0                   0
68                   0                   0                   0
69                   0                   0                   0
70                   0                   0                   0
71                   0                   0                   0
72                   0                   0                   0
73                   0                   0                   0
74                   0                   0                   0
75                   0                   0                   0
76                   0                   0                   0
77                   0                   0                   0
78                   0                   0                   0
79                   0                   0                   0
80                   0                   0                   0
81                   0                   0                   0
82                   0                   0                   0
83                   0                   0                   0
84                   0                   0                   0
85                   0                   0                   0
86                   0                   0                   0
87                   0                   0                   0
88                   0                   0                   0
89                   0                   0                   0
90                   0                   0                   0
91                   0                   0                   0
92                   0                   0                   0
93                   0                   0                   0
94                   0                   0                   0
95                   0                   0                   0
