
0                   0                   0                   0
1       0.01985118323       0.03080766122       0.05065884446
2    -0.0001531387803      0.006484095622      0.006330956842
3    -0.0001401737644      0.002014983006      0.001874809242
4    -4.547748758e-05     0.0008356342201     0.0007901567325
5     -1.61546958e-05     0.0004201079261     0.0004039532303
6     -6.63353642e-06     0.0002399170952     0.0002332835588
7    -3.089040743e-06     0.0001495998812     0.0001465108405
8    -1.589300665e-06      9.94109421e-05     9.782164143e-05
9    -8.843537794e-07     6.931074981e-05     6.842639603e-05
10    -5.238219609e-07     5.017122244e-05     4.964740047e-05
11    -3.264295323e-07     3.742519143e-05      3.70987619e-05
12    -2.121446739e-07     2.861285547e-05      2.84007108e-05
13    -1.428230581e-07     2.232854561e-05     2.218572255e-05
14    -9.908659954e-08     1.772889354e-05     1.762980694e-05
15     -7.05464763e-08     1.428684465e-05     1.421629818e-05
16    -5.137123706e-08     1.166141219e-05     1.161004095e-05
17    -3.815511944e-08     9.625314145e-06     9.587159025e-06
18    -2.883903954e-08     8.023078024e-06     7.994238985e-06
19    -2.213963573e-08     6.745903844e-06     6.723764209e-06
20    -1.723515509e-08     5.716103499e-06     5.698868344e-06
21    -1.358659024e-08     4.877198908e-06     4.863612318e-06
22    -1.083265928e-08     4.187464609e-06      4.17663195e-06
23    -8.726424467e-09     3.615623093e-06     3.606896668e-06
24    -7.096080511e-09     3.137917848e-06     3.130821768e-06
25                   0                   0                   0
26                   0                   0                   0
27                   0                   0                   0
28                   0                   0                   0
29                   0                   0                   0
30                   0                   0                   0
31                   0                   0                   0
32                   0                   0                   0
33                   0                   0                   0
34                   0                   0                   0
35                   0                   0                   0
36                   0                   0                   0
37                   0                   0                   0
38                   0                   0                   0
39                   0                   0                   0
40                   0                   0                   0
41                   0                   0                   0
42                   0                   0                   0
43                   0                   0                   0
44                   0                   0                   0
45                   0                   0                   0
46                   0                   0                   0
47                   0                   0                   0
