
0                   0                   0                   0
1      0.006010700938       0.04464814352       0.05065884446
2     -0.001210337648       0.00754129449      0.006330956842
3    -0.0002367215347      0.002111530777      0.001874809242
4    -5.592194482e-05     0.0008460786774     0.0007901567325
5    -1.750724064e-05     0.0004214604709     0.0004039532303
6    -6.849237828e-06     0.0002401327966     0.0002332835588
7    -3.132614887e-06     0.0001496434554     0.0001465108405
8    -1.600564613e-06     9.942220604e-05     9.782164143e-05
9    -8.880711952e-07     6.931446723e-05     6.842639603e-05
10    -5.253884268e-07      5.01727889e-05     4.964740047e-05
11    -3.272656301e-07     3.742602753e-05      3.70987619e-05
12    -2.126886776e-07     2.861339948e-05      2.84007108e-05
13    -1.432292279e-07     2.232895178e-05     2.218572255e-05
14     -9.94159965e-08     1.772922294e-05     1.762980694e-05
15    -7.082623592e-08     1.428712441e-05     1.421629818e-05
16    -5.161497633e-08     1.166165593e-05     1.161004095e-05
17    -3.837058449e-08      9.62552961e-06     9.587159025e-06
18    -2.903119057e-08     8.023270175e-06     7.994238985e-06
19    -2.231197925e-08     6.746076188e-06     6.723764209e-06
20    -1.739035969e-08     5.716258704e-06     5.698868344e-06
21    -1.372679226e-08      4.87733911e-06     4.863612318e-06
22    -1.095962681e-08     4.187591577e-06      4.17663195e-06
23    -8.841652802e-09     3.615738321e-06     3.606896668e-06
24    -7.200852404e-09      3.13802262e-06     3.130821768e-06
25                   0                   0                   0
26                   0                   0                   0
27                   0                   0                   0
28                   0                   0                   0
29                   0                   0                   0
30                   0                   0                   0
31                   0                   0                   0
32                   0                   0                   0
33                   0                   0                   0
34                   0                   0                   0
35                   0                   0                   0
36                   0                   0                   0
37                   0                   0                   0
38                   0                   0                   0
39                   0                   0                   0
40                   0                   0                   0
41                   0                   0                   0
42                   0                   0                   0
43                   0                   0                   0
44                   0                   0                   0
45                   0                   0                   0
46                   0                   0                   0
47                   0                   0                   0
