
0                   0                   0                   0
1       0.01986454803       0.03079604352       0.05066059155
2    -0.0001508063359      0.006483380043      0.006332573707
3    -0.0001395457344      0.002015863681      0.001876317946
4    -4.523713069e-05     0.0008368086103     0.0007915714796
5    -1.603868599e-05     0.0004213231545     0.0004052844686
6    -6.568773991e-06     0.0002411082864     0.0002345395124
7    -3.049257187e-06     0.0001507475125     0.0001476982553
8    -1.563162552e-06     0.0001005093692     9.894620667e-05
9    -8.663033559e-07     7.035931021e-05     6.949300686e-05
10    -5.108680786e-07     5.117120082e-05     5.066033274e-05
11    -3.168446191e-07     3.837863927e-05     3.806179466e-05
12    -2.048739577e-07     2.952208952e-05     2.931721556e-05
13    -1.371929425e-07     2.319592342e-05     2.305873047e-05
14     -9.46506295e-08      1.85567113e-05     1.846206067e-05
15    -6.699934873e-08     1.507729211e-05     1.501029276e-05
16    -4.849853112e-08     1.241655527e-05     1.236805674e-05
17    -3.580273493e-08      1.03470912e-05     1.031128847e-05
18    -2.689398096e-08     8.713302824e-06     8.686408843e-06
19    -2.051757122e-08     7.406271705e-06     7.385754134e-06
20    -1.587215199e-08     6.348198746e-06     6.332326594e-06
21    -1.243349873e-08     5.482502678e-06     5.470069179e-06
22    -9.851217521e-09     4.767362506e-06     4.757511289e-06
23    -7.886507766e-09     4.171412459e-06     4.163525951e-06
24     -6.37372641e-09     3.670814531e-06     3.664440805e-06
25    -5.196113575e-09     3.247231789e-06     3.242035676e-06
26    -4.270146257e-09     2.886402168e-06     2.882132022e-06
27    -3.535263555e-09     2.577119757e-06     2.573584493e-06
28     -2.94700288e-09     2.310497107e-06     2.307550104e-06
29    -2.472341924e-09     2.079424259e-06     2.076951917e-06
30    -2.086491142e-09     1.878167373e-06     1.876080882e-06
31    -1.770655016e-09     1.702067706e-06     1.700297051e-06
32    -1.510449751e-09     1.547313556e-06     1.545803106e-06
33    -1.294771754e-09     1.410765876e-06     1.409471104e-06
34    -1.114979569e-09     1.289823742e-06     1.288708762e-06
35    -9.642963501e-10     1.182319715e-06     1.181355418e-06
36    -8.373691964e-10     1.086437834e-06     1.085600465e-06
37    -7.299412249e-10     1.000648869e-06     9.999189274e-07
38    -6.386054434e-10     9.236588545e-07      9.23020249e-07
39    -5.606185345e-10     8.543679219e-07     8.538073033e-07
40    -4.937588889e-10     7.918371577e-07     7.913433988e-07
41    -4.362175941e-10     7.352617792e-07     7.348255616e-07
42    -3.865141539e-10      6.83949299e-07     6.835627848e-07
43    -3.434309056e-10     6.373016598e-07     6.369582289e-07
44    -3.059616714e-10     5.948005454e-07     5.944945837e-07
45     -2.73271318e-10     5.559952458e-07     5.557219745e-07
46    -2.446637292e-10     5.204925888e-07      5.20247925e-07
47     -2.19556305e-10     4.879485484e-07     4.877289921e-07
48    -1.974595542e-10     4.580612245e-07     4.578637649e-07
49    -1.779606832e-10     4.305649449e-07     4.303869842e-07
50    -1.607103369e-10      4.05225293e-07     4.050645827e-07
51    -1.454118378e-10     3.818349003e-07     3.816894885e-07
52    -1.318124162e-10      3.60209874e-07     3.600780616e-07
53    -1.196960329e-10     3.401867537e-07     3.400670576e-07
54    -1.088774818e-10     3.216199112e-07     3.215110337e-07
55    -9.919752638e-11     3.043793213e-07     3.042801237e-07
56    -9.051887383e-11     2.883486456e-07     2.882581267e-07
57    -8.272283083e-11     2.734235808e-07      2.73340858e-07
58    -7.570651606e-11     2.595104308e-07     2.594347243e-07
59    -6.938052941e-11     2.465248688e-07     2.464554883e-07
60    -6.366699666e-11     2.343908628e-07     2.343271959e-07
61    -5.849792432e-11     2.230397386e-07     2.229812407e-07
62    -5.381381129e-11     2.124093624e-07     2.123555486e-07
63    -4.956247388e-11     2.024434253e-07     2.023938629e-07
64    -4.569804885e-11     1.930908165e-07     1.930451185e-07
65    -4.218014496e-11     1.843050714e-07     1.842628912e-07
66     -3.89731193e-11     1.760438863e-07     1.760049132e-07
67    -3.604545844e-11     1.682686905e-07      1.68232645e-07
68    -3.336924781e-11     1.609442671e-07     1.609108978e-07
69    -3.091971588e-11     1.540384177e-07      1.54007498e-07
70    -2.867484154e-11     1.475216651e-07     1.474929903e-07
71    -2.661501524e-11     1.413669885e-07     1.413403735e-07
72    -2.472274587e-11     1.355495878e-07     1.355248651e-07
73    -2.298240676e-11      1.30046674e-07     1.300236915e-07
74    -2.138001499e-11     1.248372809e-07     1.248159009e-07
75    -1.990303942e-11     1.199020979e-07     1.198821948e-07
76    -1.854023326e-11     1.152233188e-07     1.152047786e-07
77    -1.728148786e-11     1.107845073e-07     1.107672259e-07
78    -1.611770477e-11     1.065704754e-07     1.065543577e-07
79    -1.504068351e-11     1.025671742e-07     1.025521335e-07
80    -1.404302311e-11     9.876159537e-08     9.874755235e-08
81                   0                   0                   0
82                   0                   0                   0
83                   0                   0                   0
84                   0                   0                   0
85                   0                   0                   0
86                   0                   0                   0
87                   0                   0                   0
88                   0                   0                   0
89                   0                   0                   0
90                   0                   0                   0
91                   0                   0                   0
92                   0                   0                   0
93                   0                   0                   0
94                   0                   0                   0
95                   0                   0                   0
96                   0                   0                   0
97                   0                   0                   0
98                   0                   0                   0
99                   0                   0                   0
100                   0                   0                   0
101                   0                   0                   0
102                   0                   0                   0
103                   0                   0                   0
104                   0                   0                   0
105                   0                   0                   0
106                   0                   0                   0
107                   0                   0                   0
108                   0                   0                   0
109                   0                   0                   0
110                   0                   0                   0
111                   0                   0                   0
112                   0                   0                   0
113                   0                   0                   0
114                   0                   0                   0
115                   0                   0                   0
116                   0                   0                   0
117                   0                   0                   0
118                   0                   0                   0
119                   0                   0                   0
120                   0                   0                   0
121                   0                   0                   0
122                   0                   0                   0
123                   0                   0                   0
124                   0                   0                   0
125                   0                   0                   0
126                   0                   0                   0
127                   0                   0                   0
128                   0                   0                   0
129                   0                   0                   0
130                   0                   0                   0
131                   0                   0                   0
132                   0                   0                   0
133                   0                   0                   0
134                   0                   0                   0
135                   0                   0                   0
136                   0                   0                   0
137                   0                   0                   0
138                   0                   0                   0
139                   0                   0                   0
140                   0                   0                   0
141                   0                   0                   0
142                   0                   0                   0
143                   0                   0                   0
144                   0                   0                   0
145                   0                   0                   0
146                   0                   0                   0
147                   0                   0                   0
148                   0                   0                   0
149                   0                   0                   0
150                   0                   0                   0
151                   0                   0                   0
152                   0                   0                   0
153                   0                   0                   0
154                   0                   0                   0
155                   0                   0                   0
156                   0                   0                   0
157                   0                   0                   0
158                   0                   0                   0
159                   0                   0                   0
