
0                   0                   0                   0
1      0.006017535577       0.04464305597       0.05066059155
2     -0.001208919441      0.007541493148      0.006332573707
3    -0.0002362491993      0.002112567146      0.001876317946
4    -5.571489443e-05     0.0008472863741     0.0007915714796
5    -1.739999242e-05      0.000422684461     0.0004052844686
6    -6.787047571e-06       0.00024132656     0.0002345395124
7    -3.093505754e-06     0.0001507917611     0.0001476982553
8    -1.574438251e-06     0.0001005206449     9.894620667e-05
9    -8.697894765e-07     7.036279634e-05     6.949300686e-05
10    -5.121202961e-07     5.117245304e-05     5.066033274e-05
11    -3.173489678e-07     3.837914362e-05     3.806179466e-05
12    -2.050960807e-07     2.952231164e-05     2.931721556e-05
13    -1.372980717e-07     2.319602855e-05     2.305873047e-05
14     -9.47034409e-08     1.855676411e-05     1.846206067e-05
15    -6.702724754e-08     1.507732001e-05     1.501029276e-05
16    -4.851391947e-08     1.241657066e-05     1.236805674e-05
17    -3.581154712e-08     1.034710002e-05     1.031128847e-05
18    -2.689919613e-08      8.71330804e-06     8.686408843e-06
19     -2.05207489e-08     7.406274882e-06     7.385754134e-06
20    -1.587413921e-08     6.348200733e-06     6.332326594e-06
21     -1.24347709e-08      5.48250395e-06     5.470069179e-06
22    -9.852049347e-09     4.767363338e-06     4.757511289e-06
23     -7.88706227e-09     4.171413013e-06     4.163525951e-06
24    -6.374102653e-09     3.670814908e-06     3.664440805e-06
25    -5.196373079e-09     3.247232049e-06     3.242035676e-06
26    -4.270327993e-09      2.88640235e-06     2.882132022e-06
27    -3.535392666e-09     2.577119886e-06     2.573584493e-06
28    -2.947095858e-09       2.3104972e-06     2.307550104e-06
29    -2.472409758e-09     2.079424326e-06     2.076951917e-06
30    -2.086541257e-09     1.878167423e-06     1.876080882e-06
31    -1.770692499e-09     1.702067743e-06     1.700297051e-06
32    -1.510478129e-09     1.547313584e-06     1.545803106e-06
33    -1.294793501e-09     1.410765898e-06     1.409471104e-06
34    -1.114996439e-09     1.289823759e-06     1.288708762e-06
35    -9.643096002e-10     1.182319728e-06     1.181355418e-06
36     -8.37379736e-10     1.086437844e-06     1.085600465e-06
37    -7.299497173e-10     1.000648877e-06     9.999189274e-07
38     -6.38612377e-10     9.236588614e-07      9.23020249e-07
39    -5.606242716e-10     8.543679276e-07     8.538073033e-07
40    -4.937637004e-10     7.918371625e-07     7.913433988e-07
41    -4.362216841e-10     7.352617833e-07     7.348255616e-07
42    -3.865176771e-10     6.839493025e-07     6.835627848e-07
43    -3.434339801e-10     6.373016629e-07     6.369582289e-07
44     -3.05964388e-10     5.948005481e-07     5.944945837e-07
45    -2.732737469e-10     5.559952482e-07     5.557219745e-07
46     -2.44665925e-10      5.20492591e-07      5.20247925e-07
47    -2.195583104e-10     4.879485504e-07     4.877289921e-07
48    -1.974614027e-10     4.580612263e-07     4.578637649e-07
49    -1.779624015e-10     4.305649466e-07     4.303869842e-07
50    -1.607119459e-10     4.052252946e-07     4.050645827e-07
51    -1.454133545e-10     3.818349019e-07     3.816894885e-07
52    -1.318138543e-10     3.602098754e-07     3.600780616e-07
53    -1.196974033e-10      3.40186755e-07     3.400670576e-07
54    -1.088787934e-10     3.216199125e-07     3.215110337e-07
55    -9.919878651e-11     3.043793225e-07     3.042801237e-07
56    -9.052008847e-11     2.883486468e-07     2.882581267e-07
57    -8.272400493e-11      2.73423582e-07      2.73340858e-07
58    -7.570765374e-11     2.595104319e-07     2.594347243e-07
59    -6.938163411e-11     2.465248699e-07     2.464554883e-07
60    -6.366807129e-11     2.343908639e-07     2.343271959e-07
61    -5.849897132e-11     2.230397397e-07     2.229812407e-07
62    -5.381483275e-11     2.124093634e-07     2.123555486e-07
63     -4.95634716e-11     2.024434263e-07     2.023938629e-07
64    -4.569902437e-11     1.930908175e-07     1.930451185e-07
65    -4.218109962e-11     1.843050723e-07     1.842628912e-07
66    -3.897405428e-11     1.760438872e-07     1.760049132e-07
67    -3.604637477e-11     1.682686914e-07      1.68232645e-07
68    -3.337014641e-11      1.60944268e-07     1.609108978e-07
69    -3.092059757e-11     1.540384186e-07      1.54007498e-07
70    -2.867570705e-11      1.47521666e-07     1.474929903e-07
71    -2.661586522e-11     1.413669893e-07     1.413403735e-07
72    -2.472358094e-11     1.355495886e-07     1.355248651e-07
73    -2.298322745e-11     1.300466748e-07     1.300236915e-07
74    -2.138082181e-11     1.248372817e-07     1.248159009e-07
75    -1.990383284e-11     1.199020987e-07     1.198821948e-07
76     -1.85410137e-11     1.152233196e-07     1.152047786e-07
77    -1.728225574e-11     1.107845081e-07     1.107672259e-07
78    -1.611846045e-11     1.065704762e-07     1.065543577e-07
79    -1.504142734e-11      1.02567175e-07     1.025521335e-07
80    -1.404375544e-11     9.876159611e-08     9.874755235e-08
81                   0                   0                   0
82                   0                   0                   0
83                   0                   0                   0
84                   0                   0                   0
85                   0                   0                   0
86                   0                   0                   0
87                   0                   0                   0
88                   0                   0                   0
89                   0                   0                   0
90                   0                   0                   0
91                   0                   0                   0
92                   0                   0                   0
93                   0                   0                   0
94                   0                   0                   0
95                   0                   0                   0
96                   0                   0                   0
97                   0                   0                   0
98                   0                   0                   0
99                   0                   0                   0
100                   0                   0                   0
101                   0                   0                   0
102                   0                   0                   0
103                   0                   0                   0
104                   0                   0                   0
105                   0                   0                   0
106                   0                   0                   0
107                   0                   0                   0
108                   0                   0                   0
109                   0                   0                   0
110                   0                   0                   0
111                   0                   0                   0
112                   0                   0                   0
113                   0                   0                   0
114                   0                   0                   0
115                   0                   0                   0
116                   0                   0                   0
117                   0                   0                   0
118                   0                   0                   0
119                   0                   0                   0
120                   0                   0                   0
121                   0                   0                   0
122                   0                   0                   0
123                   0                   0                   0
124                   0                   0                   0
125                   0                   0                   0
126                   0                   0                   0
127                   0                   0                   0
128                   0                   0                   0
129                   0                   0                   0
130                   0                   0                   0
131                   0                   0                   0
132                   0                   0                   0
133                   0                   0                   0
134                   0                   0                   0
135                   0                   0                   0
136                   0                   0                   0
137                   0                   0                   0
138                   0                   0                   0
139                   0                   0                   0
140                   0                   0                   0
141                   0                   0                   0
142                   0                   0                   0
143                   0                   0                   0
144                   0                   0                   0
145                   0                   0                   0
146                   0                   0                   0
147                   0                   0                   0
148                   0                   0                   0
149                   0                   0                   0
150                   0                   0                   0
151                   0                   0                   0
152                   0                   0                   0
153                   0                   0                   0
154                   0                   0                   0
155                   0                   0                   0
156                   0                   0                   0
157                   0                   0                   0
158                   0                   0                   0
159                   0                   0                   0
