
0                   0                   0                   0
1       0.01986458452        0.0307960073       0.05066059182
2    -0.0001507999627       0.00648337394      0.006332573978
3    -0.0001395440159      0.002015862232      0.001876318216
4    -4.523647193e-05     0.0008368082191     0.0007915717472
5     -1.60383676e-05     0.0004213231022     0.0004052847346
6    -6.568596131e-06     0.0002411083731     0.0002345397769
7    -3.049147982e-06     0.0001507476664     0.0001476985184
8    -1.563090953e-06     0.0001005095594      9.89464684e-05
9    -8.662541156e-07     7.035952136e-05     6.949326724e-05
10    -5.108329784e-07      5.11714248e-05     5.066059182e-05
11    -3.168189038e-07     3.837887136e-05     3.806205246e-05
12    -2.048547178e-07     2.952232684e-05     2.931747212e-05
13     -1.37178316e-07     2.319616412e-05     2.305898581e-05
14    -9.463937914e-08     1.855695418e-05      1.84623148e-05
15    -6.699062617e-08     1.507753635e-05     1.501054572e-05
16    -4.849173879e-08     1.241680029e-05     1.236830855e-05
17    -3.579744197e-08     1.034733659e-05     1.031153915e-05
18    -2.688987036e-08     8.713548276e-06     8.686658406e-06
19     -2.05144055e-08     7.406517004e-06     7.386002598e-06
20    -1.586975037e-08     6.348443728e-06     6.332573978e-06
21    -1.243172168e-08     5.482747219e-06     5.470315497e-06
22    -9.849955875e-09     4.767606513e-06     4.757756557e-06
23    -7.885675184e-09     4.171655859e-06     4.163770183e-06
24     -6.37325385e-09     3.671057269e-06     3.664684015e-06
25      -5.1959453e-09     3.247473822e-06     3.242277877e-06
26     -4.27023687e-09     2.886643463e-06     2.882373226e-06
27     -3.53557578e-09     2.577360289e-06     2.573824713e-06
28    -2.947505879e-09     2.310736856e-06      2.30778935e-06
29    -2.473010005e-09     2.079663211e-06     2.077190201e-06
30    -2.087302762e-09     1.878405518e-06     1.876318216e-06
31    -1.771592004e-09     1.702305036e-06     1.700533444e-06
32    -1.511496693e-09     1.547550065e-06     1.546038569e-06
33    -1.295915503e-09     1.411001562e-06     1.409705647e-06
34    -1.116208859e-09     1.290058602e-06     1.288942393e-06
35    -9.656014815e-10     1.182553749e-06     1.181588147e-06
36    -8.387417816e-10     1.086671042e-06     1.085832301e-06
37    -7.313739804e-10     1.000881253e-06     1.000149879e-06
38    -6.400920202e-10     9.238904168e-07     9.232503248e-07
39    -5.621533777e-10     8.545986648e-07     8.540365114e-07
40    -4.953371214e-10     7.920670843e-07     7.915717472e-07
41    -4.378349195e-10     7.354908931e-07     7.350530582e-07
42    -3.881667757e-10     6.841776039e-07     6.837894372e-07
43    -3.451154587e-10     6.375291599e-07     6.371840444e-07
44    -3.076751646e-10     5.950272448e-07     5.947195697e-07
45    -2.750110852e-10      5.56221149e-07      5.55946138e-07
46    -2.464273879e-10     5.207177003e-07     5.204712729e-07
47    -2.213417208e-10     4.881728729e-07     4.879515312e-07
48    -1.992648103e-10     4.582847667e-07     4.580855019e-07
49    -1.797840544e-10     4.307877095e-07     4.306079254e-07
50    -1.625502669e-10     4.054472848e-07     4.052847346e-07
51    -1.472669198e-10     3.820561242e-07     3.819088572e-07
52     -1.33681376e-10     3.604303346e-07     3.602966533e-07
53    -1.215777141e-10      3.40406456e-07     3.402848783e-07
54    -1.107708327e-10     3.218388599e-07     3.217280891e-07
55    -1.011015891e-10     3.045975213e-07     3.044964197e-07
56    -9.243277431e-11     2.885661016e-07     2.884736688e-07
57     -8.46457701e-11     2.736402976e-07     2.735556518e-07
58    -7.763776263e-11     2.597264129e-07     2.596487752e-07
59    -7.131941251e-11     2.467401211e-07     2.466688017e-07
60    -6.561290024e-11     2.346053899e-07     2.345397769e-07
61    -6.045028177e-11      2.23253545e-07     2.231930947e-07
62    -5.577210071e-11     2.126224526e-07     2.125666805e-07
63    -5.152621391e-11     2.026558039e-07     2.026042777e-07
64    -4.766679488e-11     1.933024879e-07     1.932548211e-07
65     -4.41534858e-11       1.8451604e-07     1.844718865e-07
66    -4.095067422e-11     1.762541565e-07     1.762132058e-07
67     -3.80268744e-11     1.684782666e-07     1.684402397e-07
68    -3.535419711e-11     1.611531533e-07     1.611177991e-07
69    -3.290789397e-11     1.542466184e-07     1.542137105e-07
70    -3.066596504e-11     1.477291844e-07     1.476985184e-07
71    -2.860882017e-11     1.415738305e-07     1.415452216e-07
72     -2.67189861e-11     1.357557566e-07     1.357290376e-07
73    -2.498085249e-11     1.302521735e-07     1.302271927e-07
74    -2.338045148e-11     1.250421153e-07     1.250187349e-07
75    -2.190526578e-11     1.201062711e-07     1.200843658e-07
76     -2.05440614e-11     1.154268347e-07     1.154062906e-07
77    -1.928674146e-11     1.109873697e-07      1.10968083e-07
78    -1.812421839e-11     1.067726881e-07     1.067545639e-07
79    -1.704830179e-11      1.02768741e-07     1.027516927e-07
80    -1.605160002e-11        9.896252e-08      9.89464684e-08
81     -1.51274336e-11     9.534196865e-08     9.532684121e-08
82    -1.426975897e-11     9.189590203e-08     9.188163227e-08
83    -1.347310117e-11     8.861393415e-08     8.860046105e-08
84    -1.273249434e-11     8.548641214e-08     8.547367965e-08
85     -1.20434291e-11     8.250435659e-08     8.249231316e-08
86    -1.140180587e-11     7.965940736e-08     7.964800555e-08
87    -1.080389345e-11     7.694377431e-08     7.693297042e-08
88    -1.024629219e-11      7.43501925e-08     7.433994621e-08
89    -9.725901197e-12     7.187188129e-08     7.186215539e-08
90    -9.239889151e-12     6.950250713e-08     6.949326724e-08
91    -8.785668196e-12     6.723614954e-08     6.722736387e-08
92    -8.360870652e-12     6.506726999e-08     6.505890912e-08
93    -7.963328157e-12     6.299068347e-08     6.298272014e-08
94    -7.591052989e-12     6.100153245e-08      6.09939414e-08
95    -7.242221309e-12     5.909526301e-08     5.908802079e-08
96    -6.915158116e-12     5.726760289e-08     5.726068773e-08
97    -6.608323719e-12     5.551454142e-08     5.550793309e-08
98    -6.320301562e-12     5.383231098e-08     5.382599068e-08
99    -6.049787257e-12     5.221737003e-08     5.221132024e-08
100    -5.795578686e-12      5.06663874e-08     5.066059182e-08
101    -5.556567069e-12     4.917622788e-08     4.917067131e-08
102    -5.331728888e-12     4.774393888e-08     4.773860715e-08
103    -5.120118579e-12     4.636673818e-08     4.636161806e-08
104    -4.920861918e-12     4.504200252e-08     4.503708166e-08
105     -4.73315002e-12     4.376725713e-08     4.376252398e-08
106    -4.556233893e-12     4.254016602e-08     4.253560978e-08
107    -4.389419495e-12     4.135852297e-08     4.135413355e-08
108    -4.232063242e-12      4.02202432e-08     4.021601114e-08
109    -4.083567913e-12     3.912335566e-08     3.911927209e-08
110    -3.943378925e-12     3.806599584e-08     3.806205246e-08
111    -3.810980941e-12     3.704639909e-08     3.704258811e-08
112     -3.68589477e-12      3.60628945e-08      3.60592086e-08
113    -3.567674536e-12     3.511389906e-08     3.511033138e-08
114    -3.455905096e-12     3.419791238e-08     3.419445647e-08
115    -3.350199677e-12     3.331351167e-08     3.331016147e-08
116     -3.25019771e-12     3.245934709e-08      3.24560969e-08
117    -3.155562847e-12     3.163413747e-08      3.16309819e-08
118    -3.065981146e-12     3.083666619e-08     3.083360021e-08
119    -2.981159407e-12      3.00657775e-08     3.006279634e-08
120    -2.900823635e-12     2.932037294e-08     2.931747212e-08
121     -2.82471764e-12     2.859940808e-08     2.859658336e-08
122    -2.752601741e-12     2.790188944e-08     2.789913683e-08
123     -2.68425158e-12     2.722687159e-08     2.722418734e-08
124    -2.619457024e-12     2.657345451e-08     2.657083506e-08
125    -2.558021158e-12     2.594078103e-08     2.593822301e-08
126    -2.499759354e-12     2.532803447e-08     2.532553471e-08
127    -2.444498415e-12     2.473443643e-08     2.473199193e-08
128    -2.392075782e-12     2.415924471e-08     2.415685264e-08
129    -2.342338801e-12     2.360175139e-08     2.359940905e-08
130    -2.295144051e-12     2.306128095e-08     2.305898581e-08
131    -2.250356713e-12     2.253718859e-08     2.253493823e-08
132    -2.207849995e-12     2.202885858e-08     2.202665073e-08
133    -2.167504599e-12     2.153570278e-08     2.153353527e-08
134    -2.129208215e-12     2.105715917e-08     2.105502997e-08
135    -2.092855071e-12     2.059269056e-08      2.05905977e-08
136    -2.058345501e-12     2.014178324e-08     2.013972489e-08
137    -2.025585548e-12     1.970394587e-08     1.970192028e-08
138    -1.994486599e-12      1.92787083e-08     1.927671381e-08
139     -1.96496504e-12     1.886562054e-08     1.886365557e-08
140    -1.936941942e-12     1.846425175e-08      1.84623148e-08
141    -1.910342761e-12     1.807418928e-08     1.807227893e-08
142    -1.885097065e-12      1.76950378e-08      1.76931527e-08
143    -1.861138278e-12     1.732641847e-08     1.732455733e-08
144    -1.838403442e-12      1.69679681e-08      1.69661297e-08
145    -1.816832992e-12     1.661933844e-08     1.661752161e-08
146     -1.79637055e-12     1.628019546e-08     1.627839909e-08
147    -1.776962733e-12     1.595021865e-08     1.594844168e-08
148    -1.758558969e-12     1.562910042e-08     1.562734186e-08
149    -1.741111332e-12     1.531654549e-08     1.531480438e-08
150    -1.724574382e-12      1.50122703e-08     1.501054572e-08
151    -1.708905015e-12     1.471600249e-08     1.471429359e-08
152    -1.694062334e-12     1.442748039e-08     1.442578632e-08
153     -1.68000751e-12      1.41464525e-08     1.414477249e-08
154    -1.666703668e-12     1.387267707e-08     1.387101037e-08
155     -1.65411577e-12     1.360592167e-08     1.360426755e-08
156    -1.642210513e-12      1.33459627e-08     1.334432049e-08
157    -1.630956226e-12      1.30925851e-08     1.309095415e-08
158     -1.62032278e-12     1.284558191e-08     1.284396159e-08
159      -1.6102815e-12     1.260475392e-08     1.260314364e-08
160     -1.60080508e-12     1.236990936e-08     1.236830855e-08
161    -1.591867511e-12     1.214086354e-08     1.213927167e-08
162    -1.583444007e-12      1.19174386e-08     1.191585515e-08
163    -1.575510936e-12     1.169946316e-08     1.169788764e-08
164    -1.568045758e-12     1.148677208e-08     1.148520403e-08
165    -1.561026963e-12      1.12792062e-08     1.127764517e-08
166    -1.554434018e-12     1.107661206e-08     1.107505763e-08
167     -1.54824731e-12     1.087884171e-08     1.087729346e-08
168    -1.542448099e-12      1.06857524e-08     1.068420996e-08
169    -1.537018472e-12     1.049720648e-08     1.049566946e-08
170    -1.531941295e-12     1.031307109e-08     1.031153915e-08
171    -1.527200173e-12     1.013321801e-08     1.013169081e-08
172    -1.522779414e-12     9.957523474e-09     9.956000694e-09
173    -1.518663988e-12     9.785867987e-09     9.784349323e-09
174    -1.514839491e-12     9.618136142e-09     9.616621303e-09
175    -1.511292119e-12     9.454216472e-09     9.452705179e-09
176     -1.50800863e-12     9.294001284e-09     9.292493276e-09
177    -1.504976316e-12      9.13738652e-09     9.135881544e-09
178    -1.502182979e-12     8.984271606e-09     8.982769423e-09
179    -1.499616902e-12     8.834559323e-09     8.833059706e-09
180    -1.497266825e-12     8.688155672e-09     8.686658406e-09
181    -1.495121921e-12     8.544969756e-09     8.543474634e-09
182    -1.493171775e-12     8.404913656e-09     8.403420484e-09
183    -1.491406364e-12      8.26790232e-09     8.266410914e-09
184    -1.489816034e-12     8.133853455e-09     8.132363639e-09
185    -1.488391487e-12     8.002687424e-09     8.001199032e-09
186    -1.487123757e-12     7.874327141e-09     7.872840017e-09
187    -1.486004199e-12     7.748697984e-09      7.74721198e-09
188    -1.485024469e-12     7.625727699e-09     7.624242675e-09
189    -1.484176514e-12     7.505346313e-09     7.503862136e-09
190    -1.483452552e-12     7.387486051e-09     7.386002598e-09
191    -1.482845064e-12     7.272081256e-09     7.270598411e-09
192    -1.482346779e-12     7.159068313e-09     7.157585966e-09
193     -1.48195066e-12     7.048385574e-09     7.046903623e-09
194    -1.481649898e-12     6.939973287e-09     6.938491637e-09
195    -1.481437898e-12     6.833773529e-09     6.832292091e-09
196    -1.481308268e-12     6.729730143e-09     6.728248835e-09
197    -1.481254812e-12     6.627788673e-09     6.626307418e-09
198     -1.48127152e-12     6.527896302e-09      6.52641503e-09
199    -1.481352557e-12     6.430001801e-09     6.428520449e-09
200    -1.481492261e-12      6.33405547e-09     6.332573978e-09
201                   0                   0                   0
202                   0                   0                   0
203                   0                   0                   0
204                   0                   0                   0
205                   0                   0                   0
206                   0                   0                   0
207                   0                   0                   0
208                   0                   0                   0
209                   0                   0                   0
210                   0                   0                   0
211                   0                   0                   0
212                   0                   0                   0
213                   0                   0                   0
214                   0                   0                   0
215                   0                   0                   0
216                   0                   0                   0
217                   0                   0                   0
218                   0                   0                   0
219                   0                   0                   0
220                   0                   0                   0
221                   0                   0                   0
222                   0                   0                   0
223                   0                   0                   0
224                   0                   0                   0
225                   0                   0                   0
226                   0                   0                   0
227                   0                   0                   0
228                   0                   0                   0
229                   0                   0                   0
230                   0                   0                   0
231                   0                   0                   0
232                   0                   0                   0
233                   0                   0                   0
234                   0                   0                   0
235                   0                   0                   0
236                   0                   0                   0
237                   0                   0                   0
238                   0                   0                   0
239                   0                   0                   0
240                   0                   0                   0
241                   0                   0                   0
242                   0                   0                   0
243                   0                   0                   0
244                   0                   0                   0
245                   0                   0                   0
246                   0                   0                   0
247                   0                   0                   0
248                   0                   0                   0
249                   0                   0                   0
250                   0                   0                   0
251                   0                   0                   0
252                   0                   0                   0
253                   0                   0                   0
254                   0                   0                   0
255                   0                   0                   0
256                   0                   0                   0
257                   0                   0                   0
258                   0                   0                   0
259                   0                   0                   0
260                   0                   0                   0
261                   0                   0                   0
262                   0                   0                   0
263                   0                   0                   0
264                   0                   0                   0
265                   0                   0                   0
266                   0                   0                   0
267                   0                   0                   0
268                   0                   0                   0
269                   0                   0                   0
270                   0                   0                   0
271                   0                   0                   0
272                   0                   0                   0
273                   0                   0                   0
274                   0                   0                   0
275                   0                   0                   0
276                   0                   0                   0
277                   0                   0                   0
278                   0                   0                   0
279                   0                   0                   0
280                   0                   0                   0
281                   0                   0                   0
282                   0                   0                   0
283                   0                   0                   0
284                   0                   0                   0
285                   0                   0                   0
286                   0                   0                   0
287                   0                   0                   0
288                   0                   0                   0
289                   0                   0                   0
290                   0                   0                   0
291                   0                   0                   0
292                   0                   0                   0
293                   0                   0                   0
294                   0                   0                   0
295                   0                   0                   0
296                   0                   0                   0
297                   0                   0                   0
298                   0                   0                   0
299                   0                   0                   0
300                   0                   0                   0
301                   0                   0                   0
302                   0                   0                   0
303                   0                   0                   0
304                   0                   0                   0
305                   0                   0                   0
306                   0                   0                   0
307                   0                   0                   0
308                   0                   0                   0
309                   0                   0                   0
310                   0                   0                   0
311                   0                   0                   0
312                   0                   0                   0
313                   0                   0                   0
314                   0                   0                   0
315                   0                   0                   0
316                   0                   0                   0
317                   0                   0                   0
318                   0                   0                   0
319                   0                   0                   0
320                   0                   0                   0
321                   0                   0                   0
322                   0                   0                   0
323                   0                   0                   0
324                   0                   0                   0
325                   0                   0                   0
326                   0                   0                   0
327                   0                   0                   0
328                   0                   0                   0
329                   0                   0                   0
330                   0                   0                   0
331                   0                   0                   0
332                   0                   0                   0
333                   0                   0                   0
334                   0                   0                   0
335                   0                   0                   0
336                   0                   0                   0
337                   0                   0                   0
338                   0                   0                   0
339                   0                   0                   0
340                   0                   0                   0
341                   0                   0                   0
342                   0                   0                   0
343                   0                   0                   0
344                   0                   0                   0
345                   0                   0                   0
346                   0                   0                   0
347                   0                   0                   0
348                   0                   0                   0
349                   0                   0                   0
350                   0                   0                   0
351                   0                   0                   0
352                   0                   0                   0
353                   0                   0                   0
354                   0                   0                   0
355                   0                   0                   0
356                   0                   0                   0
357                   0                   0                   0
358                   0                   0                   0
359                   0                   0                   0
360                   0                   0                   0
361                   0                   0                   0
362                   0                   0                   0
363                   0                   0                   0
364                   0                   0                   0
365                   0                   0                   0
366                   0                   0                   0
367                   0                   0                   0
368                   0                   0                   0
369                   0                   0                   0
370                   0                   0                   0
371                   0                   0                   0
372                   0                   0                   0
373                   0                   0                   0
374                   0                   0                   0
375                   0                   0                   0
376                   0                   0                   0
377                   0                   0                   0
378                   0                   0                   0
379                   0                   0                   0
380                   0                   0                   0
381                   0                   0                   0
382                   0                   0                   0
383                   0                   0                   0
384                   0                   0                   0
385                   0                   0                   0
386                   0                   0                   0
387                   0                   0                   0
388                   0                   0                   0
389                   0                   0                   0
390                   0                   0                   0
391                   0                   0                   0
392                   0                   0                   0
393                   0                   0                   0
394                   0                   0                   0
395                   0                   0                   0
396                   0                   0                   0
397                   0                   0                   0
398                   0                   0                   0
399                   0                   0                   0
