
0                   0                   0                   0
1      0.006012878601       0.04464671341       0.05065959201
2     -0.001209885699      0.007541524278      0.006331638579
3    -0.0002365710156      0.002112007945      0.001875436929
4     -5.58559865e-05     0.0008465939142     0.0007907379277
5    -1.747310184e-05     0.0004219665809     0.0004044934791
6    -6.829467472e-06     0.0002406166816     0.0002337872142
7    -3.120205716e-06     0.0001501016676     0.0001469814619
8    -1.592295992e-06      9.98545166e-05     9.826222061e-05
9    -8.823040194e-07     6.972180216e-05     6.883949814e-05
10    -5.212193492e-07     5.055647704e-05     5.003525769e-05
11    -3.241641827e-07      3.77875035e-05     3.746333931e-05
12    -2.103269112e-07     2.895408137e-05     2.874375446e-05
13    -1.413956128e-07     2.265019123e-05     2.250879562e-05
14    -9.796916452e-08      1.80322868e-05     1.793431764e-05
15    -6.966882122e-08     1.457319069e-05     1.450352187e-05
16    -5.067816416e-08     1.193181608e-05     1.188113792e-05
17    -3.760463766e-08     9.880793569e-06     9.843188932e-06
18    -2.839944984e-08     8.264572352e-06     8.236172902e-06
19    -2.178695453e-08     6.974281625e-06      6.95249467e-06
20    -1.695111893e-08     5.932168973e-06     5.915217854e-06
21    -1.335717809e-08     5.081697802e-06     5.068340624e-06
22    -1.064701389e-08     4.381089316e-06     4.370442302e-06
23    -8.576066483e-09     3.799017318e-06     3.790441251e-06
24    -6.974333303e-09     3.311680774e-06     3.304706441e-06
25    -5.721710365e-09      2.90077722e-06     2.895055509e-06
26    -4.732078747e-09       2.5520767e-06     2.547344621e-06
27    -3.942840691e-09     2.254403216e-06     2.250460375e-06
28    -3.307919748e-09     1.998897195e-06     1.995589275e-06
29    -2.793003435e-09     1.778474674e-06     1.775681671e-06
30    -2.372262302e-09     1.587426079e-06     1.585053817e-06
31    -2.026056268e-09     1.421115338e-06     1.419089281e-06
32    -1.739310785e-09     1.275751957e-06     1.274012646e-06
33    -1.500353518e-09     1.148216746e-06     1.146716392e-06
34     -1.30007224e-09     1.035927395e-06     1.034627322e-06
35      -1.1312975e-09     9.367339335e-07      9.35602636e-07
36    -9.883478795e-10      8.48836811e-07     8.478484631e-07
37    -8.666899137e-10     7.707222282e-07     7.698555383e-07
38    -7.626827081e-10     7.011107472e-07     7.003480645e-07
39    -6.733842542e-10     6.389161854e-07     6.382428011e-07
40    -5.964034518e-10     5.832125382e-07     5.826161348e-07
41    -5.297862293e-10     5.332072083e-07      5.32677422e-07
42    -4.719273028e-10     4.882192202e-07     4.877472929e-07
43    -4.215013504e-10     4.476614018e-07     4.472399004e-07
44    -3.774089982e-10     4.110257373e-07     4.106483283e-07
45    -3.387341767e-10     3.778712714e-07     3.775325372e-07
46    -3.047102657e-10     3.478140759e-07     3.475093656e-07
47      -2.7469307e-10     3.205188916e-07     3.202441985e-07
48    -2.481391362e-10     2.956921376e-07     2.954439985e-07
49    -2.245882714e-10     2.730760415e-07     2.728514532e-07
50    -2.036493799e-10     2.524436926e-07     2.522400432e-07
51    -1.849889387e-10     2.335948584e-07     2.334098695e-07
52    -1.683215786e-10     2.163524342e-07     2.161841126e-07
53    -1.534023536e-10     2.005594201e-07     2.004060178e-07
54    -1.400203714e-10     1.860763401e-07     1.859363197e-07
55    -1.279935252e-10     1.727790302e-07     1.726510367e-07
56    -1.171641193e-10     1.605567389e-07     1.604395747e-07
57    -1.073952252e-10     1.493104905e-07     1.492030953e-07
58    -9.856763471e-11     1.389516719e-07     1.388531043e-07
59    -9.057730442e-11     1.294008079e-07     1.293102306e-07
60    -8.333320536e-11     1.205864988e-07     1.205031656e-07
61    -7.675550785e-11     1.124444954e-07     1.123677398e-07
62    -7.077404489e-11     1.049168924e-07     1.048461184e-07
63    -6.532700752e-11     9.795142367e-08     9.788609666e-08
64    -6.035983408e-11     9.150084376e-08     9.144048393e-08
65                   0                   0                   0
66                   0                   0                   0
67                   0                   0                   0
68                   0                   0                   0
69                   0                   0                   0
70                   0                   0                   0
71                   0                   0                   0
72                   0                   0                   0
73                   0                   0                   0
74                   0                   0                   0
75                   0                   0                   0
76                   0                   0                   0
77                   0                   0                   0
78                   0                   0                   0
79                   0                   0                   0
80                   0                   0                   0
81                   0                   0                   0
82                   0                   0                   0
83                   0                   0                   0
84                   0                   0                   0
85                   0                   0                   0
86                   0                   0                   0
87                   0                   0                   0
88                   0                   0                   0
89                   0                   0                   0
90                   0                   0                   0
91                   0                   0                   0
92                   0                   0                   0
93                   0                   0                   0
94                   0                   0                   0
95                   0                   0                   0
96                   0                   0                   0
97                   0                   0                   0
98                   0                   0                   0
99                   0                   0                   0
100                   0                   0                   0
101                   0                   0                   0
102                   0                   0                   0
103                   0                   0                   0
104                   0                   0                   0
105                   0                   0                   0
106                   0                   0                   0
107                   0                   0                   0
108                   0                   0                   0
109                   0                   0                   0
110                   0                   0                   0
111                   0                   0                   0
112                   0                   0                   0
113                   0                   0                   0
114                   0                   0                   0
115                   0                   0                   0
116                   0                   0                   0
117                   0                   0                   0
118                   0                   0                   0
119                   0                   0                   0
120                   0                   0                   0
121                   0                   0                   0
122                   0                   0                   0
123                   0                   0                   0
124                   0                   0                   0
125                   0                   0                   0
126                   0                   0                   0
127                   0                   0                   0
