
0                   0                   0                   0
1       0.01892431651       0.03106801652       0.04999233303
2    -0.0003034629627      0.006193708721      0.005890245758
3    -0.0001751017649       0.00174496861      0.001569866845
4    -5.616838329e-05     0.0006293302273      0.000573161844
5    -2.001409974e-05     0.0002662807344     0.0002462666346
6    -8.133060247e-06     0.0001248227759     0.0001166897157
7    -3.667857253e-06     6.264923284e-05     5.898137558e-05
8    -1.785772192e-06     3.298629569e-05     3.120052349e-05
9    -9.196970839e-07      1.79889818e-05     1.706928471e-05
10    -4.940031719e-07     1.007623838e-05     9.582235211e-06
11    -2.740431188e-07     5.763840026e-06     5.489796908e-06
12    -1.559172437e-07     3.353243658e-06     3.197326415e-06
13    -9.052445961e-08      1.97808586e-06     1.887561401e-06
14    -5.343281832e-08     1.180479538e-06      1.12704672e-06
15    -3.197323317e-08     7.114362934e-07     6.794630602e-07
16    -1.935293227e-08     4.323852416e-07     4.130323094e-07
17    -1.182871557e-08      2.64713421e-07     2.528847054e-07
18    -7.290525775e-09     1.631003003e-07     1.558097745e-07
19    -4.526103942e-09     1.010602186e-07     9.653411469e-08
20    -2.827718526e-09     6.293317121e-08     6.010545269e-08
21    -1.776493449e-09     3.936616439e-08     3.758967094e-08
22    -1.121580535e-09     2.472380515e-08     2.360222461e-08
23     -7.11219035e-10     1.558435323e-08      1.48731342e-08
24    -4.527762866e-10      9.85595951e-09     9.403183223e-09
25    -2.892684038e-10     6.252014644e-09      5.96274624e-09
26    -1.853993689e-10     3.976876071e-09     3.791476702e-09
27    -1.191729357e-10     2.536111864e-09     2.416938929e-09
28    -7.680641616e-11     1.621113841e-09     1.544307425e-09
29    -4.962148627e-11     1.038487813e-09     9.888663264e-10
30    -3.212978917e-11     6.665984126e-10     6.344686234e-10
31    -2.084659234e-11     4.286880437e-10     4.078414513e-10
32    -1.355136445e-11     2.761709799e-10     2.626196155e-10
33    -8.824510922e-12     1.782070779e-10      1.69382567e-10
34    -5.755766004e-12     1.151694806e-10     1.094137146e-10
35    -3.759855398e-12     7.453749876e-11     7.077764336e-11
36    -2.459518674e-12     4.830589885e-11     4.584638017e-11
37    -1.611015463e-12     3.134582121e-11     2.973480575e-11
38    -1.056533384e-12      2.03649003e-11     1.930836691e-11
39    -6.936929236e-13     1.324584352e-11      1.25521506e-11
40    -4.559543051e-13     8.624728881e-12     8.168774576e-12
41    -2.999973817e-13     5.621543971e-12     5.321546589e-12
42    -1.975741258e-13     3.667648882e-12     3.470074756e-12
43     -1.30237356e-13     2.395086311e-12     2.264848955e-12
44     -8.59235588e-14     1.565440779e-12      1.47951722e-12
45    -5.673356577e-14     1.024038547e-12     9.673049817e-13
46    -3.748871038e-14     6.704146715e-13     6.329259612e-13
47    -2.478998919e-14     4.392408546e-13     4.144508655e-13
48    -1.640407111e-14     2.879913521e-13      2.71587281e-13
49    -1.086204489e-14     1.889557385e-13     1.780936936e-13
50    -7.196848885e-15     1.240600399e-13     1.168631911e-13
51    -4.771238671e-15     8.150476409e-14     7.673352542e-14
52    -3.164942665e-15     5.357992424e-14     5.041498157e-14
53    -2.100560809e-15     3.524346961e-14      3.31429088e-14
54    -1.394854318e-15     2.319544615e-14     2.180059183e-14
55    -9.266948672e-16     1.527442719e-14     1.434773232e-14
56    -6.159560364e-16     1.006367038e-14     9.447714343e-15
57     -4.09599126e-16     6.633897692e-15     6.224298566e-15
58    -2.724937121e-16     4.375161679e-15     4.102667967e-15
59    -1.813570301e-16     2.886854595e-15     2.705497565e-15
60    -1.207495385e-16     1.905697941e-15     1.784948402e-15
61    -8.042718637e-17     1.258562593e-15     1.178135406e-15
62    -5.358954883e-17     8.315354359e-16      7.77945887e-16
63    -3.571996498e-17     5.496241346e-16     5.139041696e-16
64    -2.381715291e-17     3.634327998e-16     3.396156469e-16
65    -1.588587228e-17     2.404087188e-16     2.245228466e-16
66    -1.059911194e-17     1.590885102e-16     1.484893983e-16
67    -7.073919895e-18     1.053137079e-16     9.823978798e-17
68    -4.722569393e-18     6.974028062e-17     6.501771122e-17
69    -3.153694703e-18     4.619879001e-17     4.304509531e-17
70    -2.106588919e-18     3.061408358e-17     2.850749466e-17
71    -1.407520568e-18     2.029324491e-17     1.888572434e-17
72    -9.406773027e-19     1.345604092e-17     1.251536362e-17
73    -6.288309011e-19     8.925135938e-18     8.296305037e-18
74    -4.204659994e-19     5.921618797e-18     5.501152797e-18
75      -2.8120844e-19     3.929982347e-18     3.648773907e-18
76    -1.881148556e-19     2.608926971e-18     2.420812115e-18
77    -1.258670533e-19     1.732411962e-18     1.606544909e-18
78    -8.423495606e-20     1.150681791e-18     1.066446835e-18
79    -5.638468705e-20     7.644888075e-19     7.081041204e-19
80     -3.77499048e-20     5.080377348e-19       4.7028783e-19
81                   0                   0                   0
82                   0                   0                   0
83                   0                   0                   0
84                   0                   0                   0
85                   0                   0                   0
86                   0                   0                   0
87                   0                   0                   0
88                   0                   0                   0
89                   0                   0                   0
90                   0                   0                   0
91                   0                   0                   0
92                   0                   0                   0
93                   0                   0                   0
94                   0                   0                   0
95                   0                   0                   0
96                   0                   0                   0
97                   0                   0                   0
98                   0                   0                   0
99                   0                   0                   0
100                   0                   0                   0
101                   0                   0                   0
102                   0                   0                   0
103                   0                   0                   0
104                   0                   0                   0
105                   0                   0                   0
106                   0                   0                   0
107                   0                   0                   0
108                   0                   0                   0
109                   0                   0                   0
110                   0                   0                   0
111                   0                   0                   0
112                   0                   0                   0
113                   0                   0                   0
114                   0                   0                   0
115                   0                   0                   0
116                   0                   0                   0
117                   0                   0                   0
118                   0                   0                   0
119                   0                   0                   0
120                   0                   0                   0
121                   0                   0                   0
122                   0                   0                   0
123                   0                   0                   0
124                   0                   0                   0
125                   0                   0                   0
126                   0                   0                   0
127                   0                   0                   0
128                   0                   0                   0
129                   0                   0                   0
130                   0                   0                   0
131                   0                   0                   0
132                   0                   0                   0
133                   0                   0                   0
134                   0                   0                   0
135                   0                   0                   0
136                   0                   0                   0
137                   0                   0                   0
138                   0                   0                   0
139                   0                   0                   0
140                   0                   0                   0
141                   0                   0                   0
142                   0                   0                   0
143                   0                   0                   0
144                   0                   0                   0
145                   0                   0                   0
146                   0                   0                   0
147                   0                   0                   0
148                   0                   0                   0
149                   0                   0                   0
150                   0                   0                   0
151                   0                   0                   0
152                   0                   0                   0
153                   0                   0                   0
154                   0                   0                   0
155                   0                   0                   0
156                   0                   0                   0
157                   0                   0                   0
158                   0                   0                   0
159                   0                   0                   0
