
0                   0                   0                   0
1      0.005514450888       0.04447788214       0.04999233303
2     -0.001307450328      0.007197696086      0.005890245758
3    -0.0002654024469      0.001835269292      0.001569866845
4    -6.645232704e-05      0.000639614171      0.000573161844
5    -2.182742805e-05     0.0002680940627     0.0002462666346
6     -8.71884918e-06     0.0001254085648     0.0001166897157
7    -3.949644185e-06     6.293101977e-05     5.898137558e-05
8    -1.942683035e-06     3.314320653e-05     3.120052349e-05
9    -1.011336553e-06     1.808062126e-05     1.706928471e-05
10    -5.485888084e-07     1.013082402e-05     9.582235211e-06
11    -3.069348833e-07     5.796731791e-06     5.489796908e-06
12    -1.759076262e-07     3.373234041e-06     3.197326415e-06
13    -1.027607226e-07     1.990322123e-06     1.887561401e-06
14    -6.096924083e-08     1.188015961e-06      1.12704672e-06
15    -3.664051988e-08     7.161035801e-07     6.794630602e-07
16    -2.225760024e-08     4.352899096e-07     4.130323094e-07
17    -1.364443822e-08     2.665291436e-07     2.528847054e-07
18    -8.430095975e-09     1.642398705e-07     1.558097745e-07
19    -5.243919007e-09     1.017780337e-07     9.653411469e-08
20    -3.281372961e-09     6.338682565e-08     6.010545269e-08
21    -2.064072223e-09     3.965374316e-08     3.758967094e-08
22    -1.304390483e-09     2.490661509e-08     2.360222461e-08
23    -8.277278137e-10     1.570086201e-08      1.48731342e-08
24    -5.272063393e-10     9.930389563e-09     9.403183223e-09
25    -3.369217037e-10     6.299667944e-09      5.96274624e-09
26    -2.159714232e-10     4.007448125e-09     3.791476702e-09
27    -1.388238214e-10      2.55576275e-09     2.416938929e-09
28    -8.945990754e-11     1.633767332e-09     1.544307425e-09
29    -5.778278889e-11     1.046649115e-09     9.888663264e-10
30    -3.740189602e-11     6.718705194e-10     6.344686234e-10
31    -2.425729111e-11     4.320987425e-10     4.078414513e-10
32    -1.576089191e-11     2.783805074e-10     2.626196155e-10
33    -1.025774779e-11     1.796403148e-10      1.69382567e-10
34    -6.686589988e-12     1.161003046e-10     1.094137146e-10
35    -4.365083721e-12     7.514272709e-11     7.077764336e-11
36    -2.853473431e-12     4.869985361e-11     4.584638017e-11
37    -1.867714524e-12     3.160252027e-11     2.973480575e-11
38     -1.22396223e-12     2.053232914e-11     1.930836691e-11
39     -8.02998742e-13     1.335514934e-11      1.25521506e-11
40    -5.273782283e-13     8.696152804e-12     8.168774576e-12
41    -3.467077565e-13     5.668254346e-12     5.321546589e-12
42    -2.281469307e-13     3.698221687e-12     3.470074756e-12
43    -1.502633317e-13     2.415112286e-12     2.264848955e-12
44    -9.905080961e-14     1.578568029e-12      1.47951722e-12
45    -6.534472763e-14     1.032649709e-12     9.673049817e-13
46    -4.314126334e-14     6.760672245e-13     6.329259612e-13
47    -2.850286387e-14     4.429537293e-13     4.144508655e-13
48    -1.884439395e-14     2.904316749e-13      2.71587281e-13
49    -1.246693344e-14      1.90560627e-13     1.780936936e-13
50    -8.252919476e-15     1.251161105e-13     1.168631911e-13
51    -5.466554248e-15     8.220007967e-14     7.673352542e-14
52     -3.62298213e-15      5.40379637e-14     5.041498157e-14
53    -2.402449787e-15     3.554535859e-14      3.31429088e-14
54    -1.593924852e-15     2.339451668e-14     2.180059183e-14
55    -1.058028043e-15     1.540576036e-14     1.434773232e-14
56    -7.026407307e-16     1.015035507e-14     9.447714343e-15
57    -4.668397095e-16     6.691138275e-15     6.224298566e-15
58      -3.1030773e-16     4.412975697e-15     4.102667967e-15
59    -2.063479678e-16     2.911845533e-15     2.705497565e-15
60    -1.372724792e-16     1.922220882e-15     1.784948402e-15
61    -9.135571256e-17     1.269491119e-15     1.178135406e-15
62    -6.082057565e-17     8.387664627e-16      7.77945887e-16
63    -4.050623699e-17     5.544104066e-16     5.139041696e-16
64    -2.698634785e-17     3.666019948e-16     3.396156469e-16
65    -1.798505412e-17     2.425079007e-16     2.245228466e-16
66     -1.19900131e-17     1.604794114e-16     1.484893983e-16
67    -7.995818881e-18     1.062356069e-16     9.823978798e-17
68     -5.33380298e-18      7.03515142e-17     6.501771122e-17
69    -3.559076277e-18     4.660417158e-17     4.304509531e-17
70    -2.375525575e-18     3.088302023e-17     2.850749466e-17
71    -1.585989092e-18     2.047171343e-17     1.888572434e-17
72    -1.059143781e-18      1.35745074e-17     1.251536362e-17
73    -7.074898714e-19     9.003794908e-18     8.296305037e-18
74     -4.72707641e-19     5.973860438e-18     5.501152797e-18
75    -3.159139256e-19     3.964687833e-18     3.648773907e-18
76    -2.111764472e-19     2.631988562e-18     2.420812115e-18
77     -1.41195123e-19     1.747740032e-18     1.606544909e-18
78    -9.442532723e-20     1.160872162e-18     1.066446835e-18
79    -6.316101305e-20     7.712651335e-19     7.081041204e-19
80    -4.225701144e-20     5.125448414e-19       4.7028783e-19
81                   0                   0                   0
82                   0                   0                   0
83                   0                   0                   0
84                   0                   0                   0
85                   0                   0                   0
86                   0                   0                   0
87                   0                   0                   0
88                   0                   0                   0
89                   0                   0                   0
90                   0                   0                   0
91                   0                   0                   0
92                   0                   0                   0
93                   0                   0                   0
94                   0                   0                   0
95                   0                   0                   0
96                   0                   0                   0
97                   0                   0                   0
98                   0                   0                   0
99                   0                   0                   0
100                   0                   0                   0
101                   0                   0                   0
102                   0                   0                   0
103                   0                   0                   0
104                   0                   0                   0
105                   0                   0                   0
106                   0                   0                   0
107                   0                   0                   0
108                   0                   0                   0
109                   0                   0                   0
110                   0                   0                   0
111                   0                   0                   0
112                   0                   0                   0
113                   0                   0                   0
114                   0                   0                   0
115                   0                   0                   0
116                   0                   0                   0
117                   0                   0                   0
118                   0                   0                   0
119                   0                   0                   0
120                   0                   0                   0
121                   0                   0                   0
122                   0                   0                   0
123                   0                   0                   0
124                   0                   0                   0
125                   0                   0                   0
126                   0                   0                   0
127                   0                   0                   0
128                   0                   0                   0
129                   0                   0                   0
130                   0                   0                   0
131                   0                   0                   0
132                   0                   0                   0
133                   0                   0                   0
134                   0                   0                   0
135                   0                   0                   0
136                   0                   0                   0
137                   0                   0                   0
138                   0                   0                   0
139                   0                   0                   0
140                   0                   0                   0
141                   0                   0                   0
142                   0                   0                   0
143                   0                   0                   0
144                   0                   0                   0
145                   0                   0                   0
146                   0                   0                   0
147                   0                   0                   0
148                   0                   0                   0
149                   0                   0                   0
150                   0                   0                   0
151                   0                   0                   0
152                   0                   0                   0
153                   0                   0                   0
154                   0                   0                   0
155                   0                   0                   0
156                   0                   0                   0
157                   0                   0                   0
158                   0                   0                   0
159                   0                   0                   0
