
0                             0                             0                             0
1           0.01986030224577871           0.03079996168427454           0.05066026393005325
2        -0.0001515478626190518          0.006483809708121286          0.006332261845502234
3        -0.0001397457155545682          0.002015765293971713          0.001876019578417144
4        -4.531386212767064e-05         0.0008365990018966721         0.0007912851397690015
5        -1.607584708088877e-05         0.0004210849190860768         0.0004050090720051881
6        -6.589605974099066e-06         0.0002408638050164607         0.0002342741990423617
7        -3.062117427709746e-06         0.0001505044312882582         0.0001474423138605485
8        -1.571659738116638e-06         0.0001002706917557405          9.86990320176239e-05
9        -8.722088292503885e-07         7.012628235840746e-05         6.925407352915707e-05
10        -5.151362140230908e-07         5.094431348464753e-05         5.042917727062444e-05
11        -3.200273159495752e-07         3.815803058577259e-05         3.783800326982302e-05
12        -2.073086525044303e-07          2.93077238954491e-05         2.910041524294467e-05
13        -1.390954660432261e-07         2.298767769788086e-05         2.284858223183764e-05
14        -9.616428093176086e-08         1.835441866360711e-05         1.825825438267535e-05
15        -6.822230849406719e-08         1.488076542810997e-05         1.481254311961591e-05
16        -4.949989738098786e-08         1.222559986426128e-05          1.21760999668803e-05
17        -3.663228014780216e-08         1.016151196495056e-05         1.012487968480276e-05
18        -2.758829129281626e-08         8.532908166088715e-06         8.505319874795899e-06
19        -2.110402473742337e-08         7.230875708288417e-06         7.209771683550994e-06
20        -1.637156376646893e-08         6.177622265840263e-06         6.161250702073794e-06
21        -1.286192014421694e-08         5.316573826514055e-06         5.303711906369838e-06
22         -1.02211852952075e-08         4.605916774652591e-06         4.595695589357383e-06
23        -8.207927147363235e-09         4.014292619593731e-06         4.006084692446368e-06
24         -6.65450592727482e-09         3.517870423071415e-06          3.51121591714414e-06
25        -5.442628199994251e-09          3.09832003105565e-06         3.092877402855656e-06
26        -4.487579984804618e-09         2.741385841407918e-06         2.736898261423114e-06
27        -3.727865987267119e-09         2.435868076948216e-06         2.432140210960949e-06
28        -3.118283620579916e-09         2.172885095609693e-06         2.169766811989113e-06
29        -2.625219428413898e-09         1.945332425506812e-06         1.942707206078398e-06
30        -2.223407816741832e-09         1.747481410317118e-06         1.745258002500376e-06
31         -1.89366703570322e-09         1.574678198797788e-06         1.572784531762085e-06
32        -1.621297739754296e-09         1.423115711201652e-06         1.421494413461897e-06
33        -1.394936849596016e-09         1.289659264632333e-06         1.288264327782737e-06
34        -1.205728226301062e-09         1.171712058869841e-06          1.17050633064354e-06
35         -1.04671638794842e-09         1.067110557165142e-06         1.066063840777193e-06
36        -9.123990066700072e-10         9.740424899526916e-07         9.731300909460216e-07
37        -7.983935467526217e-10         8.909821231001179e-07         8.901837295533653e-07
38        -7.011868743255272e-10         8.166388064275184e-07         8.159376195531929e-07
39        -6.179455961978231e-10         7.499158141614792e-07         7.492978685652814e-07
40        -5.463713377282417e-10         6.898772180012829e-07         6.893308466635547e-07
41        -4.845894997548771e-10         6.357210713673638e-07         6.352364818676089e-07
42        -4.310631639614937e-10         5.867575837681613e-07         5.863265206041998e-07
43        -3.845260268735108e-10         5.423912644751974e-07         5.420067384483239e-07
44        -3.439298328185964e-10         5.021062415546226e-07          5.01762311721804e-07
45        -3.084029281153425e-10          4.65454134911611e-07         4.651457319834957e-07
46         -2.77217399809255e-10         4.320439942131731e-07         4.317667768133638e-07
47        -2.497628809872713e-10         4.015339144651264e-07         4.012841515841391e-07
48        -2.255255631481764e-10         3.736240210504647e-07         3.733984954873165e-07
49        -2.040712980949941e-10           3.4805057768017e-07          3.47846506382075e-07
50        -1.850319286295679e-10         3.245810190549751e-07         3.243959871263456e-07
51         -1.68094181383955e-10         3.030097481561685e-07         3.028416539747846e-07
52        -1.529906026238187e-10         2.831545682910478e-07         2.830015776884239e-07
53        -1.394921306412367e-10         2.648536440723933e-07         2.647141519417521e-07
54        -1.274019850375212e-10         2.479629047540026e-07         2.478355027689651e-07
55        -1.165506202007094e-10         2.323538188069235e-07         2.322372681867228e-07
56         -1.06791542317184e-10         2.179114810993628e-07         2.178046895570456e-07
57        -9.799782990622659e-11         2.045329641548328e-07         2.044349663249265e-07
58        -9.005922948674072e-11         1.921258931890409e-07         1.920358339595542e-07
59        -8.287972388277341e-11         1.806072113447204e-07         1.805243316208376e-07
60        -7.637548892297204e-11         1.699021070483284e-07         1.698257315594055e-07
61        -7.047317206475936e-11         1.599430799438314e-07         1.598726067717667e-07
62        -6.510843745857202e-11         1.506691255955527e-07         1.506040171580941e-07
63        -6.022473284261631e-11         1.420250222486024e-07         1.419647975157598e-07
64        -5.577224153470475e-11         1.339607055069493e-07         1.339049332654146e-07
65         -5.17069893512361e-11         1.264307189322954e-07         1.263790119429442e-07
66        -4.799008157725838e-11         1.193937303580842e-07         1.193457402765069e-07
67        -4.458704945926835e-11         1.128121052143844e-07         1.127675181649252e-07
68        -4.146728882597303e-11         1.066515294209935e-07         1.066100621321675e-07
69        -3.860357760799971e-11         1.008806754710229e-07         1.008420718934149e-07
70        -3.597165878424404e-11           9.5470906223434e-08         9.543493456464976e-08
71        -3.354988046184765e-11         9.039601168768395e-08          9.03624618072221e-08
72        -3.131888379848929e-11         8.563197472773097e-08         8.560065584393248e-08
73        -2.926133209553293e-11         8.115676216447252e-08         8.112750083237698e-08
74         -2.73616751168673e-11         7.695013822508187e-08         7.692277654996501e-08
75         -2.56059436466497e-11         7.299349768950344e-08         7.296789174585679e-08
76        -2.398157006189329e-11         6.926971642870571e-08         6.924573485864382e-08
77        -2.247723133164123e-11         6.576301732505134e-08          6.57405400937197e-08
78        -2.108271138967705e-11         6.245884981970982e-08         6.243776710832014e-08
79         -1.97887802754366e-11         5.934378155158481e-08         5.932399277130937e-08
80        -1.858708781707295e-11         5.640540074195143e-08         5.638681365413436e-08
81        -1.747006994935426e-11         5.363222814325829e-08         5.361475807330893e-08
82        -1.643086602890157e-11         5.101363751302905e-08         5.099720664700014e-08
83         -1.54632457397122e-11         4.853978369761445e-08         4.852432045187473e-08
84        -1.456154437530302e-11         4.620153751832619e-08         4.618697597395089e-08
85        -1.372060545029597e-11         4.399042674647508e-08         4.397670614102478e-08
86        -1.293572973617939e-11         4.189858253593456e-08         4.188564680619838e-08
87         -1.22026299360655e-11         3.991869075368115e-08         3.990648812374508e-08
88        -1.151739031760151e-11         3.804394771171074e-08         3.803243032139314e-08
89        -1.087643071217675e-11         3.626801985897877e-08         3.625714342826659e-08
90        -1.027647436434458e-11         3.458500704057727e-08         3.457473056621292e-08
91        -9.714519182366121e-12         3.298940897411746e-08         3.297969445493509e-08
92        -9.187811996435575e-12         3.147609463097962e-08         3.146690681898318e-08
93        -8.693825481247763e-12         3.004027424337218e-08         3.003158041789093e-08
94        -8.230237441311075e-12         2.867747368756425e-08         2.866924345012293e-08
95        -7.794912195092278e-12         2.738351101970483e-08         2.737571610750974e-08
96        -7.385883850288105e-12         2.615447496375841e-08         2.614708907990812e-08
97                             0                             0                             0
98                             0                             0                             0
99                             0                             0                             0
100                             0                             0                             0
101                             0                             0                             0
102                             0                             0                             0
103                             0                             0                             0
104                             0                             0                             0
105                             0                             0                             0
106                             0                             0                             0
107                             0                             0                             0
108                             0                             0                             0
109                             0                             0                             0
110                             0                             0                             0
111                             0                             0                             0
112                             0                             0                             0
113                             0                             0                             0
114                             0                             0                             0
115                             0                             0                             0
116                             0                             0                             0
117                             0                             0                             0
118                             0                             0                             0
119                             0                             0                             0
120                             0                             0                             0
121                             0                             0                             0
122                             0                             0                             0
123                             0                             0                             0
124                             0                             0                             0
125                             0                             0                             0
126                             0                             0                             0
127                             0                             0                             0
128                             0                             0                             0
129                             0                             0                             0
130                             0                             0                             0
131                             0                             0                             0
132                             0                             0                             0
133                             0                             0                             0
134                             0                             0                             0
135                             0                             0                             0
136                             0                             0                             0
137                             0                             0                             0
138                             0                             0                             0
139                             0                             0                             0
140                             0                             0                             0
141                             0                             0                             0
142                             0                             0                             0
143                             0                             0                             0
144                             0                             0                             0
145                             0                             0                             0
146                             0                             0                             0
147                             0                             0                             0
148                             0                             0                             0
149                             0                             0                             0
150                             0                             0                             0
151                             0                             0                             0
152                             0                             0                             0
153                             0                             0                             0
154                             0                             0                             0
155                             0                             0                             0
156                             0                             0                             0
157                             0                             0                             0
158                             0                             0                             0
159                             0                             0                             0
160                             0                             0                             0
161                             0                             0                             0
162                             0                             0                             0
163                             0                             0                             0
164                             0                             0                             0
165                             0                             0                             0
166                             0                             0                             0
167                             0                             0                             0
168                             0                             0                             0
169                             0                             0                             0
170                             0                             0                             0
171                             0                             0                             0
172                             0                             0                             0
173                             0                             0                             0
174                             0                             0                             0
175                             0                             0                             0
176                             0                             0                             0
177                             0                             0                             0
178                             0                             0                             0
179                             0                             0                             0
180                             0                             0                             0
181                             0                             0                             0
182                             0                             0                             0
183                             0                             0                             0
184                             0                             0                             0
185                             0                             0                             0
186                             0                             0                             0
187                             0                             0                             0
188                             0                             0                             0
189                             0                             0                             0
190                             0                             0                             0
191                             0                             0                             0
