
0                             0                             0                             0
1          0.006015366021580981           0.04464489790847227           0.05066026393005325
2          -0.00120936953469398          0.007541631380196214          0.006332261845502234
3        -0.0002363990941296014          0.002112418672546746          0.001876019578417144
4        -5.578061505483688e-05         0.0008470657548238383         0.0007912851397690015
5        -1.743405437801537e-05         0.0004224431263832034         0.0004050090720051881
6        -6.806820170403668e-06         0.0002410810192127653         0.0002342741990423617
7        -3.105960140148802e-06         0.0001505482740006973         0.0001474423138605485
8        -1.582776783250271e-06         0.0001002818088008742          9.86990320176239e-05
9        -8.756410656119118e-07         7.012971459476898e-05         6.925407352915707e-05
10        -5.163821908371242e-07         5.094555946146156e-05         5.042917727062444e-05
11         -3.20547797816728e-07         3.815855106763975e-05         3.783800326982302e-05
12        -2.075572892836357e-07         2.930797253222831e-05         2.910041524294467e-05
13        -1.392315112457106e-07         2.298781374308335e-05         2.284858223183764e-05
14        -9.624933829507077e-08         1.835450372097042e-05         1.825825438267535e-05
15        -6.828218648748293e-08         1.488082530610339e-05         1.481254311961591e-05
16        -4.954617930394171e-08         1.222564614618424e-05          1.21760999668803e-05
17        -3.667050287563804e-08          1.01615501876784e-05         1.012487968480276e-05
18        -2.762126863485969e-08         8.532941143430759e-06         8.505319874795899e-06
19        -2.113327932686812e-08         7.230904962877862e-06         7.209771683550994e-06
20        -1.639797607485212e-08         6.177648678148646e-06         6.161250702073794e-06
21        -1.288603613901513e-08         5.316597942508853e-06         5.303711906369838e-06
22        -1.024336833061909e-08         4.605938957688003e-06         4.595695589357383e-06
23        -8.228435853484905e-09         4.014313128299853e-06         4.006084692446368e-06
24        -6.673535643843406e-09         3.517889452787983e-06          3.51121591714414e-06
25        -5.460333843389211e-09         3.098337736699045e-06         3.092877402855656e-06
26        -4.504089159052065e-09         2.741402350582166e-06         2.736898261423114e-06
27        -3.743286811950286e-09         2.435883497772899e-06         2.432140210960949e-06
28        -3.132709610869556e-09         2.172899521599982e-06         2.169766811989113e-06
29        -2.638732678974922e-09         1.945345938757373e-06         1.942707206078398e-06
30        -2.236081177750576e-09         1.747494083678127e-06         1.745258002500376e-06
31        -1.905565668991599e-09         1.574690097431077e-06         1.572784531762085e-06
32        -1.632480279476607e-09         1.423126893741374e-06         1.421494413461897e-06
33        -1.405456300651372e-09         1.289669784083388e-06         1.288264327782737e-06
34        -1.215632681884436e-09         1.171721963325425e-06          1.17050633064354e-06
35        -1.056049617416714e-09          1.06711989039461e-06         1.066063840777193e-06
36        -9.212009469782786e-10         9.740512918929999e-07         9.731300909460216e-07
37         -8.06700719790823e-10         8.909904302731561e-07         8.901837295533653e-07
38        -7.090327456801547e-10          8.16646652298873e-07         8.159376195531929e-07
39        -6.253608864892536e-10         7.499232294517706e-07         7.492978685652814e-07
40        -5.533842948094286e-10         6.898842309583641e-07         6.893308466635547e-07
41        -4.912261380937668e-10         6.357277080057027e-07         6.352364818676089e-07
42        -4.373474761774457e-10         5.867638680803772e-07         5.863265206041998e-07
43        -3.904801714043296e-10         5.423972186197282e-07         5.420067384483239e-07
44        -3.495743009698277e-10         5.021118860227738e-07          5.01762311721804e-07
45         -3.13756693190218e-10         4.654594886766859e-07         4.651457319834957e-07
46        -2.822980505795909e-10         4.320490748639434e-07         4.317667768133638e-07
47        -2.545867414285107e-10         4.015387383255677e-07         4.012841515841391e-07
48        -2.301078000759954e-10         3.736286032873925e-07         3.733984954873165e-07
49        -2.084260181163219e-10         3.480549324001913e-07          3.47846506382075e-07
50        -1.891722656282264e-10         3.245851593919738e-07         3.243959871263456e-07
51        -1.720323756012956e-10         3.030136863503859e-07         3.028416539747846e-07
52        -1.567380722611701e-10         2.831583157606851e-07         2.830015776884239e-07
53        -1.430595367900629e-10         2.648572114785422e-07         2.647141519417521e-07
54        -1.307992906520255e-10         2.479663020596171e-07         2.478355027689651e-07
55        -1.197871437340518e-10         2.323570553304569e-07         2.322372681867228e-07
56        -1.098760065751652e-10         2.179145655636208e-07         2.178046895570456e-07
57        -1.009384066036299e-10         2.045359047315302e-07         2.044349663249265e-07
58        -9.286357993890056e-11         1.921286975394931e-07         1.920358339595542e-07
59        -8.555503621491219e-11         1.806098866570525e-07         1.805243316208376e-07
60        -7.892851213670062e-11         1.699046600715422e-07         1.698257315594055e-07
61        -7.291024726569367e-11         1.599455170190323e-07         1.598726067717667e-07
62        -6.743552651447521e-11         1.506714526846086e-07         1.506040171580941e-07
63        -6.244744471336498e-11         1.420272449604732e-07         1.419647975157598e-07
64        -5.789585649012557e-11         1.339628291219048e-07         1.339049332654146e-07
65        -5.373648126983049e-11          1.26432748424214e-07         1.263790119429442e-07
66        -4.993013849969522e-11         1.193956704150066e-07         1.193457402765069e-07
67         -4.64420925522208e-11         1.128139602574774e-07         1.127675181649252e-07
68        -4.324148989647025e-11          1.06653303622064e-07         1.066100621321675e-07
69        -4.030087529456752e-11         1.008823727687095e-07         1.008420718934149e-07
70        -3.759577353921047e-11         9.547253033818897e-08         9.543493456464976e-08
71        -3.510432842721167e-11         9.039756613564931e-08          9.03624618072221e-08
72        -3.280698966855291e-11         8.563346283360103e-08         8.560065584393248e-08
73        -3.068624105072186e-11         8.115818707342771e-08         8.112750083237698e-08
74          -2.8726363904841e-11         7.695150291386985e-08         7.692277654996501e-08
75        -2.691323088043531e-11         7.299480497673723e-08         7.296789174585679e-08
76         -2.52341257973533e-11         6.927096898444117e-08         6.924573485864382e-08
77        -2.367758598245561e-11         6.576421767970216e-08          6.57405400937197e-08
78        -2.223326403100568e-11         6.246000037235115e-08         6.243776710832014e-08
79        -2.089180638475493e-11         5.934488457769413e-08         5.932399277130937e-08
80        -1.964474649480355e-11         5.640645840062916e-08         5.638681365413436e-08
81        -1.848441065929699e-11         5.363324248396823e-08         5.361475807330893e-08
82        -1.740383489481839e-11         5.101461048189496e-08         5.099720664700014e-08
83        -1.639669143078341e-11         4.854071714330552e-08         4.852432045187473e-08
84        -1.545722361126571e-11         4.620243319756215e-08         4.618697597395089e-08
85        -1.458018815382633e-11         4.399128632917861e-08         4.397670614102478e-08
86        -1.376080385834014e-11         4.189940761005672e-08         4.188564680619838e-08
87        -1.299470597800598e-11         3.991948282972309e-08         3.990648812374508e-08
88        -1.227790557028846e-11         3.804470822696342e-08         3.803243032139314e-08
89        -1.160675323408752e-11         3.626875018150068e-08         3.625714342826659e-08
90        -1.097790671520157e-11         3.458570847292812e-08         3.457473056621292e-08
91        -1.038830192991936e-11         3.299008275686501e-08         3.297969445493509e-08
92         -9.83512701183119e-12         3.147674194599501e-08         3.146690681898318e-08
93        -9.315799037315654e-12         3.004089621692825e-08         3.003158041789093e-08
94        -8.827943127122582e-12         2.867807139325006e-08         2.866924345012293e-08
95        -8.369373658844769e-12         2.738408548116859e-08         2.737571610750974e-08
96        -7.938077382143351e-12         2.615502715729026e-08         2.614708907990812e-08
97                             0                             0                             0
98                             0                             0                             0
99                             0                             0                             0
100                             0                             0                             0
101                             0                             0                             0
102                             0                             0                             0
103                             0                             0                             0
104                             0                             0                             0
105                             0                             0                             0
106                             0                             0                             0
107                             0                             0                             0
108                             0                             0                             0
109                             0                             0                             0
110                             0                             0                             0
111                             0                             0                             0
112                             0                             0                             0
113                             0                             0                             0
114                             0                             0                             0
115                             0                             0                             0
116                             0                             0                             0
117                             0                             0                             0
118                             0                             0                             0
119                             0                             0                             0
120                             0                             0                             0
121                             0                             0                             0
122                             0                             0                             0
123                             0                             0                             0
124                             0                             0                             0
125                             0                             0                             0
126                             0                             0                             0
127                             0                             0                             0
128                             0                             0                             0
129                             0                             0                             0
130                             0                             0                             0
131                             0                             0                             0
132                             0                             0                             0
133                             0                             0                             0
134                             0                             0                             0
135                             0                             0                             0
136                             0                             0                             0
137                             0                             0                             0
138                             0                             0                             0
139                             0                             0                             0
140                             0                             0                             0
141                             0                             0                             0
142                             0                             0                             0
143                             0                             0                             0
144                             0                             0                             0
145                             0                             0                             0
146                             0                             0                             0
147                             0                             0                             0
148                             0                             0                             0
149                             0                             0                             0
150                             0                             0                             0
151                             0                             0                             0
152                             0                             0                             0
153                             0                             0                             0
154                             0                             0                             0
155                             0                             0                             0
156                             0                             0                             0
157                             0                             0                             0
158                             0                             0                             0
159                             0                             0                             0
160                             0                             0                             0
161                             0                             0                             0
162                             0                             0                             0
163                             0                             0                             0
164                             0                             0                             0
165                             0                             0                             0
166                             0                             0                             0
167                             0                             0                             0
168                             0                             0                             0
169                             0                             0                             0
170                             0                             0                             0
171                             0                             0                             0
172                             0                             0                             0
173                             0                             0                             0
174                             0                             0                             0
175                             0                             0                             0
176                             0                             0                             0
177                             0                             0                             0
178                             0                             0                             0
179                             0                             0                             0
180                             0                             0                             0
181                             0                             0                             0
182                             0                             0                             0
183                             0                             0                             0
184                             0                             0                             0
185                             0                             0                             0
186                             0                             0                             0
187                             0                             0                             0
188                             0                             0                             0
189                             0                             0                             0
190                             0                             0                             0
191                             0                             0                             0
