0                   0                   0                   0
1       0.01477802635       0.03033667416       0.04511470051
2    -0.0007780483893      0.004681887993      0.003903839604
3    -0.0002252519089     0.0009106786519      0.000685426743
4    -5.375017497e-05      0.000209719128      0.000155968953
5     -1.37532853e-05     5.424845008e-05     4.049516477e-05
6    -3.809160939e-06     1.518975456e-05     1.138059362e-05
7    -1.123364881e-06     4.494492669e-06     3.371127788e-06
8    -3.471749188e-07     1.383825156e-06     1.036650237e-06
9    -1.111070347e-07     4.389160012e-07     3.278089665e-07
10    -3.651359702e-08     1.424408239e-07     1.059272269e-07
11     -1.22495015e-08     4.707414547e-08     3.482464397e-08
12    -4.177246092e-09     1.578844814e-08     1.161120205e-08
13    -1.443500328e-09     5.360441411e-09     3.916941083e-09
14    -5.042930558e-10     1.838751002e-09     1.334457946e-09
15    -1.777907306e-10     6.362816559e-10     4.584909253e-10
16    -6.316641026e-11     2.218492208e-10     1.586828105e-10
17     -2.25907274e-11     7.786223302e-11     5.527150563e-11
18    -8.125514323e-12     2.748596329e-11     1.936044897e-11
19    -2.937171423e-12     9.752678367e-12     6.815506944e-12
20    -1.066355598e-12     3.476366935e-12     2.410011337e-12
21    -3.886415119e-13     1.244264858e-12     8.556233462e-13
22    -1.421298742e-13     4.470045842e-13       3.0487471e-13
23    -5.213785465e-14     1.611289542e-13     1.089910995e-13
24    -1.917863798e-14      5.82596798e-14     3.908104183e-14
25    -7.072338102e-15     2.112430427e-14     1.405196617e-14
26    -2.613895115e-15      7.67922307e-15     5.065327955e-15
27    -9.680667233e-16     2.798240786e-15     1.830174063e-15
28    -3.592008314e-16     1.021899268e-15     6.626984361e-16
29     -1.33510784e-16     3.739530114e-16     2.404422275e-16
30    -4.970295229e-17     1.371039391e-16     8.740098683e-17
31    -1.853025437e-17     5.035598316e-17      3.18257288e-17
32    -6.917771343e-18     1.852551291e-17     1.160774156e-17
33                   0                   0                   0
34                   0                   0                   0
35                   0                   0                   0
36                   0                   0                   0
37                   0                   0                   0
38                   0                   0                   0
39                   0                   0                   0
40                   0                   0                   0
41                   0                   0                   0
42                   0                   0                   0
43                   0                   0                   0
44                   0                   0                   0
45                   0                   0                   0
46                   0                   0                   0
47                   0                   0                   0
48                   0                   0                   0
49                   0                   0                   0
50                   0                   0                   0
51                   0                   0                   0
52                   0                   0                   0
53                   0                   0                   0
54                   0                   0                   0
55                   0                   0                   0
56                   0                   0                   0
57                   0                   0                   0
58                   0                   0                   0
59                   0                   0                   0
60                   0                   0                   0
61                   0                   0                   0
62                   0                   0                   0
63                   0                   0                   0
