0                   0                   0                   0
1        0.0030691831       0.04204551741       0.04511470051
2     -0.001610986442      0.005514826045      0.003903839604
3    -0.0003005971736     0.0009860239166      0.000685426743
4    -6.342705589e-05     0.0002193960089      0.000155968953
5    -1.564027944e-05     5.613544421e-05     4.049516477e-05
6    -4.308464129e-06     1.568905775e-05     1.138059362e-05
7    -1.276337168e-06     4.647464956e-06     3.371127788e-06
8    -3.969500344e-07     1.433600272e-06     1.036650237e-06
9    -1.277474659e-07     4.555564325e-07     3.278089665e-07
10     -4.21618896e-08     1.480891165e-07     1.059272269e-07
11    -1.418712623e-08      4.90117702e-08     3.482464397e-08
12    -4.847575016e-09     1.645877707e-08     1.161120205e-08
13    -1.677074489e-09     5.594015572e-09     3.916941083e-09
14    -5.861950181e-10     1.920652964e-09     1.334457946e-09
15    -2.066704391e-10     6.651613644e-10     4.584909253e-10
16      -7.3400941e-11     2.320837515e-10     1.586828105e-10
17    -2.623410781e-11     8.150561343e-11     5.527150563e-11
18    -9.427831205e-12     2.878828017e-11     1.936044897e-11
19    -3.404414161e-12     1.021992111e-11     6.815506944e-12
20    -1.234561226e-12     3.644572562e-12     2.410011337e-12
21    -4.493830753e-13     1.305006421e-12     8.556233462e-13
22    -1.641271485e-13     4.690018585e-13       3.0487471e-13
23     -6.01250019e-14     1.691161014e-13     1.089910995e-13
24     -2.20857892e-14     6.116683103e-14     3.908104183e-14
25    -8.132858774e-15     2.218482494e-14     1.405196617e-14
26    -3.001578111e-15     8.066906067e-15     5.065327955e-15
27    -1.110063337e-15       2.9402374e-15     1.830174063e-15
28    -4.113042814e-16     1.074002718e-15     6.626984361e-16
29    -1.526617741e-16     3.931040016e-16     2.404422275e-16
30    -5.675322581e-17     1.441542126e-16     8.740098683e-17
31    -2.112962713e-17     5.295535593e-17      3.18257288e-17
32    -7.877482634e-18      1.94852242e-17     1.160774156e-17
33                   0                   0                   0
34                   0                   0                   0
35                   0                   0                   0
36                   0                   0                   0
37                   0                   0                   0
38                   0                   0                   0
39                   0                   0                   0
40                   0                   0                   0
41                   0                   0                   0
42                   0                   0                   0
43                   0                   0                   0
44                   0                   0                   0
45                   0                   0                   0
46                   0                   0                   0
47                   0                   0                   0
48                   0                   0                   0
49                   0                   0                   0
50                   0                   0                   0
51                   0                   0                   0
52                   0                   0                   0
53                   0                   0                   0
54                   0                   0                   0
55                   0                   0                   0
56                   0                   0                   0
57                   0                   0                   0
58                   0                   0                   0
59                   0                   0                   0
60                   0                   0                   0
61                   0                   0                   0
62                   0                   0                   0
63                   0                   0                   0
