
0                   0                   0                   0
1      0.006012110708       0.04464723239       0.05065934309
2     -0.001210045062      0.007541455573      0.006331410511
3    -0.0002366240932      0.002111850156      0.001875226063
4    -5.587924955e-05     0.0008464211673     0.0007905419177
5    -1.748514641e-05     0.0004217957486     0.0004043106022
6    -6.836446329e-06     0.0002404525619     0.0002336161156
7     -3.12458928e-06     0.0001499456214     0.0001468210321
8    -1.595219634e-06     9.970674495e-05     9.811152532e-05
9    -8.843455445e-07     6.958208029e-05     6.869773475e-05
10    -5.226971845e-07     5.042442363e-05     4.990172644e-05
11    -3.252653132e-07     3.766268825e-05     3.733742293e-05
12     -2.11166937e-07     2.883607027e-05     2.862490333e-05
13       -1.420491e-07     2.253856574e-05     2.239651664e-05
14      -9.8485951e-08     1.792665156e-05     1.782816561e-05
15     -7.00832369e-08     1.447317596e-05     1.440309272e-05
16    -5.101447681e-08     1.183707767e-05     1.178606319e-05
17    -3.788039164e-08     9.791011752e-06      9.75313136e-06
18    -2.862758046e-08     8.179450284e-06     8.150822703e-06
19    -2.197716548e-08     6.893543615e-06     6.871566449e-06
20    -1.711080245e-08     5.855558792e-06     5.838447989e-06
21     -1.34920433e-08     5.008977072e-06     4.995485028e-06
22    -1.076152472e-08     4.312036025e-06       4.3012745e-06
23    -8.673752171e-09     3.733424458e-06     3.724750706e-06
24     -7.05801235e-09     3.249355108e-06     3.242297096e-06
25                   0                   0                   0
26                   0                   0                   0
27                   0                   0                   0
28                   0                   0                   0
29                   0                   0                   0
30                   0                   0                   0
31                   0                   0                   0
32                   0                   0                   0
33                   0                   0                   0
34                   0                   0                   0
35                   0                   0                   0
36                   0                   0                   0
37                   0                   0                   0
38                   0                   0                   0
39                   0                   0                   0
40                   0                   0                   0
41                   0                   0                   0
42                   0                   0                   0
43                   0                   0                   0
44                   0                   0                   0
45                   0                   0                   0
46                   0                   0                   0
47                   0                   0                   0
