
0                             0                             0                             0
1           0.01986093566210327           0.03079939719872025           0.05066033286082353
2        -0.0001514372686256963          0.006483763979099858          0.006332326710474161
3         -0.000139715908539716          0.002015796905724071          0.001876080997184355
4        -4.530243703383435e-05         0.0008366459498945346         0.0007913435128607002
5        -1.607032147687309e-05         0.0004211350170393044         0.0004050646955624313
6         -6.58651365574391e-06         0.0002409138211545916         0.0002343273074988477
7        -3.060212300324254e-06         0.0001505533130191716         0.0001474931007188473
8        -1.570403911132825e-06         0.0001003180654850358         9.874766157390296e-05
9        -8.713383735366409e-07         7.017202652875546e-05         6.930068815521882e-05
10        -5.145089879790045e-07          5.09884112417552e-05         5.047390225377619e-05
11        -3.195611603548458e-07         3.820051135720346e-05         3.788095019684862e-05
12        -2.069533609456362e-07         2.934863782225365e-05         2.914168446130801e-05
13        -1.388189443746126e-07         2.302708364160192e-05         2.288826469722731e-05
14        -9.594523417075229e-08         1.839237831648698e-05         1.829643308231622e-05
15        -6.804615678911978e-08         1.491734034955318e-05         1.484929419276406e-05
16        -4.935638745059123e-08         1.226084999073028e-05         1.221149360327969e-05
17        -3.651403250149821e-08         1.019549488906235e-05         1.015898085656085e-05
18        -2.748988633764861e-08         8.565678827126331e-06         8.538188940788682e-06
19        -2.102141078067368e-08          7.26248630536941e-06         7.241464894588736e-06
20        -1.630166353779218e-08         6.208122291162987e-06         6.191820627625195e-06
21        -1.280236322241593e-08         5.346010161665514e-06         5.333207798443098e-06
22         -1.01701224958558e-08         4.634333817921723e-06         4.624163695425868e-06
23        -8.163899213709586e-09         4.041732425822455e-06         4.033568526608746e-06
24         -6.61634931169794e-09         3.544372846027063e-06         3.537756496715365e-06
25        -5.409406292317856e-09         3.123922862382496e-06         3.118513456090178e-06
26        -4.458532279711928e-09         2.766124943215112e-06           2.7616664109354e-06
27        -3.702370030864168e-09         2.459777506565049e-06         2.456075136534185e-06
28        -3.095826195604386e-09         2.195997221978402e-06         2.192901395782797e-06
29        -2.605374502229124e-09         1.967678037213158e-06         1.965072662710929e-06
30        -2.205819499385842e-09         1.769089815557885e-06         1.766883996058499e-06
31        -1.878036289614842e-09         1.595577317739126e-06         1.593699281449511e-06
32        -1.607371927058574e-09         1.443332161252448e-06         1.441724789325389e-06
33        -1.382501446687321e-09          1.30921843917781e-06         1.307835937731122e-06
34        -1.194600207086834e-09         1.190638199999796e-06         1.189443599792709e-06
35        -1.036738906273307e-09         1.085426822910005e-06         1.084390084003732e-06
36        -9.034370799200354e-10         9.917710164873608e-07         9.908675794074408e-07
37         -7.90330565866212e-10         9.081440823947013e-07         9.073537518288351e-07
38        -6.939217219718388e-10         8.332544596934346e-07         8.325605379714628e-07
39        -6.113902853595401e-10         7.660045614982522e-07         7.653931712128926e-07
40        -5.404490551600737e-10         7.054576445593072e-07         7.049171955041472e-07
41         -4.79232978858996e-10          6.50810990328951e-07          6.50331757350092e-07
42        -4.262133253926152e-10         6.013740764176216e-07          6.00947863092229e-07
43        -3.801308378513773e-10         5.565507176024718e-07         5.561705867646204e-07
44         -3.39943346047019e-10         5.158243824133806e-07         5.154844390673336e-07
45        -3.047844685165936e-10         4.787460639310466e-07           4.7844127946253e-07
46        -2.739308744849713e-10         4.449242156447689e-07          4.44650284770284e-07
47        -2.467761907072151e-10         4.140163651266314e-07         4.137695889359242e-07
48        -2.228100993710073e-10         3.857220973158854e-07         3.854992872165144e-07
49          -2.0160151143394e-10         3.597771608497017e-07         3.595755593382678e-07
50        -1.827849574954467e-10         3.359484992268667e-07         3.357657142693713e-07
51        -1.660495314598067e-10         3.140300467114339e-07         3.138639971799741e-07
52        -1.511298694184173e-10         2.938391590920323e-07         2.936880292226138e-07
53        -1.377987586720644e-10          2.75213573467322e-07         2.750757747086499e-07
54        -1.258610582570825e-10         2.580088104716494e-07         2.578829494133923e-07
55        -1.151486791511815e-10         2.420959478183496e-07         2.419807991391984e-07
56        -1.055164242163402e-10         2.273597065171973e-07          2.27254190092981e-07
57         -9.68385284342349e-11         2.136968012346957e-07         2.135999627062614e-07
58        -8.900577173488132e-11         2.010145144926302e-07         2.009255087208953e-07
59        -8.192306173491005e-11         1.892294611187089e-07          1.89147538056974e-07
60        -7.550740348434807e-11         1.782665148698921e-07         1.781910074664078e-07
61        -6.968618903795356e-11         1.680578736787052e-07         1.679881874896672e-07
62        -6.439575220821427e-11         1.585422437115481e-07         1.584778479593399e-07
63        -5.958014389398388e-11         1.496641255240805e-07         1.496045453801865e-07
64        -5.519009144986965e-11         1.413731881708166e-07         1.413179980793667e-07
65        -5.118211207397663e-11         1.336237192694033e-07         1.335725371573293e-07
66        -4.751775546031762e-11          1.26374140811452e-07         1.263266230559917e-07
67        -4.416295524582899e-11         1.195865820133725e-07         1.195424190581267e-07
68        -4.108747227309771e-11         1.132265017628224e-07         1.131854142905493e-07
69        -3.826441554263271e-11          1.07262354280176e-07         1.072240898646333e-07
70        -3.566982907009639e-11         1.016652925133715e-07         1.016296226843014e-07
71        -3.328233479079307e-11          9.64089045460871e-08         9.637562221129631e-08
72        -3.108282324204343e-11         9.146897894600459e-08         9.143789612276254e-08
73         -2.90541850697412e-11          8.68232955305651e-08         8.679424134549536e-08
74        -2.718107749690944e-11         8.245143849748707e-08         8.242425741999016e-08
75        -2.544972079937839e-11         7.833462926916126e-08         7.830917954836188e-08
76        -2.384772059128509e-11         7.445557674446377e-08         7.443172902387248e-08
77         -2.23639123574434e-11         7.079834294736823e-08         7.077597903501078e-08
78        -2.098822519872414e-11         6.734822231637547e-08         6.732723409117675e-08
79        -1.971156220547284e-11         6.409163309839472e-08         6.407192153618924e-08
80        -1.852569524656795e-11         6.101601950049074e-08         6.099749380524417e-08
81         -1.74231722826752e-11         5.810976341722969e-08         5.809234024494701e-08
82        -1.639723557779171e-11         5.536210469388634e-08         5.534570745830854e-08
83        -1.544174941248819e-11         5.276306900963693e-08         5.274762726022444e-08
84        -1.455113609547986e-11         5.030340257268827e-08         5.028885143659279e-08
85        -1.372031923420364e-11         4.797451291332195e-08         4.796079259408775e-08
86        -1.294467336661277e-11         4.576841514296884e-08         4.575547046960223e-08
87        -1.221997917591769e-11          4.36776831192931e-08         4.366546314011718e-08
88        -1.154238361286394e-11         4.169540502024313e-08         4.168386263663026e-08
89        -1.090836433904916e-11         3.981514288530471e-08         3.980423452096566e-08
90        -1.031469797981731e-11         3.803089573078335e-08         3.802058103280353e-08
91         -9.75843174156758e-12         3.633706588872251e-08         3.632730745698094e-08
92        -9.236858003856362e-12         3.472842825678097e-08         3.471919139877712e-08
93         -8.74749154591059e-12         3.320010217969301e-08          3.31913546881471e-08
94        -8.288049109350624e-12         3.174752571237776e-08          3.17392376632684e-08
95        -7.856431035270336e-12         3.036643204083042e-08         3.035857560979515e-08
96        -7.450704745417121e-12         2.905282786003699e-08         2.904537715529157e-08
97        -7.069089865467693e-12         2.780297352866723e-08         2.779590443880176e-08
98        -6.709944812082694e-12         2.661336483853318e-08          2.66066548937211e-08
99        -6.371754685579872e-12         2.548071625302462e-08         2.547434449833904e-08
100          -6.0531203302885e-12         2.440194548319132e-08         2.439589236286103e-08
101        -5.752748438779264e-12         2.337415928303684e-08         2.336840653459806e-08
102        -5.469442591443504e-12         2.239464035710746e-08         2.238917091451602e-08
103        -5.202095134380318e-12         2.146083528375761e-08         2.145563318862323e-08
104        -4.949679810276086e-12         2.057034336669295e-08         2.056539368688267e-08
105        -4.711245065484313e-12         1.972090633565215e-08         1.971619509058667e-08
106        -4.485907965632447e-12          1.89103988245003e-08         1.890591291653466e-08
107        -4.272848659311976e-12         1.813681956166164e-08         1.813254671300233e-08
108        -4.071305335658198e-12         1.739828321380274e-08         1.739421190846708e-08
109        -3.880569627661239e-12         1.669301282906052e-08         1.668913225943286e-08
110        -3.699982418135354e-12         1.601933283096024e-08          1.60156328485421e-08
111        -3.528930009727104e-12         1.537566251854045e-08         1.537213358853072e-08
112        -3.366840624313477e-12         1.476051003214934e-08         1.475714319152503e-08
113                             0                             0                             0
114                             0                             0                             0
115                             0                             0                             0
116                             0                             0                             0
117                             0                             0                             0
118                             0                             0                             0
119                             0                             0                             0
120                             0                             0                             0
121                             0                             0                             0
122                             0                             0                             0
123                             0                             0                             0
124                             0                             0                             0
125                             0                             0                             0
126                             0                             0                             0
127                             0                             0                             0
128                             0                             0                             0
129                             0                             0                             0
130                             0                             0                             0
131                             0                             0                             0
132                             0                             0                             0
133                             0                             0                             0
134                             0                             0                             0
135                             0                             0                             0
136                             0                             0                             0
137                             0                             0                             0
138                             0                             0                             0
139                             0                             0                             0
140                             0                             0                             0
141                             0                             0                             0
142                             0                             0                             0
143                             0                             0                             0
144                             0                             0                             0
145                             0                             0                             0
146                             0                             0                             0
147                             0                             0                             0
148                             0                             0                             0
149                             0                             0                             0
150                             0                             0                             0
151                             0                             0                             0
152                             0                             0                             0
153                             0                             0                             0
154                             0                             0                             0
155                             0                             0                             0
156                             0                             0                             0
157                             0                             0                             0
158                             0                             0                             0
159                             0                             0                             0
160                             0                             0                             0
161                             0                             0                             0
162                             0                             0                             0
163                             0                             0                             0
164                             0                             0                             0
165                             0                             0                             0
166                             0                             0                             0
167                             0                             0                             0
168                             0                             0                             0
169                             0                             0                             0
170                             0                             0                             0
171                             0                             0                             0
172                             0                             0                             0
173                             0                             0                             0
174                             0                             0                             0
175                             0                             0                             0
176                             0                             0                             0
177                             0                             0                             0
178                             0                             0                             0
179                             0                             0                             0
180                             0                             0                             0
181                             0                             0                             0
182                             0                             0                             0
183                             0                             0                             0
184                             0                             0                             0
185                             0                             0                             0
186                             0                             0                             0
187                             0                             0                             0
188                             0                             0                             0
189                             0                             0                             0
190                             0                             0                             0
191                             0                             0                             0
192                             0                             0                             0
193                             0                             0                             0
194                             0                             0                             0
195                             0                             0                             0
196                             0                             0                             0
197                             0                             0                             0
198                             0                             0                             0
199                             0                             0                             0
200                             0                             0                             0
201                             0                             0                             0
202                             0                             0                             0
203                             0                             0                             0
204                             0                             0                             0
205                             0                             0                             0
206                             0                             0                             0
207                             0                             0                             0
208                             0                             0                             0
209                             0                             0                             0
210                             0                             0                             0
211                             0                             0                             0
212                             0                             0                             0
213                             0                             0                             0
214                             0                             0                             0
215                             0                             0                             0
216                             0                             0                             0
217                             0                             0                             0
218                             0                             0                             0
219                             0                             0                             0
220                             0                             0                             0
221                             0                             0                             0
222                             0                             0                             0
223                             0                             0                             0
