
0                             0                             0                             0
1          0.006015689795225668           0.04464464306559786           0.05066033286082353
2         -0.001209302357007634          0.007541629067481796          0.006332326710474161
3        -0.0002363767196681783          0.002112457716852533          0.001876080997184355
4        -5.577080466468191e-05         0.0008471143175253821         0.0007913435128607002
5        -1.742897008615561e-05         0.0004224936656485869         0.0004050646955624313
6        -6.803869366999826e-06         0.0002411311768658475         0.0002343273074988477
7        -3.104102172408503e-06         0.0001505972028912558         0.0001474931007188473
8        -1.581533541198673e-06         0.0001003291951151016         9.874766157390296e-05
9        -8.747693184569535e-07         7.017545747367577e-05         6.930068815521882e-05
10        -5.157479390153596e-07         5.098965019279155e-05         5.047390225377619e-05
11        -3.200723785792012e-07         3.820102257542782e-05         3.788095019684862e-05
12        -2.071920826060599e-07         2.934887654391407e-05         2.914168446130801e-05
13        -1.389451604333624e-07         2.302720985766067e-05         2.288826469722731e-05
14        -9.602088657961974e-08         1.839245396889584e-05         1.829643308231622e-05
15        -6.809719709240889e-08         1.491739138985647e-05         1.484929419276406e-05
16        -4.939444458391621e-08          1.22608880478636e-05         1.221149360327969e-05
17        -3.654464025780266e-08         1.019552549681866e-05         1.015898085656085e-05
18        -2.751583175806367e-08         8.565704772546746e-06         8.538188940788682e-06
19        -2.104417915435709e-08         7.262509073743093e-06         7.241464894588736e-06
20        -1.632209433056313e-08         6.208142721955758e-06         6.191820627625195e-06
21        -1.282096134874572e-08         5.346028759791844e-06         5.333207798443098e-06
22         -1.01872120361176e-08         4.634350907461985e-06         4.624163695425868e-06
23        -8.179702152037797e-09         4.041748228760784e-06         4.033568526608746e-06
24        -6.631027283953469e-09         3.544387523999319e-06         3.537756496715365e-06
25        -5.423083479242736e-09         3.123936539569421e-06         3.118513456090178e-06
26        -4.471308394389783e-09          2.76613771932979e-06           2.7616664109354e-06
27        -3.714327951320541e-09         2.459789464485505e-06         2.456075136534185e-06
28        -3.107036621502511e-09           2.1960084324043e-06         2.192901395782797e-06
29        -2.615898911486281e-09         1.967688561622416e-06         1.965072662710929e-06
30        -2.215712105762849e-09         1.769099708164262e-06         1.766883996058499e-06
31        -1.887345395572092e-09         1.595586626845084e-06         1.593699281449511e-06
32        -1.616140898843634e-09         1.443340930224233e-06         1.441724789325389e-06
33        -1.390769445380695e-09         1.309226707176503e-06         1.307835937731122e-06
34        -1.202402756315205e-09         1.190646002549024e-06         1.189443599792709e-06
35        -1.044108346574317e-09         1.085434192350306e-06         1.084390084003732e-06
36        -9.104029415598144e-10         9.917779823490006e-07         9.908675794074408e-07
37        -7.969198809323716e-10         9.081506717097675e-07         9.073537518288351e-07
38        -7.001592898057525e-10         8.332606972612686e-07         8.325605379714628e-07
39        -6.172989011217256e-10         7.660104701140144e-07         7.653931712128926e-07
40        -5.460497085750386e-10         7.054632452127222e-07         7.049171955041472e-07
41        -4.845450283539891e-10          6.50816302378446e-07          6.50331757350092e-07
42        -4.312546516118656e-10         6.013791177438409e-07          6.00947863092229e-07
43        -3.849179796603634e-10         5.565555047442808e-07         5.561705867646204e-07
44        -3.444916215098434e-10         5.158289306888434e-07         5.154844390673336e-07
45        -3.091080828797661e-10         4.787503875454098e-07           4.7844127946253e-07
46         -2.78043016845786e-10         4.449283277871297e-07          4.44650284770284e-07
47        -2.506891207740639e-10         4.140202780566982e-07         4.137695889359242e-07
48        -2.265352255128607e-10         3.857258224420273e-07         3.854992872165144e-07
49         -2.05149461038715e-10         3.597807087993065e-07         3.595755593382678e-07
50         -1.86165640517648e-10         3.359518799098889e-07         3.357657142693713e-07
51         -1.69272197920035e-10         3.140332693778941e-07         3.138639971799741e-07
52        -1.542031615170709e-10         2.938422323841309e-07         2.936880292226138e-07
53        -1.407307580980887e-10          2.75216505466748e-07         2.750757747086499e-07
54        -1.286593291999848e-10         2.580116087425923e-07         2.578829494133923e-07
55        -1.178203074633351e-10         2.420986194466618e-07         2.419807991391984e-07
56        -1.080680531209816e-10          2.27362258146102e-07          2.27254190092981e-07
57        -9.927639112694129e-11         2.136992390973884e-07         2.135999627062614e-07
58        -9.133572118864838e-11         2.010168444420839e-07         2.009255087208953e-07
59        -8.415059798281849e-11         1.892316886549568e-07          1.89147538056974e-07
60        -7.763769862421443e-11          1.78268645165032e-07         1.781910074664078e-07
61        -7.172411017612344e-11         1.680599115998434e-07         1.679881874896672e-07
62        -6.634588253781838e-11         1.585441938418777e-07         1.584778479593399e-07
63        -6.144680207931352e-11         1.496659921822659e-07         1.496045453801865e-07
64        -5.697734947500204e-11         1.413749754288417e-07         1.413179980793667e-07
65        -5.289381169236648e-11         1.336254309690217e-07         1.335725371573293e-07
66        -4.915752337267466e-11         1.263757805793644e-07         1.263266230559917e-07
67        -4.573421711750737e-11         1.195881532752442e-07         1.195424190581267e-07
68        -4.259346569339571e-11         1.132280077562427e-07         1.131854142905493e-07
69        -3.970820201623817e-11         1.072637980666496e-07         1.072240898646333e-07
70        -3.705430512471944e-11         1.016666769894261e-07         1.016296226843014e-07
71        -3.461024227409567e-11          9.64102324535704e-08         9.637562221129631e-08
72        -3.235675887630339e-11         9.147025288163885e-08         9.143789612276254e-08
73         -3.02766093253693e-11         8.682451795482073e-08         8.679424134549536e-08
74        -2.835432283992986e-11         8.245261174283009e-08         8.242425741999016e-08
75        -2.657599936352225e-11          7.83357555477254e-08         7.830917954836188e-08
76        -2.492913132058256e-11         7.445665815519307e-08         7.443172902387248e-08
77        -2.340244766113658e-11         7.079938148267192e-08         7.077597903501078e-08
78        -2.198577715612748e-11         6.734921986833288e-08         6.732723409117675e-08
79        -2.066992835574774e-11         6.409259146454499e-08         6.407192153618924e-08
80        -1.944658399521498e-11         6.101694038923938e-08         6.099749380524417e-08
81        -1.830820795341061e-11         5.811064845290042e-08         5.809234024494701e-08
82        -1.724796313628479e-11         5.536295542144483e-08         5.534570745830854e-08
83        -1.625963888664897e-11         5.276388689911109e-08         5.274762726022444e-08
84        -1.533758673404019e-11         5.030418902332683e-08         5.028885143659279e-08
85        -1.447666330355562e-11          4.79752692573913e-08         4.796079259408775e-08
86        -1.367217990692337e-11         4.576914264950916e-08         4.575547046960223e-08
87        -1.291985733035211e-11         4.367838299744753e-08         4.366546314011718e-08
88        -1.221578584831583e-11         4.169607842247858e-08         4.168386263663026e-08
89        -1.155638945203561e-11          3.98157909104177e-08         3.980423452096566e-08
90        -1.093839392102928e-11         3.803151942672456e-08         3.802058103280353e-08
91        -1.035879827164911e-11         3.633766625525259e-08         3.632730745698094e-08
92        -9.814849191589238e-12          3.47290062479687e-08         3.471919139877712e-08
93        -9.304018119683718e-12         3.320065870626678e-08          3.31913546881471e-08
94        -8.823980671489426e-12         3.174806164393989e-08          3.17392376632684e-08
95        -8.372598148305373e-12         3.036694820794346e-08         3.035857560979515e-08
96        -7.947900898729162e-12          2.90533250561903e-08         2.904537715529157e-08
97        -7.548073329962303e-12         2.780345251213172e-08         2.779590443880176e-08
98        -7.171440390213242e-12         2.661382633411131e-08          2.66066548937211e-08
99        -6.816455363256997e-12         2.548116095370229e-08         2.547434449833904e-08
100        -6.481688837022154e-12         2.440237405169805e-08         2.439589236286103e-08
101        -6.165818721664929e-12         2.337457235331972e-08         2.336840653459806e-08
102        -5.867621208435444e-12         2.239503853572446e-08         2.238917091451602e-08
103        -5.585962571814925e-12         2.146121915119504e-08         2.145563318862323e-08
104        -5.319791729231238e-12          2.05707134786119e-08         2.056539368688267e-08
105        -5.068133481365392e-12         1.972126322406803e-08         1.971619509058667e-08
106        -4.830082364995209e-12         1.891074299889966e-08         1.890591291653466e-08
107        -4.604797057581709e-12         1.813715151005991e-08         1.813254671300233e-08
108        -4.391495279378146e-12         1.739860340374645e-08         1.739421190846708e-08
109         -4.18944914445329e-12         1.669332170857731e-08         1.668913225943286e-08
110        -3.997980917473253e-12         1.601963082945957e-08          1.60156328485421e-08
111        -3.816459137314771e-12         1.537595004766804e-08         1.537213358853072e-08
112        -3.644295072841115e-12         1.476078748659787e-08         1.475714319152503e-08
113                             0                             0                             0
114                             0                             0                             0
115                             0                             0                             0
116                             0                             0                             0
117                             0                             0                             0
118                             0                             0                             0
119                             0                             0                             0
120                             0                             0                             0
121                             0                             0                             0
122                             0                             0                             0
123                             0                             0                             0
124                             0                             0                             0
125                             0                             0                             0
126                             0                             0                             0
127                             0                             0                             0
128                             0                             0                             0
129                             0                             0                             0
130                             0                             0                             0
131                             0                             0                             0
132                             0                             0                             0
133                             0                             0                             0
134                             0                             0                             0
135                             0                             0                             0
136                             0                             0                             0
137                             0                             0                             0
138                             0                             0                             0
139                             0                             0                             0
140                             0                             0                             0
141                             0                             0                             0
142                             0                             0                             0
143                             0                             0                             0
144                             0                             0                             0
145                             0                             0                             0
146                             0                             0                             0
147                             0                             0                             0
148                             0                             0                             0
149                             0                             0                             0
150                             0                             0                             0
151                             0                             0                             0
152                             0                             0                             0
153                             0                             0                             0
154                             0                             0                             0
155                             0                             0                             0
156                             0                             0                             0
157                             0                             0                             0
158                             0                             0                             0
159                             0                             0                             0
160                             0                             0                             0
161                             0                             0                             0
162                             0                             0                             0
163                             0                             0                             0
164                             0                             0                             0
165                             0                             0                             0
166                             0                             0                             0
167                             0                             0                             0
168                             0                             0                             0
169                             0                             0                             0
170                             0                             0                             0
171                             0                             0                             0
172                             0                             0                             0
173                             0                             0                             0
174                             0                             0                             0
175                             0                             0                             0
176                             0                             0                             0
177                             0                             0                             0
178                             0                             0                             0
179                             0                             0                             0
180                             0                             0                             0
181                             0                             0                             0
182                             0                             0                             0
183                             0                             0                             0
184                             0                             0                             0
185                             0                             0                             0
186                             0                             0                             0
187                             0                             0                             0
188                             0                             0                             0
189                             0                             0                             0
190                             0                             0                             0
191                             0                             0                             0
192                             0                             0                             0
193                             0                             0                             0
194                             0                             0                             0
195                             0                             0                             0
196                             0                             0                             0
197                             0                             0                             0
198                             0                             0                             0
199                             0                             0                             0
200                             0                             0                             0
201                             0                             0                             0
202                             0                             0                             0
203                             0                             0                             0
204                             0                             0                             0
205                             0                             0                             0
206                             0                             0                             0
207                             0                             0                             0
208                             0                             0                             0
209                             0                             0                             0
210                             0                             0                             0
211                             0                             0                             0
212                             0                             0                             0
213                             0                             0                             0
214                             0                             0                             0
215                             0                             0                             0
216                             0                             0                             0
217                             0                             0                             0
218                             0                             0                             0
219                             0                             0                             0
220                             0                             0                             0
221                             0                             0                             0
222                             0                             0                             0
223                             0                             0                             0
