
# 0000_r1

0
4.36857242546e-19
-2.33172288511e-19
9.16913165403e-20
3.47283508374e-20
-1.45583787809e-20
8.47032947254e-22
3.62106584951e-20
3.34578014165e-20
-1.39760436297e-20
1.41878018665e-20
-1.56701095242e-20
-1.33407689193e-20
-2.98579113907e-20
-6.35274710441e-22
7.41153828848e-21
9.3173624198e-21
3.81164826264e-21
-2.4987471944e-20
-1.99052742605e-20
-1.01643953671e-20
-6.14098886759e-21
1.75759336555e-20
1.46113183401e-20
8.89384594617e-21
3.1763735522e-21
1.05879118407e-21
4.23516473627e-21
-9.10560418298e-21
-3.81164826264e-21
6.35274710441e-22
-4.87043944671e-21
-9.3173624198e-21
4.02340649946e-21
1.69406589451e-21
1.90582413132e-21
-1.05879118407e-21
5.08219768353e-21
6.35274710441e-22
-2.32934060495e-21
-3.81164826264e-21
-2.32934060495e-21
1.90582413132e-21
-2.54109884176e-21
4.23516473627e-21
-1.05879118407e-21
1.05879118407e-21
1.69406589451e-21
0

# 0001_r1

0
-3.03661311591e-19
6.88214269644e-20
2.07523072077e-20
-9.18766049975e-20
-1.06739386244e-20
6.21510425048e-20
-3.86458782185e-21
2.44713112418e-20
-5.09278559537e-20
2.35316340659e-20
4.38074852408e-21
-1.11702469919e-20
1.3023131564e-20
-3.25578289101e-21
2.40477947681e-20
5.33366058974e-21
-6.56450534122e-21
1.15805285757e-22
2.54639279768e-20
-2.24993126614e-21
-1.47569021279e-20
-4.53294975679e-21
7.68781661307e-21
7.35859872927e-21
-1.02702744855e-20
-7.17000154961e-21
-2.96461531539e-21
3.58003769113e-21
1.74700545371e-21
8.70855748896e-21
1.10800843051e-21
-3.10689038075e-21
-2.75285707858e-21
5.36013036934e-22
7.94093388051e-23
-3.28225267061e-21
8.13945722752e-22
-8.47032947254e-22
-1.86860100376e-21
1.21760986168e-21
9.26442286059e-22
-2.92491064599e-21
-2.32934060495e-21
4.6322114303e-21
2.94476298069e-21
1.68910281083e-21
1.17790519228e-21
0

# 0002_r1

0
-6.05257980372e-19
3.22401915549e-20
2.51462906216e-21
-6.06687348471e-20
1.27054942088e-20
1.63053842346e-20
-1.50348348138e-20
-1.11702469919e-20
-1.94288182276e-20
-1.28113733272e-20
-1.40819227481e-20
3.30342849429e-20
5.39983503875e-21
1.12231865511e-20
-1.12231865511e-20
-1.53260023894e-20
1.70465380635e-20
1.86347248396e-20
9.3173624198e-21
-3.22931311141e-21
-7.19978005166e-21
8.15269211732e-21
6.14098886759e-21
-1.1699642584e-20
1.30760711232e-20
-1.07467305183e-20
3.123433993e-21
2.11758236814e-22
-5.29395592034e-22
1.05879118407e-22
-3.97046694025e-21
-3.59989002583e-21
-5.34689547954e-21
-6.98802181485e-21
6.246867986e-21
-3.59989002583e-21
8.47032947254e-22
-2.11758236814e-21
-6.35274710441e-22
-2.27640104575e-21
6.72332401883e-21
2.85873619698e-21
5.34689547954e-21
-2.43521972336e-21
4.12928561786e-21
-4.6586812099e-21
2.64697796017e-21
0

# 0003_r1

0
-7.11388561685e-19
-1.21443348813e-19
-1.57230490834e-19
-1.16122923113e-19
-2.48021834868e-20
-6.05628557287e-20
2.05405489709e-20
4.29869220732e-20
6.41627457545e-20
-2.34522247271e-20
-8.09975255812e-21
5.82335151237e-21
1.39760436297e-20
-2.54109884176e-20
-2.46168950296e-20
2.35845736251e-20
1.13423005593e-20
1.31290106824e-20
-3.70576914424e-22
-5.55865371636e-22
4.55280209149e-21
-6.88214269644e-22
-1.42936809849e-20
0
-1.03761536039e-20
3.97046694025e-21
5.29395592034e-23
-4.81749988751e-21
3.01755487459e-21
-8.99972506458e-22
0
8.47032947254e-22
1.5352472169e-21
-4.12928561786e-21
-4.23516473627e-22
7.94093388051e-22
3.44107134822e-21
1.5881867761e-21
0
-1.05879118407e-21
-2.22346148654e-21
6.35274710441e-22
-2.01170324973e-21
1.00585162486e-21
6.88214269644e-22
4.23516473627e-22
4.6586812099e-21
0

# 0004_r1

0
-4.65550483635e-19
9.02090088826e-20
2.91167575619e-21
5.5692416282e-20
4.81749988751e-20
3.83282408633e-20
-4.56868395925e-20
-1.65171424715e-20
1.72582963003e-20
-2.32934060495e-21
2.42198483356e-21
-8.68208770936e-21
2.4987471944e-20
1.4823076577e-20
-3.87517573369e-20
-3.49401090742e-21
-2.91696971211e-20
-1.09055491959e-20
-8.47032947254e-22
2.1069944563e-20
3.1763735522e-22
-2.11758236814e-22
-2.22346148654e-21
-1.4823076577e-21
2.85873619698e-21
5.92923063078e-21
-3.0704944338e-21
-2.96461531539e-21
-6.03510974919e-21
5.82335151237e-21
-1.05879118407e-20
1.27054942088e-21
-5.29395592034e-21
5.08219768353e-21
-3.91752738105e-21
3.49401090742e-21
7.41153828848e-22
1.05879118407e-22
9.52912065661e-22
3.91752738105e-21
9.52912065661e-22
1.4823076577e-21
1.90582413132e-21
1.4823076577e-21
4.02340649946e-21
-1.69406589451e-21
2.85873619698e-21
0

# 0005_r1

0
-2.51251147979e-19
2.3658689008e-19
-2.60462631281e-20
2.36507480741e-20
-1.49818952546e-20
-1.59877468794e-20
1.74700545371e-20
-7.62329652529e-21
-7.7291756437e-21
-3.53636255479e-20
-4.3992773698e-20
3.53636255479e-20
-3.70576914424e-21
2.4458076352e-20
5.18807680193e-21
2.33992851679e-20
-1.11173074327e-21
2.03287907341e-20
9.63499977502e-21
-2.22346148654e-21
2.01170324973e-20
-4.76456032831e-21
-1.02702744855e-20
2.11758236814e-21
5.61159327556e-21
-9.74087889342e-21
-3.0704944338e-21
-2.75285707858e-21
7.09390093325e-21
2.43521972336e-21
-1.27054942088e-21
-1.90582413132e-21
-6.77626357803e-21
-1.16467030247e-21
4.12928561786e-21
8.47032947254e-22
-1.4823076577e-21
-1.79994501292e-21
-1.05879118407e-21
3.59989002583e-21
-8.47032947254e-22
2.96461531539e-21
-2.01170324973e-21
1.05879118407e-21
-1.5881867761e-21
5.08219768353e-21
-1.05879118407e-22
0

# 0006_r1

0
-6.09863722023e-20
1.2493735972e-19
1.18690491734e-19
-1.16572909366e-19
1.28113733272e-20
-1.76818127739e-20
2.12817027998e-20
-1.57759886426e-20
2.85873619698e-21
-2.55698070952e-20
4.87838038059e-20
2.46913412847e-20
1.5881867761e-21
-3.43461933944e-20
1.68877193859e-20
2.89844086639e-21
-4.28810429547e-21
-7.99387343971e-21
1.04290931631e-20
-9.3173624198e-21
4.6851509895e-21
-5.41555147038e-21
-6.93508225564e-21
-6.07812314104e-21
-1.01180732527e-20
-6.82920313724e-21
-1.99040334896e-21
-4.52633231189e-21
6.00863996959e-21
-2.19699170694e-21
1.19114008208e-21
-3.1763735522e-22
1.85288457212e-21
-1.5617169965e-21
-3.44107134822e-22
4.55280209149e-21
-7.67623608449e-22
5.08219768353e-21
-8.99972506458e-22
6.35274710441e-22
-9.52912065661e-22
1.87935435172e-21
-3.123433993e-21
-5.02925812432e-22
-2.80579663778e-21
-5.02925812432e-22
2.91167575619e-21
0

# 0007_r1

0
2.07946588551e-19
1.95876369053e-19
-6.81332126948e-20
5.37865921506e-20
2.38757412007e-20
-8.35121546434e-21
4.23251775831e-20
2.08581863261e-20
2.94079251375e-20
9.52912065661e-21
1.66230215899e-20
-3.05560518277e-20
-4.92337900592e-21
1.45716136707e-20
4.23516473627e-22
-1.01908651467e-20
5.55865371636e-22
7.01449159445e-21
7.19978005166e-21
-6.98802181485e-21
1.63715586836e-20
-1.17525821432e-20
7.04096137405e-21
5.09543257333e-21
4.57927187109e-21
1.15408239063e-20
-7.41153828848e-22
-2.59403840097e-21
-3.65282958503e-21
-4.23516473627e-22
3.49401090742e-21
2.11758236814e-22
1.4823076577e-21
-5.61159327556e-21
2.17052192734e-21
-6.246867986e-21
-2.48815928256e-21
5.29395592034e-23
4.6586812099e-21
-2.64697796017e-22
3.0440246542e-21
2.17052192734e-21
-3.0969642134e-21
9.52912065661e-22
-1.69406589451e-21
-1.5352472169e-21
-1.19114008208e-21
0

# 0008_r1

0
4.79632406383e-20
9.9949887776e-20
1.94817577868e-20
-6.94037621156e-20
1.87472214029e-20
-9.58206021581e-21
-1.28113733272e-20
-1.73112358595e-20
-1.64112633531e-20
1.15937634655e-20
-9.82028823223e-21
1.25334406414e-20
-1.36584062745e-20
-1.97199858033e-20
7.57035696609e-21
-4.6322114303e-21
5.84982129198e-21
-8.47032947254e-21
1.90152279214e-20
1.16467030247e-21
8.57620859095e-21
1.45914660054e-21
-1.20702194984e-20
-6.02352922061e-21
-9.23795308099e-21
-1.64112633531e-21
2.80579663778e-21
1.73377056391e-21
-1.44260298829e-21
2.28715439371e-21
1.5881867761e-22
-5.22778147134e-21
-5.24101636114e-21
-9.26442286059e-22
-7.94093388051e-22
7.41153828848e-22
-3.123433993e-21
-2.54109884176e-21
2.54109884176e-21
8.86737616657e-22
-6.88214269644e-22
-3.1499037726e-21
-3.70576914424e-22
-6.88214269644e-22
3.0969642134e-21
-1.69406589451e-21
1.11173074327e-21
0

# 0009_r1

0
5.42101086243e-20
6.74449984251e-20
-4.40457132572e-20
-4.90220318223e-20
-1.94288182276e-20
-1.14137689643e-19
2.93285157987e-20
5.58512349596e-21
5.70159052621e-20
-5.95834738834e-20
-3.55224442255e-20
4.07527072387e-20
1.11702469919e-20
-1.48760161362e-20
3.0704944338e-21
-2.11758236814e-20
1.02702744855e-20
2.63109609241e-20
-8.89384594617e-21
-7.30565917007e-21
1.4823076577e-21
-6.08804930839e-21
-1.68877193859e-20
-9.15854374219e-21
2.22346148654e-21
-1.12231865511e-20
9.84675801183e-21
1.37642853929e-21
-4.81749988751e-21
6.35274710441e-21
-2.22346148654e-21
-2.32934060495e-21
-3.22931311141e-21
-2.22346148654e-21
2.32934060495e-21
4.34104385468e-21
-6.35274710441e-22
-2.11758236814e-21
-1.79994501292e-21
-3.1763735522e-21
-6.35274710441e-22
-1.5352472169e-21
3.1763735522e-22
1.4823076577e-21
-2.32934060495e-21
-1.27054942088e-21
8.47032947254e-22
0

# 0010_r1

0
-4.7783246137e-19
1.78406314515e-20
5.41042295059e-20
8.7985547396e-20
-3.13402190484e-20
-6.73722065312e-20
3.04137767623e-20
2.97520322723e-20
-2.60462631281e-20
-2.97255624927e-20
-2.47360090378e-20
-5.63806305516e-21
1.29701920048e-21
9.58206021581e-21
8.25857123573e-21
-3.55224442255e-20
-4.95481186919e-21
-3.51303606151e-21
7.98725599481e-21
-2.56756862136e-21
5.71747239397e-21
1.05879118407e-21
-9.13869140749e-21
1.08360660244e-20
-6.71008912903e-21
2.23669637634e-21
-4.45354041799e-21
6.3064249901e-21
-3.55687663398e-21
4.99617089982e-21
-5.09543257333e-22
-5.58512349596e-21
7.57035696609e-21
4.70169460175e-21
4.02609483645e-21
-3.75539998099e-22
-2.91167575619e-21
-4.6652986548e-21
2.31610571515e-22
1.90044745734e-21
-2.07291461506e-21
5.29395592034e-21
-1.19114008208e-21
-2.11758236814e-21
-3.90429249125e-22
-2.62050818057e-21
2.53117267441e-22
0

# 0011_r1

0
-4.40457132572e-20
-4.31457407508e-21
-6.28921963336e-20
-3.84341199817e-20
-4.70103285726e-20
-4.6057416507e-20
4.23516473627e-21
3.55753837847e-20
3.15519772852e-20
3.58930211399e-20
-4.15046144155e-20
-4.6586812099e-21
-1.69406589451e-21
-1.21760986168e-20
1.4823076577e-20
2.11758236814e-22
-9.84675801183e-21
-1.11173074327e-20
2.28698895759e-20
1.84229666028e-20
-5.08219768353e-21
4.23516473627e-21
6.35274710441e-21
6.56450534122e-21
6.35274710441e-22
6.35274710441e-22
-2.54109884176e-21
1.79994501292e-21
-2.75285707858e-21
-9.4232415382e-21
-6.98802181485e-21
4.6586812099e-21
-4.23516473627e-22
1.69406589451e-21
-5.50571415715e-21
2.01170324973e-21
1.90582413132e-21
-1.90582413132e-21
4.76456032831e-21
-2.54109884176e-21
-2.32934060495e-21
-3.59989002583e-21
-2.11758236814e-22
4.23516473627e-22
-1.4823076577e-21
2.11758236814e-22
2.11758236814e-22
0

# 0012_r1

0
2.60065584587e-20
8.49150529622e-20
1.11728939699e-19
2.22346148654e-20
5.26483916278e-20
-3.80635430672e-20
-2.67874169569e-20
-7.89064129927e-20
-9.3438321994e-21
-2.54639279768e-20
-3.1763735522e-22
4.36751363428e-22
-3.43048343638e-20
5.29395592034e-22
1.77347523331e-20
-2.19699170694e-20
1.06937909591e-20
1.37642853929e-21
-5.92923063078e-21
-8.04681299892e-21
1.02702744855e-20
1.52465930506e-20
-3.0704944338e-21
6.03510974919e-21
-2.22346148654e-21
5.61159327556e-21
-5.29395592034e-21
3.01755487459e-21
-1.37642853929e-21
-2.32934060495e-21
-9.370301979e-21
7.94093388051e-22
-8.99972506458e-22
-2.11758236814e-22
-2.11758236814e-21
9.84675801183e-21
-1.16467030247e-21
-2.91167575619e-21
3.123433993e-21
-2.43521972336e-21
4.02340649946e-21
3.44107134822e-21
-2.22346148654e-21
-1.79994501292e-21
1.05879118407e-22
-1.4823076577e-21
3.0704944338e-21
0

# 0013_r1

0
2.77615048463e-19
1.03285080006e-19
4.39398341388e-21
-5.04199670576e-20
-3.31401640613e-20
-5.57188860616e-21
6.33421825869e-20
-4.17693122115e-20
8.68208770936e-21
-2.42066134458e-20
-1.04820327223e-20
5.29395592034e-22
1.76288732147e-20
2.18508030612e-20
1.45054392217e-20
3.96914345127e-20
8.86737616657e-21
5.14837213253e-21
5.66453283476e-21
2.292944658e-21
-3.22931311141e-21
4.83735222221e-21
2.64168400425e-20
-3.65944702993e-21
-1.5617169965e-21
-7.17992771696e-22
6.04834463899e-21
-7.52403485178e-21
1.08526096367e-21
-1.06143816203e-20
-1.41613320869e-21
-3.74547381364e-21
1.17790519228e-21
4.40060085878e-21
-4.25501707097e-21
-1.82124491369e-21
-6.53141811672e-21
6.94831714545e-21
3.03078976439e-21
2.31610571515e-21
2.85873619698e-21
5.82335151237e-22
1.05879118407e-21
-1.85288457212e-22
3.03078976439e-21
1.5881867761e-21
-1.73377056391e-21
0

# 0014_r1

0
-4.56339000333e-20
-9.85734592367e-20
2.47757137072e-20
-4.38339550204e-20
-4.02340649946e-21
2.37169225231e-20
1.46377881197e-20
-4.7447079936e-21
-5.03455208024e-20
-5.71747239397e-20
4.40655655919e-20
1.61995051162e-20
1.46113183401e-20
-2.24463731022e-20
1.27054942088e-21
-1.24407964128e-20
3.1763735522e-22
7.8350547621e-21
-7.09390093325e-21
-1.59877468794e-20
-1.84229666028e-20
8.36445035414e-21
5.13513724273e-21
-2.43521972336e-21
3.28225267061e-21
4.6586812099e-21
-5.18807680193e-21
-4.55280209149e-21
-9.74087889342e-21
-3.1763735522e-22
-6.45862622281e-21
2.54109884176e-21
-4.97631856512e-21
4.34104385468e-21
1.05879118407e-21
6.35274710441e-22
-2.32934060495e-21
-6.35274710441e-22
5.08219768353e-21
-1.69406589451e-21
-2.22346148654e-21
2.43521972336e-21
-2.11758236814e-22
-4.23516473627e-22
-5.29395592034e-22
1.16467030247e-21
-1.16467030247e-21
0

# 0015_r1

0
6.08169656129e-19
1.31290106824e-20
-3.9810548521e-20
9.30412753e-20
6.60685698858e-20
-2.80579663778e-20
2.8375603733e-20
-5.58512349596e-20
2.19169775102e-20
-2.5516867536e-20
-1.8475906162e-20
2.09640654445e-20
2.2128735747e-20
-3.44107134822e-20
1.07996700775e-20
1.01643953671e-20
-4.12928561786e-21
1.27054942088e-21
-2.11758236814e-21
-2.32934060495e-20
-3.01755487459e-20
-1.27054942088e-20
0
-1.96935160237e-20
-1.90582413132e-21
-9.21148330139e-21
2.22346148654e-21
-3.1763735522e-21
-4.55280209149e-21
-2.75285707858e-21
-6.35274710441e-22
-3.0704944338e-21
2.64697796017e-21
-2.96461531539e-21
8.47032947254e-22
-9.52912065661e-22
3.70576914424e-21
-2.32934060495e-21
1.79994501292e-21
6.35274710441e-22
-2.64697796017e-21
-2.11758236814e-21
-9.52912065661e-22
-2.43521972336e-21
-7.41153828848e-22
-1.5881867761e-21
-1.16467030247e-21
0

# 0016_r1

0
2.75285707858e-20
4.06575814682e-20
-3.04931861012e-20
6.11981304391e-20
-4.63750538622e-20
4.36221967836e-20
2.72109334305e-20
2.89049993251e-20
-5.84452733605e-20
-3.0704944338e-20
3.14460981668e-20
4.07634605866e-21
1.64112633531e-21
3.10225816932e-20
-1.37642853929e-21
2.86932410882e-20
4.12928561786e-21
-1.5352472169e-20
-1.03761536039e-20
1.07467305183e-20
8.04681299892e-21
-9.95263713024e-21
-2.01170324973e-21
4.39398341388e-21
-1.4823076577e-21
5.02925812432e-21
4.39398341388e-21
-7.88799432131e-21
1.37642853929e-21
-2.64697796017e-21
-5.82335151237e-21
2.80579663778e-21
3.97046694025e-21
2.11758236814e-21
3.0704944338e-21
3.44107134822e-21
-3.1763735522e-22
-3.33519222981e-21
1.90582413132e-21
1.32348898008e-21
3.1763735522e-21
4.87043944671e-21
-6.35274710441e-22
-2.75285707858e-21
1.00585162486e-21
8.99972506458e-22
1.5881867761e-21
0

# 0017_r1

0
-2.35051642863e-19
-3.21872519957e-20
-6.83912930459e-21
3.6687114528e-20
3.43048343638e-20
-2.62050818057e-20
6.36333501625e-20
-2.57286257728e-20
1.99052742605e-20
-1.92170599908e-20
2.11758236814e-21
2.39286807599e-20
9.52912065661e-22
-3.1763735522e-21
-5.90276085118e-21
5.29395592034e-22
-2.42992576744e-20
1.72053567411e-21
2.50933510624e-20
1.99052742605e-20
9.79381845263e-21
-5.02925812432e-21
-9.63499977502e-21
2.75285707858e-21
-1.21760986168e-20
2.06464280893e-21
-3.70576914424e-22
-2.85873619698e-21
-6.35274710441e-21
8.47032947254e-22
5.92923063078e-21
3.123433993e-21
-2.11758236814e-22
-2.64697796017e-22
-3.0704944338e-21
2.38228016415e-21
1.05879118407e-21
-9.52912065661e-22
-4.23516473627e-21
3.33519222981e-21
-1.16467030247e-21
5.29395592034e-22
-1.85288457212e-21
9.52912065661e-22
-2.11758236814e-21
1.32348898008e-21
1.11173074327e-21
0

# 0018_r1

0
3.51836310466e-19
1.51618897559e-19
3.64224167319e-20
3.94399716065e-21
2.94343949171e-20
7.56506301016e-20
-4.15575539747e-20
6.06157952879e-20
-1.78935710107e-20
-1.49024859158e-20
2.72374032101e-20
1.07996700775e-20
-4.26428149383e-20
-1.46510230095e-20
2.36639829639e-20
4.984259499e-20
-1.67289007083e-20
6.2733377656e-21
-5.33614213158e-21
-3.29548756041e-21
-4.87043944671e-21
4.7447079936e-21
-2.49146800501e-21
9.79381845263e-22
-1.20172799392e-20
-1.42672112053e-20
-6.77626357803e-21
-2.22346148654e-21
-3.1763735522e-22
4.10281583826e-21
6.88214269644e-22
7.00125670465e-21
4.49986253229e-22
-3.79841337284e-21
-1.68083100471e-21
-4.23516473627e-22
-3.29548756041e-21
-6.74979379843e-22
3.59989002583e-21
2.96461531539e-21
1.21760986168e-21
1.90582413132e-21
-2.11758236814e-22
1.16467030247e-21
-5.92923063078e-21
7.08066604345e-22
1.00585162486e-21
0

# 0019_r1

0
2.34972233524e-19
1.18584612616e-20
-5.35748339138e-20
1.11278953446e-19
4.67456307766e-20
-6.94567016749e-20
-1.76288732147e-20
-7.25271961086e-21
1.75759336555e-20
-1.5881867761e-21
-1.10114283143e-20
3.12641184321e-20
1.37642853929e-21
2.94740995865e-20
6.98802181485e-21
-3.70576914424e-21
3.05461256604e-20
9.89969757103e-21
8.31151079493e-21
9.89969757103e-21
9.84675801183e-21
-6.67038445963e-21
-1.17261123636e-20
-8.58944348075e-21
7.03434392915e-21
-1.74038800881e-21
3.1499037726e-21
2.64697796017e-23
1.88928051907e-21
3.23014029202e-22
1.01908651467e-21
2.47492439276e-21
-1.14217098981e-20
-2.66021284997e-21
4.27486940567e-21
2.38228016415e-22
9.79381845263e-22
1.09849585347e-21
-2.13081725794e-21
-2.87197108678e-21
1.40289831889e-21
6.88214269644e-22
-2.92491064599e-21
3.0440246542e-21
-6.61744490042e-22
-1.40289831889e-21
1.28378431068e-21
0

# 0020_r1

0
-7.11931192167e-19
-1.06937909591e-20
-1.00585162486e-20
-1.66759611491e-21
4.0339944113e-20
2.4458076352e-20
2.12817027998e-20
1.81582688068e-20
-1.95346973461e-20
-9.76073122813e-21
-3.9942897419e-20
5.18807680193e-21
-2.09855721405e-20
-2.68403565161e-20
1.35062050418e-20
-4.34104385468e-21
-1.22819777352e-20
-1.11173074327e-20
1.42936809849e-20
-9.21148330139e-21
2.12287632406e-20
-3.70576914424e-21
-2.59403840097e-21
3.1763735522e-22
1.04820327223e-20
-4.07634605866e-21
2.06464280893e-21
-4.39398341388e-21
5.29395592034e-22
-4.02340649946e-21
-4.7116207691e-21
5.29395592034e-22
3.91752738105e-21
4.23516473627e-22
-2.96461531539e-21
7.67623608449e-21
-4.6057416507e-21
-1.5352472169e-21
-2.11758236814e-22
1.42936809849e-21
-6.35274710441e-22
1.32348898008e-21
1.32348898008e-21
1.27054942088e-21
9.52912065661e-22
2.64697796017e-22
-4.23516473627e-22
0

# 0021_r1

0
-4.42829486569e-19
8.08916464628e-20
-3.83282408633e-20
4.4257471494e-20
-4.83867571119e-20
-4.4257471494e-20
6.08672581941e-20
6.52480067182e-21
5.55865371636e-21
1.77347523331e-21
5.47924437755e-21
1.60936259978e-20
-1.4823076577e-20
-4.20869495667e-21
-7.09390093325e-21
-1.30760711232e-20
-1.00849860282e-20
9.370301979e-21
4.86051327936e-21
-2.42463181152e-20
4.18222517707e-21
-2.0254344479e-20
6.74979379843e-21
-9.63499977502e-21
-6.2203982064e-21
1.05879118407e-22
3.123433993e-21
-1.95876369053e-21
1.13025958899e-20
2.35581038455e-21
-8.99972506458e-22
2.22346148654e-21
6.35274710441e-22
2.64697796017e-21
-7.41153828848e-22
5.02925812432e-22
1.32348898008e-21
6.35274710441e-22
-1.27054942088e-21
1.85288457212e-22
3.49401090742e-21
1.5352472169e-21
2.06464280893e-21
-3.1763735522e-22
-5.29395592034e-23
1.95876369053e-21
6.88214269644e-22
0

# 0022_r1

0
1.22608019115e-19
-5.08219768353e-21
6.77626357803e-21
-8.51268111991e-20
-3.86458782185e-20
6.03510974919e-21
-4.16634330931e-20
3.86458782185e-20
3.36430898738e-20
8.76149704816e-21
3.97443740719e-20
-1.11570121021e-20
9.52912065661e-21
-1.16467030247e-20
9.74087889342e-21
1.31397640304e-20
-9.52912065661e-21
-1.45583787809e-21
-1.4823076577e-20
-1.16467030247e-20
7.27918939047e-21
7.7821152029e-21
-4.76456032831e-21
-3.38813178902e-21
-4.23516473627e-22
-1.32348898008e-20
-5.82335151237e-21
4.97631856512e-21
7.94093388051e-22
1.21760986168e-21
-1.5881867761e-21
-4.81749988751e-21
4.7116207691e-21
-4.23516473627e-21
0
-5.82335151237e-22
-4.28810429547e-21
1.16467030247e-21
5.29395592034e-22
2.64697796017e-21
5.82335151237e-22
-6.88214269644e-22
-9.52912065661e-22
2.32934060495e-21
-1.85288457212e-21
7.94093388051e-22
1.74700545371e-21
0

# 0023_r1

0
6.25533831547e-19
1.21866865286e-19
-2.38228016415e-20
-3.05990652196e-20
-6.18334051496e-20
-4.19744530034e-20
1.89655970846e-20
7.14684049246e-20
-6.61148920001e-20
1.55377606262e-20
2.43521972336e-21
2.56227466544e-20
8.15269211732e-21
4.04987627906e-21
-3.28225267061e-21
2.60462631281e-20
1.01379255874e-20
4.04987627906e-21
-1.02570395957e-20
-1.5683344414e-21
3.1499037726e-21
3.69584297689e-21
5.42630481835e-22
2.292944658e-21
1.36650237194e-21
-6.1674586472e-21
4.99617089982e-21
-2.38228016415e-21
-2.56756862136e-21
9.79381845263e-21
4.87043944671e-21
3.33519222981e-21
-5.05572790392e-21
-2.17052192734e-21
5.55865371636e-22
-2.59403840097e-21
2.38228016415e-21
4.49986253229e-22
-1.00585162486e-21
-1.5352472169e-21
1.64112633531e-21
2.15728703754e-21
7.67623608449e-22
-5.55865371636e-22
-9.26442286059e-22
-6.35274710441e-22
-1.64112633531e-21
0

# 0024_r1

0
-1.59877468794e-19
6.77626357803e-21
2.59403840097e-20
-7.85623058578e-20
6.48807385262e-20
5.26483916278e-20
5.11396141905e-20
-2.76973156307e-20
4.10943328316e-20
3.22170304977e-20
4.38074852408e-21
-4.30795663018e-21
7.62329652529e-21
-1.02173349263e-20
-1.60406864386e-20
2.33397281638e-20
-2.17581588326e-20
-3.57606722419e-20
-1.41882154568e-21
6.45862622281e-21
-7.51741740688e-21
4.6057416507e-21
3.887748879e-21
7.02772648425e-21
-2.31610571515e-21
5.49247926735e-21
1.23018300699e-20
-9.55559043621e-21
1.30098966742e-20
-4.13590306277e-21
1.78671012311e-21
3.30210500531e-21
-3.123433993e-21
7.14684049246e-22
2.42198483356e-21
-6.61744490042e-21
-2.68668262957e-21
-1.5881867761e-21
-2.60727329077e-21
1.71391822921e-21
-2.03817302933e-21
3.37489689922e-21
5.82335151237e-22
-9.3967717586e-22
-9.66146955462e-22
-7.67623608449e-22
1.03232140447e-21
0

# 0025_r1

0
1.89841259303e-19
-8.9785492409e-20
-3.81164826264e-20
5.87827630505e-20
-1.74568196473e-20
-4.46280484085e-20
-1.28775477762e-20
-4.57133093721e-20
4.95563904981e-20
-7.34165832882e-20
-4.80062540301e-20
-2.09839177792e-20
-1.52995326098e-20
-1.66230215899e-20
-9.64823466482e-21
1.05879118407e-20
-6.88214269644e-21
-1.94817577868e-20
-1.01875564242e-20
7.67623608449e-22
-3.75870870344e-21
2.72638729897e-21
-1.26128499802e-20
7.94093388051e-22
7.7688803131e-21
5.26004151522e-21
2.38228016415e-22
-3.73223892384e-21
1.08526096367e-21
4.36751363428e-21
-7.94093388051e-22
-3.73223892384e-21
-1.15408239063e-20
-3.74547381364e-21
6.246867986e-21
-2.96461531539e-21
1.19114008208e-21
2.40874994375e-21
6.61744490042e-22
4.79103010791e-21
-1.5352472169e-21
3.97046694025e-22
-1.74700545371e-21
3.70576914424e-21
4.02340649946e-21
8.86737616657e-22
3.81164826264e-21
0

# 0026_r1

0
6.35804106033e-19
-6.62009187838e-20
3.79047243896e-20
-7.24097364617e-20
-4.97631856512e-21
2.05405489709e-20
-1.82641479252e-20
-4.47868670861e-20
3.16578564036e-20
1.03232140447e-20
-1.70730078431e-20
-6.67038445963e-21
1.21760986168e-21
-4.81749988751e-21
3.30210500531e-21
1.91244157622e-20
2.13875819182e-20
-8.99972506458e-21
-3.28225267061e-21
-1.78935710107e-20
-6.246867986e-21
-1.3023131564e-20
-1.17525821432e-20
-1.02438047059e-20
1.69406589451e-21
-2.22346148654e-21
-1.06937909591e-20
2.75285707858e-21
8.47032947254e-21
3.123433993e-21
-3.70576914424e-21
-4.12928561786e-21
-1.74700545371e-21
4.23516473627e-22
-2.96461531539e-21
-4.28810429547e-21
2.43521972336e-21
5.29395592034e-22
4.92337900592e-21
-7.94093388051e-22
7.94093388051e-22
1.11173074327e-21
-1.05879118407e-22
-1.37642853929e-21
-2.85873619698e-21
4.07634605866e-21
-6.88214269644e-22
0

# 0027_r1

0
-3.83282408633e-20
5.45475983142e-20
4.49986253229e-22
7.62329652529e-20
6.10657815411e-20
5.76114753031e-20
-1.27054942088e-20
2.90638180027e-20
-9.57213404846e-21
5.02925812432e-21
-2.16787494938e-20
2.48021834868e-20
3.85135293205e-21
-1.97993951421e-20
2.19699170694e-20
-9.52912065661e-22
1.79994501292e-21
-2.42463181152e-20
-4.23516473627e-22
-1.84229666028e-20
1.38966342909e-20
7.67623608449e-22
1.24407964128e-20
-7.51741740688e-21
-8.47032947254e-22
2.24993126614e-22
4.76456032831e-21
6.06157952879e-21
-9.74087889342e-21
-2.43521972336e-21
8.25857123573e-21
5.29395592034e-21
5.29395592034e-23
3.123433993e-21
-7.41153828848e-22
2.01170324973e-21
2.59403840097e-21
-3.123433993e-21
-4.02340649946e-21
2.38228016415e-21
6.35274710441e-22
1.90582413132e-21
2.11758236814e-21
7.41153828848e-22
-1.64112633531e-21
2.64697796017e-22
6.88214269644e-22
0

# 0028_r1

0
-3.51095156637e-19
1.80206259528e-19
-1.66918430168e-19
-5.99143461284e-20
-9.84675801183e-21
-5.38924712691e-20
-1.04555629427e-21
-4.09752188234e-20
2.27375406779e-20
2.16258099346e-20
6.52016846039e-20
2.19699170694e-20
1.55642304058e-20
-7.99387343971e-21
1.72897291636e-20
-1.16599379145e-20
1.78273965617e-20
1.67024309287e-20
3.0704944338e-21
-1.28378431068e-21
-3.03740720929e-20
1.39363389603e-20
-2.51462906216e-21
-1.0700408404e-20
1.52068883812e-20
-5.41968737345e-21
-8.80120171756e-22
-6.47186111261e-21
8.03688683157e-21
-3.91628661013e-21
-6.80935080254e-21
-9.52912065661e-22
3.53040685438e-21
4.01017160966e-21
-2.17052192734e-21
-5.29395592034e-22
-2.08449514363e-21
2.62050818057e-21
5.17484191213e-21
-4.97631856512e-21
6.61744490042e-23
-2.67344773977e-21
9.26442286059e-22
-1.05217373917e-21
-6.88214269644e-22
2.02493813953e-21
4.75794288341e-21
0

# 0029_r1

0
-2.69991751937e-21
8.6662058416e-20
-2.92226366803e-20
3.83282408633e-20
7.62859048121e-20
3.93737971575e-20
8.15269211732e-21
1.56436397446e-20
-1.07599654081e-20
2.60462631281e-20
2.48815928256e-21
1.28113733272e-20
-1.59877468794e-20
-1.42936809849e-20
-4.6322114303e-21
-2.29757686943e-20
-2.64697796017e-20
-1.81053292476e-20
2.47492439276e-21
8.47032947254e-21
-4.97631856512e-21
1.01114558078e-20
-1.47701370177e-20
5.96893530018e-21
-1.96935160237e-20
-1.08526096367e-20
8.78796682776e-21
1.74700545371e-21
1.5352472169e-21
2.85873619698e-21
-1.21760986168e-21
6.35274710441e-22
-2.48815928256e-21
-2.22346148654e-21
-1.27054942088e-21
5.13513724273e-21
-3.70576914424e-22
-5.39983503875e-21
-1.90582413132e-21
3.97046694025e-21
-4.44692297309e-21
3.44107134822e-21
1.21760986168e-21
1.5881867761e-22
0
2.64697796017e-22
-2.17052192734e-21
0

# 0030_r1

0
5.04725757445e-19
-2.59933235689e-20
-5.1371224762e-20
6.49038995834e-20
1.15725876419e-19
6.98802181485e-21
-3.53636255479e-20
-4.30928011916e-20
5.35748339138e-20
7.92240503479e-20
-2.77403290226e-20
-1.21231590576e-20
2.46168950296e-20
2.54639279768e-20
1.19775752698e-20
2.03817302933e-21
-2.88255899862e-20
-1.11967167715e-20
1.2162863727e-20
4.88367433651e-21
1.85288457212e-22
-1.2890782666e-20
1.32348898008e-21
1.66759611491e-21
-6.82258569234e-21
4.76456032831e-21
1.70465380635e-20
-4.26163451587e-21
-1.40951576379e-21
5.88952596138e-21
-2.30287082535e-21
2.99770253989e-21
-2.84550130718e-21
1.5352472169e-21
-1.5881867761e-21
7.41153828848e-22
5.34689547954e-21
-3.0969642134e-21
1.32348898008e-22
0
2.11758236814e-22
6.61744490042e-22
3.78517848304e-21
-1.27054942088e-21
1.34995875969e-21
-9.79381845263e-22
9.79381845263e-22
0

# 0031_r1

0
7.28024818165e-19
2.38016258178e-19
-8.20033772061e-20
-8.47032947254e-21
-2.45639554704e-20
2.28963593555e-20
1.86347248396e-20
-5.42365784039e-20
-1.73641754187e-20
2.69991751937e-20
-6.98802181485e-21
2.01699720565e-20
-4.0869339705e-20
2.40345598783e-20
1.69406589451e-20
8.73502726856e-21
5.18807680193e-21
3.46754112782e-21
-2.43521972336e-21
1.20172799392e-20
5.29395592034e-22
1.54583512874e-20
4.6057416507e-21
-1.46113183401e-20
5.29395592034e-22
2.01170324973e-21
6.246867986e-21
1.5881867761e-21
-3.28225267061e-21
4.55280209149e-21
-6.35274710441e-21
-5.71747239397e-21
-6.45862622281e-21
4.23516473627e-21
2.96461531539e-21
-7.41153828848e-22
7.41153828848e-22
-5.29395592034e-22
3.49401090742e-21
-1.05879118407e-22
3.28225267061e-21
-4.02340649946e-21
1.5881867761e-21
-1.79994501292e-21
-1.05879118407e-22
4.23516473627e-22
-8.47032947254e-22
0

# 0032_r1

0
3.1297867401e-19
-4.9974943888e-20
7.1574284043e-20
-5.21454658153e-20
-6.74449984251e-20
1.4823076577e-21
7.63388443713e-20
8.36445035414e-21
-1.78935710107e-20
2.1599340155e-20
3.38813178902e-21
-2.7316812549e-20
-1.59877468794e-20
2.48815928256e-20
-3.81164826264e-21
5.71747239397e-21
2.54109884176e-21
1.27054942088e-21
-4.76456032831e-21
4.6586812099e-21
5.39983503875e-21
1.15408239063e-20
1.37642853929e-20
-2.75285707858e-21
2.75285707858e-21
-4.02340649946e-21
6.35274710441e-22
-1.05879118407e-22
-2.96461531539e-21
-6.77626357803e-21
9.52912065661e-21
-2.32934060495e-21
-6.98802181485e-21
-5.71747239397e-21
1.90582413132e-21
-2.75285707858e-21
-8.47032947254e-22
4.44692297309e-21
-6.35274710441e-22
-1.4823076577e-21
-1.05879118407e-21
1.05879118407e-21
-2.11758236814e-21
-1.27054942088e-21
-1.05879118407e-21
6.35274710441e-22
8.47032947254e-22
0

# 0033_r1

0
1.88120723629e-19
1.27954914595e-19
-1.29701920048e-20
2.66815378385e-20
-1.06937909591e-20
-6.45862622281e-21
2.54109884176e-21
-1.90582413132e-20
-2.59800886791e-20
-3.24784195713e-20
-1.40819227481e-20
-3.4622471719e-20
2.13743470284e-20
2.1996386849e-20
4.44692297309e-21
-1.04290931631e-20
-4.12928561786e-21
-9.84675801183e-21
1.39231040705e-20
1.4823076577e-21
2.85873619698e-21
4.44692297309e-21
-3.1763735522e-22
-2.64697796017e-21
-4.87043944671e-21
4.02340649946e-21
5.61159327556e-21
3.28225267061e-21
-5.50571415715e-21
3.38813178902e-21
6.1939284268e-21
-1.16467030247e-21
8.47032947254e-22
3.59989002583e-21
-1.79994501292e-21
-1.5881867761e-21
-1.69406589451e-21
-3.1763735522e-22
-1.79994501292e-21
9.52912065661e-22
1.16467030247e-21
-2.11758236814e-22
-2.11758236814e-21
1.4823076577e-21
-2.43521972336e-21
-1.05879118407e-22
1.5881867761e-21
0

# 0034_r1

0
3.35345637774e-19
-4.0339944113e-20
-6.96419901321e-20
1.6146565557e-20
2.43521972336e-20
-2.95402740355e-20
-2.39286807599e-20
3.24122451223e-20
2.6776663609e-20
-7.8350547621e-21
-2.62844911445e-20
6.78122666171e-21
-2.91167575619e-21
9.89969757103e-21
1.82054181017e-20
-1.05879118407e-22
5.06896279372e-21
-1.32348898008e-21
1.01379255874e-20
-4.40721830368e-21
-7.94093388051e-21
3.82488315245e-21
-1.73707928636e-21
-6.12775397779e-21
1.07202607387e-20
-2.05140791913e-21
-2.57749478872e-21
-3.96384949535e-21
-5.24887457696e-21
2.84550130718e-21
5.78364684297e-21
6.9582433128e-21
-2.08284078241e-21
-1.24407964128e-21
2.50139417236e-21
-7.10713582306e-21
-7.54388718648e-22
2.64697796017e-23
-3.41460156862e-21
-2.09773003343e-21
3.83811804225e-21
1.26393197598e-21
-1.37642853929e-21
2.81241408268e-21
-2.92491064599e-21
4.7314731038e-22
-1.17790519228e-21
0

# 0035_r1

0
4.64174055095e-19
-1.16096453333e-19
-8.04681299892e-20
-8.02563717523e-20
2.00905627177e-20
-5.05572790392e-20
-9.3173624198e-21
5.12984328681e-20
-1.5881867761e-21
-1.6014216659e-21
-4.55280209149e-21
2.95402740355e-20
-2.73035776592e-20
-2.13875819182e-20
-1.00585162486e-20
-3.64753562911e-20
-1.5352472169e-21
-2.02361465055e-20
1.23878568536e-20
3.0440246542e-21
-2.07655420975e-20
-1.22819777352e-20
4.04987627906e-21
4.28810429547e-21
-7.33212894967e-21
-7.90122921111e-21
8.86737616657e-21
3.83811804225e-21
-7.41153828848e-22
1.6345088904e-21
1.02041000365e-20
1.72715311901e-21
-6.05496208389e-21
-2.76278324593e-21
2.47492439276e-21
-3.81164826264e-21
1.5220123271e-21
-8.20563167653e-22
6.74979379843e-22
4.84396966711e-21
-1.94552880072e-21
3.33519222981e-21
1.01660497283e-21
3.83811804225e-22
-2.68668262957e-21
1.6212740006e-21
6.15422375739e-21
0

# 0036_r1

0
-4.43421747888e-19
-9.26442286059e-21
-1.21760986168e-20
-1.13290656695e-20
1.05879118407e-21
-2.12155283508e-20
4.0869339705e-20
5.68570865844e-20
-4.05517023498e-20
-1.20702194984e-20
4.85058711201e-21
-8.36445035414e-21
2.24728428818e-20
-2.83226641738e-21
-1.47171974585e-20
-3.1366688828e-21
6.14098886759e-21
6.1939284268e-21
-2.4458076352e-20
1.21760986168e-20
5.58512349596e-21
-1.05879118407e-21
-2.32934060495e-21
-1.21760986168e-21
3.70576914424e-21
7.62329652529e-21
-3.54695046663e-21
8.36445035414e-21
-4.6057416507e-21
-2.96461531539e-21
1.95876369053e-21
1.5352472169e-21
2.38228016415e-21
-3.33519222981e-21
2.38228016415e-21
1.85288457212e-21
6.98802181485e-21
-3.28225267061e-21
-3.70576914424e-22
3.91752738105e-21
3.38813178902e-21
2.06464280893e-21
1.11173074327e-21
-1.11173074327e-21
6.88214269644e-22
-1.4823076577e-21
-1.4823076577e-21
0

# 0037_r1

0
-4.33045594284e-19
-1.15831755537e-19
-4.25634055995e-20
1.10114283143e-20
-5.37865921506e-20
7.30565917007e-20
-3.0704944338e-21
-2.24463731022e-20
-1.40819227481e-20
-1.67289007083e-20
8.57620859095e-21
2.93285157987e-20
1.4823076577e-21
-1.60936259978e-20
8.25857123573e-21
-5.24101636114e-21
5.92923063078e-21
-1.5352472169e-20
1.16467030247e-20
1.28113733272e-20
-6.35274710441e-21
1.59877468794e-20
0
6.88214269644e-21
4.44692297309e-21
-8.78796682776e-21
5.08219768353e-21
2.85873619698e-21
4.87043944671e-21
7.41153828848e-22
1.3023131564e-20
-6.35274710441e-21
4.12928561786e-21
-6.35274710441e-21
3.1763735522e-22
4.12928561786e-21
1.37642853929e-21
-5.29395592034e-22
1.4823076577e-21
2.96461531539e-21
-3.0704944338e-21
-3.1763735522e-21
-1.90582413132e-21
1.90582413132e-21
4.23516473627e-22
2.32934060495e-21
6.35274710441e-22
0

# 0038_r1

0
-2.67450653096e-19
9.21148330139e-20
-6.34850780377e-20
-3.32460431797e-20
2.26051917798e-20
-1.03761536039e-20
-2.71050543121e-20
4.43633506124e-20
5.18807680193e-20
2.32934060495e-21
-7.85623058578e-20
-2.56227466544e-20
5.50571415715e-21
4.0869339705e-20
1.20702194984e-20
4.23516473627e-21
1.35525271561e-20
1.03761536039e-20
-3.81164826264e-21
6.35274710441e-22
-1.27054942088e-20
2.11758236814e-21
6.35274710441e-22
3.38813178902e-21
4.44692297309e-21
7.41153828848e-21
8.68208770936e-21
-1.05879118407e-21
3.59989002583e-21
-3.38813178902e-21
2.11758236814e-22
1.27054942088e-21
3.81164826264e-21
-3.1763735522e-21
-6.35274710441e-22
2.96461531539e-21
0
-4.23516473627e-22
-5.08219768353e-21
1.27054942088e-21
1.90582413132e-21
-2.54109884176e-21
-3.1763735522e-21
-1.90582413132e-21
2.32934060495e-21
2.75285707858e-21
-8.47032947254e-22
0

# 0039_r1

0
-4.71109137351e-19
3.42121901352e-20
2.50933510624e-20
-1.84295840477e-21
7.46447784768e-20
-6.85567291684e-21
-2.11758236814e-22
5.0239641684e-20
4.37413107918e-21
5.89904887818e-20
-1.60406864386e-20
-4.76456032831e-21
5.34027803464e-21
-4.94984878552e-21
1.65171424715e-20
-1.33407689193e-20
1.1898165931e-20
-4.6057416507e-21
1.52465930506e-20
-2.43521972336e-21
-3.1763735522e-21
3.57342024623e-21
-4.6057416507e-21
-5.34689547954e-21
-1.24407964128e-21
2.54109884176e-21
3.70576914424e-21
-5.29395592034e-23
-5.08219768353e-21
-5.42630481835e-21
2.35581038455e-21
-2.62050818057e-21
5.50571415715e-21
-5.71747239397e-21
-2.85873619698e-21
9.26442286059e-22
-1.93229391092e-21
1.77347523331e-21
2.38228016415e-22
-1.05879118407e-22
7.41153828848e-22
4.6057416507e-21
-4.23516473627e-22
-2.11758236814e-22
1.69406589451e-21
2.64697796017e-22
6.88214269644e-22
0

# 0040_r1

0
-1.70465380635e-19
1.85817852804e-20
-2.35051642863e-20
1.00955739401e-19
-2.35581038455e-20
6.08804930839e-21
-5.82335151237e-22
2.16522797142e-20
9.06589951358e-21
1.69935985043e-20
3.99693671986e-21
2.44051367928e-20
-2.03817302933e-20
1.99185091503e-20
5.24763380604e-21
-2.11758236814e-22
1.72980009697e-20
9.54235554641e-21
1.37642853929e-21
-4.22192984647e-21
7.41153828848e-21
-7.7424105335e-21
9.55559043621e-21
-6.39245177381e-21
-2.29625338045e-21
-7.7556454233e-21
4.99947962227e-21
-4.43368808328e-21
-6.93177353319e-21
-6.61744490042e-24
-2.27640104575e-21
1.46907276789e-21
1.4823076577e-21
-2.38228016415e-21
1.30694536783e-21
7.19978005166e-21
3.89105760145e-21
-4.53294975679e-22
1.18576340809e-21
-2.83722950106e-21
7.61006163549e-22
-1.90582413132e-21
-5.00444270595e-21
-4.03664138926e-22
-1.12496563307e-21
-1.91905902112e-21
-1.32348898008e-23
0

# 0041_r1

0
1.79570984818e-19
-8.57620859095e-20
-7.1706632941e-20
3.56812629031e-20
-4.31457407508e-21
-2.71050543121e-20
-1.09320189755e-20
1.91905902112e-20
-1.70862427329e-20
-1.86347248396e-20
-1.82145170884e-21
-3.62056954114e-21
2.05140791913e-20
-4.76456032831e-22
5.34689547954e-21
-5.92923063078e-21
8.04681299892e-21
-2.06993676485e-20
-1.47569021279e-20
3.45430623802e-21
2.50139417236e-21
-1.62061225611e-20
-5.78364684297e-21
3.49401090742e-21
8.04681299892e-21
5.37667398159e-21
6.08804930839e-21
-3.0969642134e-21
9.92616735064e-22
6.06157952879e-21
1.25731453108e-21
1.34995875969e-21
2.77932685818e-22
6.35274710441e-22
-4.23516473627e-22
2.64697796017e-23
6.88214269644e-22
3.89105760145e-21
-2.67344773977e-21
-5.32042569994e-21
9.26442286059e-22
3.48077601762e-21
-1.82641479252e-21
-2.54109884176e-21
-4.31457407508e-21
-1.37642853929e-21
-1.5352472169e-21
0

# 0042_r1

0
1.25784392667e-19
1.02490986618e-19
2.92226366803e-20
2.24463731022e-20
7.06213719773e-20
2.02229116157e-20
5.61159327556e-20
7.62329652529e-21
-2.75285707858e-21
2.11758236814e-21
-6.56450534122e-21
-2.30816478127e-20
1.5352472169e-20
-2.64697796017e-21
-1.06937909591e-20
1.27054942088e-21
5.92923063078e-21
1.71524171819e-20
-1.25996150904e-20
-7.41153828848e-22
1.4823076577e-21
-5.18807680193e-21
-6.03510974919e-21
3.28225267061e-21
-3.59989002583e-21
-8.47032947254e-22
-7.41153828848e-21
-1.27054942088e-21
3.81164826264e-21
3.91752738105e-21
6.67038445963e-21
-4.12928561786e-21
4.87043944671e-21
-4.34104385468e-21
5.29395592034e-22
-2.96461531539e-21
7.51741740688e-21
0
1.69406589451e-21
-1.16467030247e-21
-8.47032947254e-22
-3.59989002583e-21
-2.32934060495e-21
4.44692297309e-21
-3.1763735522e-21
5.29395592034e-22
2.22346148654e-21
0

# 0043_r1

0
3.27484113232e-19
-6.50097787018e-20
7.60609116855e-20
-9.84675801183e-21
-8.89384594617e-21
-3.02284883051e-20
2.29757686943e-20
-5.15631306641e-20
-1.96935160237e-20
-3.38813178902e-21
2.17846286122e-20
-3.91851999779e-20
-5.50571415715e-21
-3.00928306847e-20
-3.30144326082e-20
-4.26825196077e-21
1.22819777352e-20
-1.88994226356e-20
-4.6586812099e-21
-9.10560418298e-21
5.32042569994e-21
-9.3967717586e-21
-1.5881867761e-22
1.90582413132e-21
1.33672386989e-21
-9.26442286059e-21
5.50571415715e-21
1.85288457212e-21
-2.64697796017e-23
8.94678550537e-21
2.64697796017e-21
-1.00585162486e-21
2.32934060495e-21
-1.95876369053e-21
-1.00585162486e-21
2.62050818057e-21
-2.64697796017e-21
1.19114008208e-21
-1.00585162486e-21
-7.14684049246e-22
3.33519222981e-21
-5.29395592034e-23
-3.44107134822e-22
-2.48815928256e-21
-2.03817302933e-21
-7.94093388051e-23
2.11758236814e-21
0

# 0044_r1

0
-4.06787572919e-19
6.07746139655e-20
-4.66926912174e-20
-9.46559318557e-20
2.68403565161e-20
8.23739541205e-20
-6.71273610699e-20
-4.39398341388e-20
-3.31401640613e-20
-3.93870320473e-20
-1.78935710107e-20
2.75285707858e-20
-4.59250676089e-21
1.07996700775e-20
1.97993951421e-20
-3.81164826264e-21
7.94093388051e-21
-9.10560418298e-21
7.14684049246e-21
-2.19169775102e-20
6.14098886759e-21
7.99387343971e-21
1.34466480377e-20
-2.11758236814e-21
-1.27054942088e-20
-2.96461531539e-21
1.16467030247e-21
8.47032947254e-22
5.29395592034e-22
2.01170324973e-21
6.45862622281e-21
6.14098886759e-21
3.1763735522e-21
1.69406589451e-21
-1.05879118407e-22
1.69406589451e-21
3.1763735522e-22
-2.11758236814e-22
7.41153828848e-22
-1.69406589451e-21
2.11758236814e-21
-4.23516473627e-22
1.37642853929e-21
-4.23516473627e-22
-1.69406589451e-21
3.1763735522e-21
2.11758236814e-21
0

# 0045_r1

0
-3.62953617898e-19
-7.14287002552e-20
2.79653221492e-20
3.94399716065e-20
-4.40457132572e-20
-2.47757137072e-20
-5.31513174402e-20
-9.15854374219e-21
-2.55433373156e-20
-1.31025409028e-21
-1.55642304058e-20
-2.56095117646e-21
-6.94169970055e-21
-7.12037071286e-21
1.03960059386e-20
1.67024309287e-20
7.7291756437e-21
-1.26790244292e-20
-9.30412753e-21
1.34466480377e-20
7.41153828848e-21
-6.74979379843e-22
-7.94093388051e-23
2.38228016415e-21
1.16467030247e-21
-8.31151079493e-21
2.05140791913e-22
2.91167575619e-22
-1.21760986168e-21
1.45583787809e-21
3.0440246542e-21
-4.36751363428e-21
-2.01170324973e-21
1.45583787809e-21
4.6057416507e-21
-7.94093388051e-23
-1.4823076577e-21
-6.45862622281e-21
6.2203982064e-21
5.37336525914e-21
-2.64697796017e-22
1.17790519228e-21
-4.49986253229e-22
1.70730078431e-21
1.66759611491e-21
4.10281583826e-22
-2.51462906216e-22
0

# 0046_r1

0
-4.47656912624e-19
7.03037346221e-20
4.39398341388e-21
1.01617483891e-19
2.26581313391e-20
-9.10560418298e-21
-2.25522522206e-20
-7.27654241251e-20
2.82697246146e-20
-2.09640654445e-20
-2.51992301808e-20
5.26748614074e-21
8.36445035414e-21
-6.61744490042e-22
-8.25857123573e-21
3.49401090742e-21
-4.76456032831e-21
-1.2493735972e-20
-8.47032947254e-22
-3.38813178902e-21
-1.90582413132e-21
8.47032947254e-22
-7.8350547621e-21
1.16467030247e-21
-1.05879118407e-22
-1.90582413132e-21
2.11758236814e-21
-4.12928561786e-21
-2.01170324973e-21
-1.05879118407e-22
2.85873619698e-21
6.98802181485e-21
-1.05879118407e-21
1.90582413132e-21
1.05879118407e-22
2.64697796017e-21
-4.12928561786e-21
6.35274710441e-22
-3.28225267061e-21
-5.29395592034e-22
-6.35274710441e-22
3.59989002583e-21
-4.23516473627e-22
2.01170324973e-21
-1.90582413132e-21
4.23516473627e-21
7.41153828848e-22
0

# 0047_r1

0
2.11758236814e-20
1.03126261328e-19
7.89858223315e-20
-1.02702744855e-20
-6.60685698858e-20
1.41878018665e-20
2.90108784435e-20
-3.19754937588e-20
5.86570315974e-20
3.87517573369e-20
4.06575814682e-20
1.37642853929e-20
-1.03761536039e-20
4.6586812099e-21
2.11758236814e-21
-1.27054942088e-20
1.27054942088e-20
-3.15519772852e-20
-1.4823076577e-21
1.16467030247e-20
-7.62329652529e-21
-5.71747239397e-21
-5.08219768353e-21
-2.11758236814e-22
-1.03761536039e-20
-1.90582413132e-21
-8.47032947254e-22
1.05879118407e-21
-1.69406589451e-21
1.69406589451e-21
-6.77626357803e-21
-3.59989002583e-21
-2.11758236814e-22
-2.75285707858e-21
3.81164826264e-21
2.75285707858e-21
4.23516473627e-22
-2.54109884176e-21
1.27054942088e-21
-1.05879118407e-21
2.96461531539e-21
-2.11758236814e-21
-1.69406589451e-21
-8.47032947254e-22
1.05879118407e-21
-4.87043944671e-21
-2.11758236814e-22
0

# 0048_r1

0
5.10866746313e-19
2.63639004833e-20
5.07955070557e-20
6.25745589784e-20
0
4.74338450462e-20
-3.28225267061e-20
-2.2261084645e-20
-1.17261123636e-20
1.68347798267e-20
-2.04346698525e-20
-2.67080076181e-20
8.44385969294e-21
7.14684049246e-21
2.01964418361e-20
1.06937909591e-20
-2.11493539018e-20
-1.70399206186e-20
-5.92923063078e-21
-1.12595824981e-20
-1.76024034351e-21
-9.44971131781e-21
-2.06464280893e-21
-1.05382810039e-20
-2.19699170694e-21
-1.19114008208e-21
-7.07404859855e-21
-3.85135293205e-21
-2.66352157242e-21
-6.16084120229e-21
2.60727329077e-21
-7.22624983126e-21
3.123433993e-21
-6.77626357803e-21
5.37832834282e-21
-6.35274710441e-21
-3.95723205045e-21
-3.68757117076e-21
2.11758236814e-21
-3.62635980543e-21
8.99972506458e-22
-3.189608442e-21
-2.30287082535e-21
3.70576914424e-22
-1.5087774373e-21
9.92616735064e-22
-1.65436122511e-21
0

# 0049_r1

0
3.17849113457e-19
1.08605505706e-19
7.96210970419e-20
3.6253671887e-20
4.48265717555e-20
-1.50811569281e-20
-8.94678550537e-21
-4.80426499771e-20
-3.01490789663e-20
1.64112633531e-20
-4.04665027467e-20
-6.67038445963e-21
4.6057416507e-21
-2.1202293461e-20
-1.06937909591e-20
1.03761536039e-20
5.42630481835e-21
2.03817302933e-21
1.11173074327e-20
8.73502726856e-21
-5.26748614074e-21
8.62914815015e-21
-5.34689547954e-21
-9.79381845263e-21
7.04096137405e-21
9.3173624198e-21
-8.23210145613e-21
1.05879118407e-21
3.70576914424e-21
1.74700545371e-21
-3.28225267061e-21
-2.59403840097e-21
-2.64697796017e-22
-3.1499037726e-21
-5.29395592034e-22
2.11758236814e-22
8.99972506458e-22
-1.00585162486e-21
-5.55865371636e-21
-3.1763735522e-22
-1.00585162486e-21
-2.32934060495e-21
2.11758236814e-21
-7.41153828848e-22
-2.54109884176e-21
-1.27054942088e-21
-3.1763735522e-22
0

# 0050_r1

0
2.69581470353e-19
4.76720730627e-20
-5.46336250979e-20
1.13290656695e-20
-7.89858223315e-20
3.67929936464e-20
-1.02173349263e-20
-1.46113183401e-20
-4.15840237543e-20
9.15854374219e-21
7.30565917007e-21
1.45054392217e-20
5.30454383218e-20
-6.56450534122e-21
6.98802181485e-21
-1.77876918923e-20
-1.27054942088e-20
1.03761536039e-20
-1.5881867761e-21
-2.54109884176e-21
-4.44692297309e-21
-2.54109884176e-21
7.51741740688e-21
1.18584612616e-20
-5.08219768353e-21
-3.70576914424e-21
-1.05879118407e-20
-8.36445035414e-21
6.35274710441e-22
8.47032947254e-22
5.82335151237e-21
-4.23516473627e-22
-2.22346148654e-21
-4.23516473627e-21
2.54109884176e-21
6.35274710441e-22
-2.54109884176e-21
3.1763735522e-21
1.69406589451e-21
9.52912065661e-22
3.81164826264e-21
-2.32934060495e-21
-1.5881867761e-21
3.38813178902e-21
-1.90582413132e-21
-3.1763735522e-22
-3.28225267061e-21
0

# 0051_r1

0
-1.67394886201e-19
1.04185052512e-19
1.23878568536e-20
3.1763735522e-20
6.98802181485e-21
5.69100261436e-22
-4.84926362303e-20
2.51992301808e-20
5.78099986501e-20
9.4232415382e-21
-4.23516473627e-22
8.68208770936e-21
-1.01643953671e-20
-1.10114283143e-20
1.5881867761e-21
-9.3173624198e-21
1.54583512874e-20
1.51407139322e-20
8.47032947254e-21
2.75285707858e-21
-4.02340649946e-21
2.11758236814e-21
6.98802181485e-21
1.4823076577e-21
-8.25857123573e-21
-5.29395592034e-21
1.33407689193e-20
-3.59989002583e-21
-6.67038445963e-21
-2.01170324973e-21
2.75285707858e-21
-2.43521972336e-21
7.41153828848e-22
3.1763735522e-21
-3.0704944338e-21
1.05879118407e-22
-4.23516473627e-21
2.54109884176e-21
-2.11758236814e-21
1.90582413132e-21
2.32934060495e-21
-1.4823076577e-21
-4.23516473627e-22
8.47032947254e-22
4.23516473627e-22
4.23516473627e-22
8.47032947254e-22
0

# 0052_r1

0
2.79732630831e-19
-8.15269211732e-21
6.52744764978e-20
1.59348073202e-20
1.32348898008e-22
5.34160152362e-20
-2.01170324973e-21
1.00585162486e-20
4.6057416507e-20
-4.12266817296e-20
1.11173074327e-20
4.97631856512e-21
-9.69786550157e-21
9.63499977502e-21
8.84090638697e-21
1.40289831889e-21
2.07589246526e-20
-2.15464005958e-20
1.39330302378e-20
-4.6586812099e-21
-6.74979379843e-21
1.45583787809e-21
1.21760986168e-20
-7.08066604345e-21
-5.36013036934e-21
1.16467030247e-21
2.29625338045e-21
-1.31869133253e-20
2.57418606627e-21
1.16467030247e-21
-6.77626357803e-21
6.2270156513e-21
2.12750853549e-21
-4.40556394246e-21
3.22269566651e-21
4.91345283856e-21
1.69406589451e-21
-8.66885281956e-22
2.64697796017e-23
1.98523347013e-23
-7.81189370495e-21
7.51079996198e-22
6.55127045142e-22
3.057259544e-21
-2.50139417236e-21
-2.63705179282e-21
-2.72969602142e-21
0

# 0053_r1

0
-9.42562381837e-19
-1.93758786684e-20
3.23990102325e-20
1.88994226356e-20
8.68208770936e-21
3.77756842141e-20
-3.0704944338e-20
-4.07634605866e-20
-3.91752738105e-20
4.17163726523e-20
-2.65756587201e-20
1.4823076577e-21
-6.14098886759e-21
8.57620859095e-21
-1.88464830764e-20
-1.69406589451e-21
5.18807680193e-21
-7.30565917007e-21
-1.73641754187e-20
-1.31290106824e-20
-2.43521972336e-21
-9.21148330139e-21
2.43521972336e-21
0
-9.74087889342e-21
5.29395592034e-21
-1.69406589451e-21
4.02340649946e-21
-3.81164826264e-21
-6.35274710441e-22
-1.05879118407e-21
2.54109884176e-21
-1.05879118407e-21
8.47032947254e-22
-2.32934060495e-21
-6.35274710441e-22
1.27054942088e-21
1.05879118407e-21
-8.47032947254e-22
3.1763735522e-21
1.27054942088e-21
-8.47032947254e-22
-1.4823076577e-21
0
6.35274710441e-22
-2.11758236814e-21
-2.96461531539e-21
0

# 0054_r1

0
-3.15308014615e-19
8.83031847513e-20
-3.1763735522e-20
-4.6586812099e-21
1.77876918923e-20
7.58094487793e-20
4.17163726523e-20
2.75285707858e-21
2.66815378385e-20
-7.41153828848e-22
4.6586812099e-21
-1.31290106824e-20
2.85873619698e-20
1.65171424715e-20
1.52465930506e-20
-9.52912065661e-21
1.73641754187e-20
4.6586812099e-21
-1.37642853929e-20
-2.96461531539e-21
8.04681299892e-21
-6.14098886759e-21
-7.62329652529e-21
6.35274710441e-22
3.81164826264e-21
-8.68208770936e-21
6.35274710441e-22
4.44692297309e-21
-4.44692297309e-21
0
-4.23516473627e-22
2.11758236814e-22
-6.35274710441e-22
-8.47032947254e-22
-1.69406589451e-21
-6.35274710441e-22
-2.54109884176e-21
2.54109884176e-21
2.96461531539e-21
2.11758236814e-21
-1.4823076577e-21
6.35274710441e-22
-4.23516473627e-22
1.05879118407e-21
1.27054942088e-21
6.35274710441e-22
-2.75285707858e-21
0

# 0055_r1

0
5.59359382543e-19
7.43800806808e-21
-1.14349447879e-20
9.69455677912e-20
4.0869339705e-20
-1.5352472169e-20
-4.23516473627e-22
-2.01170324973e-21
-3.38813178902e-20
4.91279109407e-20
6.88214269644e-22
6.246867986e-21
2.20228566286e-20
9.3173624198e-21
5.50571415715e-21
4.6586812099e-21
6.45862622281e-21
-2.64697796017e-21
-1.35525271561e-20
1.79994501292e-21
-4.55280209149e-21
-7.8350547621e-21
6.88214269644e-21
-2.54109884176e-21
-2.43521972336e-21
-9.52912065661e-22
2.32934060495e-21
-4.12928561786e-21
-2.11758236814e-21
-2.54109884176e-21
1.196434038e-20
2.64697796017e-21
-7.41153828848e-22
3.81164826264e-21
5.29395592034e-21
5.29395592034e-22
2.96461531539e-21
9.52912065661e-22
-2.32934060495e-21
-3.81164826264e-21
-8.47032947254e-22
-5.08219768353e-21
3.28225267061e-21
2.64697796017e-21
3.1763735522e-22
-4.12928561786e-21
-1.37642853929e-21
0

# 0056_r1

0
3.43048343638e-20
1.07096728268e-19
-2.42463181152e-20
-2.87991202066e-20
-2.86932410882e-20
-5.57453558412e-20
1.05879118407e-22
6.1939284268e-21
4.1134037501e-20
1.34995875969e-20
3.52312766499e-20
4.49986253229e-21
2.04611396321e-20
2.29360640249e-20
-6.2203982064e-21
-9.18501352179e-21
-2.38757412007e-20
-2.15728703754e-20
4.02340649946e-21
-6.64391468003e-21
9.3438321994e-21
-5.02925812432e-22
-8.25857123573e-21
1.69406589451e-21
-1.07599654081e-20
0
9.02288612173e-21
-1.0032046469e-20
1.07533479632e-20
3.93076227085e-21
1.76024034351e-21
-3.90429249125e-21
1.07202607387e-21
-1.05879118407e-21
-2.11758236814e-21
-4.76456032831e-22
2.27640104575e-21
1.29701920048e-21
2.03817302933e-21
4.79103010791e-21
5.55865371636e-22
4.04987627906e-21
2.24993126614e-21
5.22778147134e-22
-1.46907276789e-21
1.85288457212e-22
-2.67344773977e-21
0

# 0057_r1

0
-3.55330321373e-19
-2.8507952631e-20
-1.24672661924e-19
-4.6586812099e-20
-4.12399166194e-20
2.72903427693e-20
3.56812629031e-20
4.59515373885e-20
-5.11495403578e-20
4.57794838211e-20
-3.75076776956e-20
-3.34313316369e-20
-9.50265087701e-21
-2.30986050152e-20
2.03420256239e-20
1.90582413132e-21
2.18905077306e-20
-6.64391468003e-21
9.07913440338e-21
9.97910690984e-21
-3.21607822161e-21
2.51462906216e-21
2.66021284997e-21
-9.3173624198e-21
8.73502726856e-22
3.30375936654e-21
-3.99693671986e-21
8.84090638697e-21
-6.08804930839e-22
-1.19114008208e-21
1.11173074327e-21
-1.38966342909e-21
-6.11451908799e-21
-8.12622233772e-21
7.94093388051e-23
-4.6586812099e-21
2.77932685818e-21
1.08526096367e-21
1.05879118407e-21
1.45583787809e-21
-4.6586812099e-21
-8.86737616657e-22
7.94093388051e-23
4.15575539747e-21
-2.64697796017e-21
2.56756862136e-21
-6.2203982064e-22
0

# 0058_r1

0
-4.27539880127e-19
5.35748339138e-20
2.68932960753e-20
-2.41404389967e-20
-2.89049993251e-20
-2.68932960753e-20
-7.32683499375e-20
-8.36445035414e-21
-8.09975255812e-21
-1.61598004468e-20
-1.92170599908e-20
-1.4823076577e-20
-4.44692297309e-20
-1.9402348448e-20
1.04820327223e-20
-4.10281583826e-21
-3.44107134822e-22
-1.41348623073e-20
-9.4232415382e-21
1.00585162486e-21
-1.74700545371e-20
8.15269211732e-21
-3.28225267061e-21
4.23516473627e-22
-2.48815928256e-21
-2.96461531539e-21
1.71524171819e-20
-7.41153828848e-21
2.38228016415e-21
-1.85288457212e-21
8.25857123573e-21
-6.2998075452e-21
6.1939284268e-21
3.28225267061e-21
2.17052192734e-21
3.75870870344e-21
-4.12928561786e-21
-5.13513724273e-21
-1.5352472169e-21
-3.65282958503e-21
-1.74700545371e-21
1.5352472169e-21
1.21760986168e-21
-2.69991751937e-21
3.1763735522e-21
-1.69406589451e-21
-1.64112633531e-21
0

# 0059_r1

0
-1.09690766669e-19
-7.30565917007e-21
2.60065584587e-20
-8.77208496e-20
4.56471349231e-20
-3.68459332056e-20
-8.99972506458e-22
-1.02702744855e-20
-1.39231040705e-20
-2.1069944563e-20
-1.73774103085e-20
3.59989002583e-21
7.62329652529e-21
-1.32613595805e-20
7.29242428027e-21
-2.17052192734e-21
3.54297999969e-20
1.89258924152e-20
1.50613045934e-20
-1.93229391092e-21
-1.3221654911e-20
-6.59097512082e-21
-3.94399716065e-21
-2.64697796017e-21
4.49986253229e-21
3.1763735522e-22
1.79994501292e-21
3.97046694025e-21
-3.54695046663e-21
4.81749988751e-21
6.40568666361e-21
-1.69406589451e-21
-1.98523347013e-21
1.85288457212e-22
-5.82335151237e-22
-1.4955425475e-21
3.97046694025e-21
-6.06157952879e-21
-2.72638729897e-21
8.20563167653e-22
3.1499037726e-21
-2.67344773977e-21
2.09111258853e-21
1.08526096367e-21
-4.07634605866e-21
2.64697796017e-23
6.08804930839e-22
0

# 0060_r1

0
-6.35274710441e-22
9.3305973096e-20
6.96155203525e-20
-1.20702194984e-20
-4.28810429547e-21
9.52912065661e-21
-3.94399716065e-20
-5.92923063078e-21
-2.79256174798e-21
-9.79381845263e-22
-1.92435297704e-20
1.14084750083e-20
3.92282133697e-20
1.84494363824e-20
5.45277459795e-21
6.14098886759e-21
7.27918939047e-22
-2.85344224106e-20
1.78803361209e-20
3.1763735522e-21
-1.03728448814e-21
-1.32878293601e-20
-8.47032947254e-21
-2.75285707858e-21
-9.48941598721e-21
8.71517493386e-21
-1.10908376531e-20
-5.00278834472e-21
-2.27640104575e-21
3.0440246542e-21
-5.29395592034e-23
-4.55280209149e-21
7.94093388051e-22
1.90582413132e-21
4.6586812099e-21
1.4823076577e-21
2.59403840097e-21
6.77626357803e-21
3.38813178902e-21
-1.90582413132e-21
-6.35274710441e-22
2.80579663778e-21
5.82335151237e-22
1.19114008208e-21
-3.65282958503e-21
-5.82335151237e-22
-2.27640104575e-21
0

# 0061_r1

0
3.82858892159e-19
-1.35525271561e-19
-6.67038445963e-20
-8.79061380572e-20
3.38019085514e-20
-2.85873619698e-20
-7.37183361907e-21
4.13987352971e-20
6.82920313724e-20
2.59403840097e-21
-1.92964693296e-20
-1.49488080301e-20
1.44260298829e-20
-3.44504181516e-20
3.37820562167e-21
-2.50304853359e-20
-1.00188115792e-20
9.13207396259e-21
-1.12364214409e-20
-5.61159327556e-21
-2.02593075626e-20
2.21022659674e-21
1.32084200212e-20
7.62329652529e-21
6.85567291684e-21
9.56882532601e-21
9.19824841159e-22
-1.07533479632e-20
-3.59989002583e-21
-7.53933769311e-21
1.35326748214e-21
2.91167575619e-21
-1.95214624563e-21
1.47569021279e-21
2.49643108869e-21
1.40289831889e-21
5.02925812432e-22
1.69406589451e-21
-2.24331382124e-21
3.30375936654e-21
-1.5683344414e-21
-1.61134783325e-21
1.43929426584e-21
-2.96792403784e-21
2.11758236814e-22
1.18534981779e-21
-2.24331382124e-21
0

# 0062_r1

0
-1.85076698975e-19
1.95029336105e-19
1.90582413132e-21
-6.72861797475e-20
-6.14098886759e-21
2.54109884176e-21
-7.8085849825e-22
4.20075402279e-20
1.04026233835e-20
2.13875819182e-20
-5.02925812432e-21
-2.67080076181e-20
1.41878018665e-20
-2.07787769873e-20
-2.03569148749e-21
-7.99387343971e-21
-2.59403840097e-21
-2.24993126614e-20
-9.26442286059e-21
-6.82920313724e-21
9.82028823223e-21
-6.94831714545e-21
-5.08219768353e-21
-1.79994501292e-21
-3.59989002583e-21
-1.33142991397e-20
2.44845461316e-22
-2.01170324973e-21
-3.97046694025e-21
-5.69100261436e-21
-2.67344773977e-21
6.1674586472e-21
8.84090638697e-21
2.59403840097e-21
-2.46168950296e-21
2.03817302933e-21
-3.59989002583e-21
1.13820052287e-21
5.00278834472e-21
3.73223892384e-21
-3.57342024623e-21
-3.1763735522e-22
-2.11758236814e-21
1.13820052287e-21
1.98523347013e-21
-2.30287082535e-21
-2.91167575619e-22
0

# 0063_r1

0
-1.50771864611e-19
-1.63900875294e-19
-3.15519772852e-20
0
-6.35274710441e-20
-7.51741740688e-21
3.28225267061e-21
-3.57871420215e-20
1.34731178173e-20
-2.66815378385e-20
4.91808505e-20
1.6146565557e-20
-1.96935160237e-20
-8.68208770936e-21
-2.96461531539e-21
1.38701645113e-20
7.41153828848e-22
1.64112633531e-20
-1.36584062745e-20
1.196434038e-20
-1.50348348138e-20
-6.246867986e-21
-4.23516473627e-22
-4.23516473627e-22
4.97631856512e-21
3.70576914424e-21
-1.4823076577e-21
6.88214269644e-21
-5.39983503875e-21
-5.61159327556e-21
-1.5881867761e-21
5.39983503875e-21
1.27054942088e-21
9.52912065661e-22
1.79994501292e-21
1.07996700775e-20
1.69406589451e-21
1.05879118407e-21
4.55280209149e-21
-5.29395592034e-22
2.75285707858e-21
1.37642853929e-21
-3.1763735522e-21
-2.75285707858e-21
2.75285707858e-21
-2.01170324973e-21
2.11758236814e-22
0

# 0064_r1

0
-3.17213838747e-19
-6.43215644321e-20
-8.95737341721e-20
4.4257471494e-20
3.95458507249e-20
4.89690922631e-22
-1.12033342164e-20
-1.34466480377e-20
-2.74226916674e-20
3.6951812324e-20
-2.93814553579e-20
5.98217018998e-21
-4.38339550204e-20
1.89258924152e-21
1.14349447879e-20
-2.54109884176e-20
-5.82335151237e-21
-1.64642029123e-20
-7.8615245417e-21
1.03761536039e-20
1.66759611491e-21
6.93508225564e-21
-1.09055491959e-20
-7.67623608449e-22
-5.29395592034e-22
-2.80579663778e-21
-1.27054942088e-21
-7.19978005166e-21
5.08219768353e-21
-1.16467030247e-21
-6.59097512082e-21
4.76456032831e-22
-5.02925812432e-21
-9.26442286059e-22
4.20869495667e-21
1.64112633531e-21
3.1763735522e-22
-2.17052192734e-21
-3.65282958503e-21
2.80579663778e-21
-5.39983503875e-21
2.27640104575e-21
-1.05879118407e-21
1.74700545371e-21
0
-3.91752738105e-21
-1.85288457212e-21
0

# 0065_r1

0
-8.98251970784e-20
1.03470368463e-19
-1.35207634205e-19
-2.63639004833e-20
-1.41878018665e-20
-4.72220868094e-20
1.02702744855e-20
3.10755212524e-20
2.75285707858e-21
5.5692416282e-20
1.00849860282e-20
9.97910690984e-21
-1.88464830764e-20
1.75229940963e-20
3.1763735522e-21
1.35525271561e-20
-7.14684049246e-21
-7.25271961086e-21
-1.33407689193e-20
1.81847385864e-20
2.00640929381e-20
-2.69991751937e-21
5.71747239397e-21
-5.18807680193e-21
8.41738991334e-21
-1.32348898008e-21
-1.5352472169e-21
-5.82335151237e-21
-4.44692297309e-21
4.18222517707e-21
-2.96461531539e-21
4.34104385468e-21
2.75285707858e-21
-5.77041195317e-21
-2.85873619698e-21
8.41738991334e-21
-9.52912065661e-22
2.69991751937e-21
-3.38813178902e-21
-7.94093388051e-22
4.23516473627e-22
-1.79994501292e-21
3.70576914424e-22
6.35274710441e-22
-5.29395592034e-23
-4.49986253229e-21
1.00585162486e-21
0

# 0066_r1

0
7.50682949504e-20
-6.52215369386e-20
9.3173624198e-20
8.0679888226e-20
-5.69100261436e-20
1.38172249521e-20
-7.29507125823e-20
-1.33407689193e-20
-1.59877468794e-20
7.69476493021e-20
-1.33937084785e-20
-5.50571415715e-21
8.68208770936e-21
-5.82335151237e-21
4.23516473627e-22
6.246867986e-21
1.13290656695e-20
-2.24463731022e-20
8.89384594617e-21
5.39983503875e-21
1.23084475148e-20
2.80579663778e-21
1.69406589451e-21
-1.5352472169e-20
-1.54583512874e-20
-2.43521972336e-21
-3.81164826264e-21
-1.4823076577e-21
1.5881867761e-22
6.88214269644e-21
1.79994501292e-21
-5.18807680193e-21
-5.29395592034e-22
3.1763735522e-22
7.41153828848e-21
-9.52912065661e-22
-1.79994501292e-21
2.54109884176e-21
-1.5881867761e-21
8.47032947254e-22
3.1763735522e-22
-2.11758236814e-22
1.69406589451e-21
-1.16467030247e-21
-2.32934060495e-21
8.47032947254e-22
-1.05879118407e-22
0

# 0067_r1

0
2.58345048913e-20
7.96210970419e-20
6.50097787018e-20
-3.73753287976e-20
-1.57759886426e-20
-2.80579663778e-20
3.32460431797e-20
9.66146955462e-21
-3.18696146404e-20
1.55642304058e-20
1.07996700775e-20
3.14460981668e-20
-1.16467030247e-20
3.81164826264e-21
1.56701095242e-20
-7.41153828848e-22
2.00111533789e-20
3.28225267061e-21
1.72582963003e-20
-1.69406589451e-21
-4.02340649946e-21
-7.41153828848e-21
3.70576914424e-21
-1.03761536039e-20
2.96461531539e-21
4.87043944671e-21
-4.02340649946e-21
-1.4823076577e-21
4.87043944671e-21
-5.92923063078e-21
4.02340649946e-21
7.94093388051e-21
-4.02340649946e-21
4.23516473627e-22
6.35274710441e-22
-2.11758236814e-21
1.05879118407e-21
3.38813178902e-21
-6.35274710441e-22
1.4823076577e-21
4.23516473627e-22
6.35274710441e-21
8.47032947254e-22
-4.23516473627e-22
5.29395592034e-22
-2.11758236814e-22
-1.4823076577e-21
0

# 0068_r1

0
3.38813178902e-21
-3.89635155737e-20
-1.09479008433e-19
3.93870320473e-20
-6.51024229304e-20
-2.01435022769e-20
3.22931311141e-21
-2.60462631281e-20
1.63053842346e-20
-5.92923063078e-20
1.67289007083e-20
-5.50571415715e-21
-3.38813178902e-21
7.19978005166e-21
-4.23516473627e-21
-1.56701095242e-20
3.02814278643e-20
5.29395592034e-21
-8.47032947254e-22
9.4232415382e-21
1.09055491959e-20
-1.45054392217e-20
-5.08219768353e-21
-7.19978005166e-21
2.43521972336e-21
1.69406589451e-21
-8.99972506458e-21
7.30565917007e-21
7.51741740688e-21
-8.25857123573e-21
-3.81164826264e-21
3.81164826264e-21
2.96461531539e-21
5.18807680193e-21
2.11758236814e-21
-2.32934060495e-21
3.38813178902e-21
-2.11758236814e-21
-2.01170324973e-21
2.22346148654e-21
-3.70576914424e-21
-2.22346148654e-21
1.69406589451e-21
-9.52912065661e-22
8.47032947254e-22
-3.1763735522e-22
-3.28225267061e-21
0

# 0069_r1

0
-8.23739541205e-19
6.70214819515e-20
2.72903427693e-20
1.03073321769e-19
2.43786670132e-20
-2.72903427693e-20
1.96405764645e-20
4.7050033242e-20
1.79200407903e-20
-4.31457407508e-20
7.7821152029e-21
-3.44107134822e-21
-1.29172524456e-20
-3.98370183006e-21
2.48815928256e-21
2.31445135392e-20
-1.2361387074e-20
-7.54388718648e-21
-9.75411378323e-21
-1.32348898008e-20
-8.94678550537e-21
1.85288457212e-21
-1.63980284633e-20
-6.98802181485e-21
1.77347523331e-21
5.24101636114e-21
5.98217018998e-21
-8.99972506458e-22
5.47924437755e-21
1.16467030247e-21
-4.18222517707e-21
1.64112633531e-21
2.91167575619e-21
3.65282958503e-21
-5.92923063078e-21
-3.70576914424e-22
-2.43521972336e-21
3.28225267061e-21
1.16467030247e-21
4.44692297309e-21
2.77932685818e-21
-1.5352472169e-21
-3.1763735522e-22
7.94093388051e-22
-2.59403840097e-21
2.85873619698e-21
-2.64697796017e-22
0

# 0070_r1

0
3.33942739455e-19
3.64488865115e-20
-3.59989002583e-20
-2.58345048913e-20
-1.69406589451e-20
-1.68347798267e-20
3.1763735522e-20
-6.46921413465e-20
-9.89969757103e-21
1.51407139322e-20
-1.50613045934e-20
1.71524171819e-20
-2.11758236814e-22
2.22346148654e-21
-2.18110983918e-20
1.61995051162e-20
-4.12928561786e-21
-4.02340649946e-21
-8.04681299892e-21
-1.84229666028e-20
5.08219768353e-21
-2.54109884176e-21
-1.21760986168e-20
1.23878568536e-20
1.03761536039e-20
-2.2128735747e-20
4.6586812099e-21
1.03761536039e-20
-7.41153828848e-22
1.4823076577e-21
-2.96461531539e-21
-4.87043944671e-21
3.0704944338e-21
2.11758236814e-22
2.11758236814e-22
1.90582413132e-21
5.50571415715e-21
5.50571415715e-21
2.01170324973e-21
-1.27054942088e-21
-8.47032947254e-22
-8.47032947254e-22
5.29395592034e-22
-1.4823076577e-21
1.27054942088e-21
3.1763735522e-21
4.44692297309e-21
0

# 0071_r1

0
1.34678238613e-19
-1.22449200437e-19
6.2733377656e-20
8.31151079493e-21
1.68347798267e-20
2.7846208141e-20
-3.55753837847e-20
-6.246867986e-21
5.8551152479e-20
-4.4125122596e-20
3.59989002583e-21
1.52465930506e-20
-9.3173624198e-21
2.29757686943e-20
-2.86932410882e-20
-1.79994501292e-21
-1.27054942088e-21
-4.87043944671e-21
2.11758236814e-22
6.03510974919e-21
1.90582413132e-20
-9.52912065661e-21
-1.90582413132e-21
-3.59989002583e-21
4.76456032831e-21
1.05879118407e-22
3.38813178902e-21
1.05879118407e-21
5.29395592034e-21
1.5881867761e-21
7.41153828848e-22
-8.36445035414e-21
3.49401090742e-21
-4.12928561786e-21
-4.34104385468e-21
8.47032947254e-22
-3.0704944338e-21
4.02340649946e-21
-6.35274710441e-22
3.59989002583e-21
1.5881867761e-21
-2.11758236814e-22
-1.37642853929e-21
-5.29395592034e-22
-2.01170324973e-21
1.16467030247e-21
1.05879118407e-22
0

# 0072_r1

0
-4.84079329356e-19
-1.44736754862e-19
7.81387893842e-20
-1.49157208056e-19
1.794651057e-20
8.46503551662e-20
-4.9644071643e-20
-3.26107684693e-20
-5.30239316259e-20
2.9742106105e-20
-1.08526096367e-20
-2.74756312266e-20
3.40401365678e-20
-2.85873619698e-21
2.80579663778e-21
1.25996150904e-20
-3.4093076127e-20
-4.49986253229e-21
-8.36445035414e-21
-5.55865371636e-21
4.76456032831e-22
-1.5352472169e-21
5.66453283476e-21
3.22931311141e-21
1.90582413132e-21
-1.5087774373e-21
-7.41153828848e-22
-1.08526096367e-20
-1.16467030247e-21
1.32348898008e-21
2.96461531539e-21
-5.18807680193e-21
2.64697796017e-21
8.94678550537e-21
-3.123433993e-21
-3.28225267061e-21
7.94093388051e-22
-3.123433993e-21
-8.47032947254e-22
4.34104385468e-21
2.22346148654e-21
-3.01755487459e-21
2.69991751937e-21
-2.27640104575e-21
-1.69406589451e-21
4.02340649946e-21
-1.21760986168e-21
0

# 0073_r1

0
-3.19066723319e-19
1.64324391767e-19
1.24725601483e-19
-7.51344693994e-20
-2.79520872594e-20
-3.57077326827e-20
1.55642304058e-20
-3.01755487459e-21
4.43765855022e-20
-2.34522247271e-20
1.09849585347e-20
-3.41658680209e-20
1.43995601033e-20
-3.30342849429e-20
4.01678905456e-21
-1.4823076577e-20
-9.83683184448e-21
-2.59403840097e-21
-2.58080351117e-21
4.7116207691e-21
1.59769935315e-20
-1.40819227481e-20
-6.59759256572e-21
-4.44692297309e-21
1.40951576379e-20
-1.4889251026e-22
-3.77194359324e-21
-4.52633231189e-21
-8.62914815015e-21
-5.02925812432e-22
-4.81749988751e-21
2.51462906216e-21
1.09055491959e-20
-5.69100261436e-21
1.85288457212e-21
7.62329652529e-21
-2.77932685818e-21
-1.21760986168e-21
-4.77779521811e-21
6.61744490042e-22
6.85567291684e-21
-3.36166200942e-21
1.5087774373e-21
2.48815928256e-21
-2.54109884176e-21
-2.59403840097e-21
2.64697796017e-21
0

# 0074_r1

0
-1.02120409703e-19
-1.87511918698e-19
2.75285707858e-21
2.93152809089e-20
1.13290656695e-20
1.926999955e-20
3.99362799741e-20
0
1.12231865511e-20
-1.01643953671e-20
-1.84229666028e-20
-2.54109884176e-21
-2.68932960753e-20
-5.18807680193e-20
-1.18584612616e-20
-2.26581313391e-20
-2.11758236814e-21
7.41153828848e-21
-2.41404389967e-20
-1.63053842346e-20
-4.87043944671e-21
2.96461531539e-21
1.12231865511e-20
-9.95263713024e-21
-6.35274710441e-22
7.19978005166e-21
9.10560418298e-21
-1.27054942088e-21
-2.96461531539e-21
-2.54109884176e-21
4.6586812099e-21
4.44692297309e-21
-2.96461531539e-21
-1.90582413132e-21
-4.23516473627e-22
1.69406589451e-21
0
-2.11758236814e-21
-1.90582413132e-21
-1.27054942088e-21
-3.38813178902e-21
1.90582413132e-21
-1.27054942088e-21
-4.23516473627e-22
2.54109884176e-21
6.35274710441e-22
-4.02340649946e-21
0

# 0075_r1

0
7.76729212632e-19
-2.4987471944e-20
-1.03761536039e-20
-6.70744215107e-20
2.89678650516e-20
-4.12134468398e-20
1.63053842346e-20
-4.01678905456e-20
-8.15269211732e-21
3.35372107553e-20
3.18166750812e-20
-6.98802181485e-21
-1.95876369053e-20
1.3023131564e-20
1.49091033607e-20
1.3224343248e-20
1.24143266332e-20
1.80920943578e-20
-1.24540313026e-20
-1.65403035286e-20
1.12496563307e-21
-2.126846791e-20
-8.38575025491e-21
6.64391468003e-21
1.09267198497e-20
-7.46447784768e-21
1.01114558078e-20
5.02925812432e-22
1.22836320964e-21
-3.70576914424e-22
-5.02925812432e-22
-1.72053567411e-21
-7.70270586409e-21
-3.83811804225e-22
-5.22778147134e-21
-2.51462906216e-21
1.37642853929e-21
-2.38228016415e-22
-3.44107134822e-22
2.32934060495e-21
-6.08804930839e-22
2.01170324973e-21
-1.13820052287e-21
-1.42936809849e-21
2.28963593555e-21
-8.73502726856e-22
-3.25578289101e-21
0

# 0076_r1

0
9.3173624198e-20
-2.54109884176e-21
3.86458782185e-20
3.68459332056e-20
-3.62106584951e-20
8.51582440623e-20
2.51992301808e-20
6.72332401883e-20
-2.22346148654e-21
-1.00585162486e-20
-2.95932135947e-20
-6.77626357803e-21
-1.39429564052e-20
2.90638180027e-20
-2.30287082535e-20
-1.91244157622e-21
5.79688173277e-21
3.02748104194e-21
-8.85414127677e-21
9.82028823223e-21
4.84396966711e-21
7.19978005166e-21
2.48815928256e-21
7.37183361907e-21
9.60852999542e-21
6.74979379843e-22
6.65053212493e-21
-2.66683029487e-21
7.27918939047e-22
-2.80579663778e-21
-4.72651002013e-21
-7.94093388051e-23
7.2419662629e-21
3.6834352677e-21
9.99234179964e-22
-1.22753602903e-21
-7.19647132921e-22
-3.01093742969e-21
3.38813178902e-21
3.43114518087e-21
2.24331382124e-21
2.52807074712e-22
9.74418761587e-22
2.15976857938e-21
1.22422730658e-21
2.54771628666e-22
-3.21938694406e-21
0

# 0077_r1

0
6.65979654779e-20
1.40819227481e-20
6.03510974919e-20
-3.7481207916e-20
1.01114558078e-20
5.13513724273e-21
2.19169775102e-20
-3.84341199817e-20
-8.89384594617e-21
2.20228566286e-20
3.1763735522e-21
-4.23516473627e-22
-2.11758236814e-22
5.77041195317e-21
-5.82335151237e-21
7.88799432131e-21
4.15575539747e-21
9.97910690984e-21
-5.24101636114e-21
-8.57620859095e-21
-2.96461531539e-21
6.88214269644e-21
6.67038445963e-21
-1.02702744855e-20
1.79994501292e-20
7.41153828848e-22
-2.01170324973e-21
5.29395592034e-23
-1.42936809849e-21
6.88214269644e-22
-2.91167575619e-21
6.35274710441e-21
5.39983503875e-21
-5.29395592034e-23
2.48815928256e-21
-8.73502726856e-21
5.98217018998e-21
2.27640104575e-21
-1.37642853929e-21
4.6586812099e-21
1.37642853929e-21
1.21760986168e-21
1.85288457212e-21
4.23516473627e-22
1.05879118407e-22
4.76456032831e-22
1.27054942088e-21
0

# 0078_r1

0
-1.16467030247e-21
1.87935435172e-20
-2.56227466544e-20
2.85344224106e-20
-8.7084747709e-20
-2.64697796017e-21
-2.72638729897e-20
-9.3173624198e-21
7.98857948379e-20
-4.02340649946e-21
-2.74756312266e-20
1.93758786684e-20
-2.11460451793e-20
-3.03476023133e-20
1.97464555829e-20
-1.15408239063e-20
2.64697796017e-21
2.37963318619e-20
-2.15066959264e-21
-7.49094762728e-21
-1.17393472534e-20
-1.07996700775e-20
-3.0837293236e-21
-1.6146565557e-21
7.7556454233e-21
3.74547381364e-21
2.01170324973e-21
-1.27054942088e-21
-1.11173074327e-21
-1.5352472169e-21
-2.06464280893e-21
1.32348898008e-22
-6.35274710441e-22
-1.5352472169e-21
3.99693671986e-21
-2.54109884176e-21
-1.85288457212e-22
2.03817302933e-21
9.52912065661e-22
3.33519222981e-21
1.5881867761e-22
4.7380905487e-21
-7.94093388051e-23
-2.64697796017e-23
-1.03232140447e-21
2.22346148654e-21
-3.0440246542e-21
0

# 0079_r1

0
-1.89735380185e-19
2.4193378556e-20
2.39286807599e-20
3.47283508374e-20
3.30872245021e-20
-3.36695596534e-20
-1.41878018665e-20
-1.07996700775e-20
5.15101911049e-20
-5.66453283476e-21
-1.51936534914e-20
2.79256174798e-20
-1.4823076577e-21
1.196434038e-20
2.75285707858e-21
-1.05879118407e-20
-1.74502022024e-20
-5.08219768353e-21
-6.08804930839e-21
-6.88214269644e-21
2.11758236814e-21
2.64697796017e-22
1.47171974585e-20
2.48815928256e-21
1.2493735972e-20
-4.76456032831e-22
1.17525821432e-20
2.85873619698e-21
2.01170324973e-21
4.76456032831e-22
1.02173349263e-20
-2.80579663778e-21
3.65282958503e-21
2.01170324973e-21
3.59989002583e-21
-2.64697796017e-22
-1.5881867761e-22
1.21760986168e-21
5.29395592034e-21
4.55280209149e-21
3.75870870344e-21
-3.81164826264e-21
3.97046694025e-21
-2.43521972336e-21
3.86458782185e-21
3.70576914424e-21
-1.37642853929e-21
0

# 0080_r1

0
-3.59989002583e-19
9.13075047361e-20
1.79994501292e-20
-3.28225267061e-20
-2.45639554704e-20
6.51818322692e-20
-2.51992301808e-20
1.01908651467e-21
-6.35274710441e-22
-1.29172524456e-20
1.69406589451e-21
9.3173624198e-21
-4.44692297309e-21
-9.74087889342e-21
1.16467030247e-21
-1.43995601033e-20
-1.27054942088e-20
-5.50571415715e-21
7.51741740688e-21
-1.20702194984e-20
-1.38701645113e-20
2.96461531539e-21
3.81164826264e-21
-4.97631856512e-21
9.74087889342e-21
6.77626357803e-21
5.29395592034e-22
5.08219768353e-21
1.4823076577e-21
1.90582413132e-21
-2.11758236814e-21
-8.25857123573e-21
1.05879118407e-21
-1.90582413132e-21
5.08219768353e-21
4.23516473627e-22
0
2.11758236814e-21
-2.01170324973e-21
5.50571415715e-21
-4.23516473627e-22
-3.1763735522e-21
-6.35274710441e-22
-2.96461531539e-21
2.75285707858e-21
-2.96461531539e-21
-1.16467030247e-21
0

# 0081_r1

0
-1.19855162036e-19
-3.1763735522e-20
-2.1599340155e-20
-2.15563267631e-20
3.01226091867e-20
4.09752188234e-20
-4.81088244261e-20
-6.9244943438e-20
5.21454658153e-20
3.54959744459e-20
7.04096137405e-21
1.01114558078e-20
-2.63374307037e-21
1.59348073202e-20
7.49094762728e-21
4.84396966711e-21
-1.55377606262e-20
-8.22879273368e-21
1.27054942088e-21
1.88531005213e-20
-3.67929936464e-21
-5.45277459795e-21
2.08052467669e-20
-7.94093388051e-22
-3.45430623802e-21
-5.39321759385e-22
-4.07634605866e-21
-2.14405214774e-21
6.82920313724e-21
3.20284333181e-21
-1.25731453108e-21
2.75285707858e-21
2.82564897248e-21
-6.04834463899e-21
2.83226641738e-21
1.87273690682e-21
-1.30363664538e-21
-1.34995875969e-21
-3.97046694025e-22
-3.46754112782e-21
2.38228016415e-22
-1.5220123271e-21
5.46600948775e-21
-7.54388718648e-22
-2.85873619698e-21
-1.05879118407e-21
-2.91167575619e-21
0

# 0082_r1

0
-3.14672739905e-19
-1.30019557404e-19
1.79994501292e-20
3.89105760145e-20
-1.12761261103e-20
-8.36445035414e-21
-4.42310017144e-20
4.81749988751e-21
-6.41362759749e-20
-2.77403290226e-20
-3.49401090742e-21
-1.52068883812e-20
2.15794878203e-20
1.04555629427e-20
-1.68347798267e-20
-6.1939284268e-21
1.12496563307e-20
-1.54583512874e-20
1.93097042194e-20
-3.52048068703e-21
-6.80273335764e-21
-3.70576914424e-22
-6.53803556162e-21
3.0969642134e-21
1.32348898008e-22
3.02830822256e-21
9.82028823223e-21
1.11173074327e-21
-1.34995875969e-21
-4.6322114303e-21
-3.01755487459e-21
3.43445390332e-21
-1.24143266332e-20
5.82335151237e-22
-2.22346148654e-21
1.85288457212e-21
1.5352472169e-21
-2.24993126614e-21
8.47032947254e-22
1.99846835993e-21
-1.08526096367e-21
-2.77932685818e-22
-1.36319364949e-21
1.44260298829e-21
-2.07787769873e-21
3.28225267061e-21
4.6322114303e-22
0

# 0083_r1

0
-4.69256252779e-19
1.40078073652e-19
-1.19114008208e-19
-3.08108234564e-20
-9.55029648029e-20
1.09981934245e-20
-3.58930211399e-20
1.27054942088e-21
1.65700820307e-20
-2.88785295455e-20
-9.05266462378e-21
1.32348898008e-20
-1.71524171819e-20
-6.14098886759e-21
-1.66759611491e-20
-1.45848485605e-20
1.37113458337e-20
-7.19978005166e-21
-1.37642853929e-21
-8.68208770936e-21
1.33407689193e-20
4.87043944671e-21
-3.65282958503e-21
-3.22931311141e-21
7.94093388051e-22
1.64112633531e-21
-1.09584887551e-20
3.123433993e-21
-9.52912065661e-22
-1.69406589451e-21
3.49401090742e-21
4.76456032831e-22
1.95876369053e-21
-2.11758236814e-22
1.32348898008e-21
-2.69991751937e-21
5.29395592034e-23
3.91752738105e-21
8.47032947254e-22
-1.42936809849e-21
2.69991751937e-21
6.35274710441e-22
-2.96461531539e-21
-5.82335151237e-22
-2.27640104575e-21
1.5352472169e-21
-3.70576914424e-22
0

# 0084_r1

0
1.3954867806e-19
5.86570315974e-20
-2.8375603733e-20
2.13875819182e-20
-4.44692297309e-20
-1.99052742605e-20
2.75285707858e-20
-2.85873619698e-21
-8.68208770936e-21
2.79520872594e-20
-5.92923063078e-21
3.59989002583e-21
-3.02814278643e-20
1.18584612616e-20
1.31290106824e-20
-6.77626357803e-21
5.08219768353e-21
9.3173624198e-21
-1.90582413132e-21
3.26107684693e-20
-5.08219768353e-21
-2.54109884176e-21
1.14349447879e-20
-2.75285707858e-21
3.81164826264e-21
1.05879118407e-21
-2.96461531539e-21
4.02340649946e-21
4.6586812099e-21
8.47032947254e-22
-2.11758236814e-21
4.87043944671e-21
-1.05879118407e-21
5.29395592034e-21
3.1763735522e-21
-3.81164826264e-21
-4.23516473627e-21
-6.35274710441e-22
-1.90582413132e-21
2.75285707858e-21
3.38813178902e-21
6.35274710441e-22
6.35274710441e-22
2.11758236814e-22
-1.27054942088e-21
-1.90582413132e-21
0
0

# 0085_r1

0
-1.02490986618e-19
-2.93946902477e-20
4.57133093721e-20
1.09055491959e-20
7.00919763853e-20
2.31345873719e-20
-4.39398341388e-20
-4.23516473627e-21
-1.85288457212e-20
1.71946033931e-20
6.67038445963e-21
-1.03761536039e-20
-4.44692297309e-21
-1.52465930506e-20
1.926999955e-20
9.95263713024e-21
6.88214269644e-21
5.29395592034e-21
1.15408239063e-20
5.39983503875e-21
1.23878568536e-20
9.84675801183e-21
-6.56450534122e-21
-2.96461531539e-21
2.96461531539e-21
3.59989002583e-21
5.92923063078e-21
-1.5881867761e-21
-9.10560418298e-21
5.29395592034e-22
6.35274710441e-22
-8.57620859095e-21
-2.75285707858e-21
-3.91752738105e-21
-1.37642853929e-21
-7.41153828848e-22
5.29395592034e-22
2.11758236814e-22
-3.70576914424e-21
-1.79994501292e-21
-2.11758236814e-21
6.35274710441e-22
-4.44692297309e-21
2.32934060495e-21
2.11758236814e-21
3.38813178902e-21
3.1763735522e-22
0

# 0086_r1

0
1.57124611716e-19
1.13502414932e-19
-4.87043944671e-21
-5.19552142745e-20
-1.8211208366e-20
-2.13875819182e-20
-7.81387893842e-20
-1.87935435172e-20
4.36751363428e-20
-1.63053842346e-20
1.86876643988e-20
0
1.32348898008e-22
-3.44107134822e-20
1.36584062745e-20
4.6586812099e-21
1.98523347013e-21
2.64697796017e-21
1.69406589451e-21
-1.40819227481e-20
-1.4823076577e-21
-3.38813178902e-21
-1.45583787809e-20
-9.74087889342e-21
2.64697796017e-21
-4.97631856512e-21
-1.90582413132e-21
-3.38813178902e-21
6.35274710441e-22
5.18807680193e-21
-1.69406589451e-21
1.07467305183e-20
6.88214269644e-21
-1.05879118407e-22
-2.96461531539e-21
1.16467030247e-21
4.12928561786e-21
-3.81164826264e-21
-2.43521972336e-21
3.38813178902e-21
7.41153828848e-22
-5.29395592034e-22
-3.1763735522e-22
2.11758236814e-22
-3.1763735522e-21
-2.22346148654e-21
1.90582413132e-21
0

# 0087_r1

0
5.41042295059e-20
1.04059321059e-19
5.11925537497e-20
2.91696971211e-20
-9.26442286059e-22
6.40651384422e-22
4.07634605866e-21
1.69141891655e-20
1.91541942643e-20
-1.13555354491e-20
5.27344184115e-20
8.62914815015e-21
-1.04026233835e-20
1.95082275665e-20
-9.83352312203e-21
1.35789969357e-20
1.16467030247e-21
-3.97046694025e-22
1.33804735887e-20
-1.01643953671e-20
8.72179237876e-21
-6.04834463899e-21
-4.92337900592e-21
-7.14684049246e-21
-7.53065229668e-21
-7.43800806808e-21
-1.04026233835e-20
-1.01433022614e-20
2.91167575619e-21
2.65359540507e-21
-1.5220123271e-21
-5.00278834472e-21
1.04555629427e-21
-2.69991751937e-21
1.05879118407e-22
-2.64697796017e-23
3.54695046663e-21
-1.27054942088e-21
-1.77347523331e-21
-2.24993126614e-21
1.32348898008e-23
-2.58080351117e-22
2.99108509499e-21
1.5749518863e-21
-4.89690922631e-22
2.88520597658e-21
1.19114008208e-22
0

# 0088_r1

0
-8.18657343521e-19
-3.7613556814e-20
3.10755212524e-20
-2.10170050037e-20
5.61159327556e-20
-1.66759611491e-20
-2.8640301529e-20
-2.95932135947e-20
-4.41515923756e-20
-3.97046694025e-21
-4.23516473627e-21
-6.85567291684e-21
3.00696696275e-20
-7.96740366011e-21
-6.05496208389e-21
1.63053842346e-20
-6.08804930839e-21
-5.02925812432e-21
-1.33196758136e-20
3.1763735522e-21
-1.37642853929e-21
-1.17790519228e-21
4.7380905487e-21
5.24101636114e-21
3.0704944338e-21
1.21231590576e-20
-1.16467030247e-21
5.29395592034e-23
1.11173074327e-21
-2.43521972336e-21
-3.75870870344e-21
6.35274710441e-22
3.01755487459e-21
2.32934060495e-21
3.01755487459e-21
-2.48815928256e-21
-2.54109884176e-21
1.5352472169e-21
1.90582413132e-21
4.76456032831e-22
2.06464280893e-21
-2.64697796017e-22
7.94093388051e-22
2.38228016415e-21
2.64697796017e-22
-6.35274710441e-22
1.5352472169e-21
0
