
# 0000_r1

1.48075871307
0.225810273089
0.0890687865413
0.0554248228231
0.043189731942
0.0368480950435
0.0326587436972
0.0294692271962
0.0267827916068
0.0244510518485
0.0223679881054
0.0203941044277
0.0185919144948
0.0169072094568
0.0153955439973
0.0140073991001
0.0127490222349
0.0116213717624
0.0105939204072
0.00968913104859
0.00890435237134
0.00816915278557
0.00747694419631
0.0068681880685
0.00633224782304
0.00584810851806
0.00540871659141
0.00499894702987
0.00461431887668
0.00426064267483
0.00395194400051
0.00368927312422
0.00345334492665
0.00321275459824
0.00298843404496
0.0027824206174
0.00259290478603
0.00241862194467
0.00225963391795
0.00211233574948
0.00198871794855
0.00189716742075
0.00182458501572
0.00176570716
0.00171967140486
0.00168150864214
0.00166066084759
0.00164365757733
0.00163615863702

# 0001_r1

1.4803897173
0.224996525666
0.0877823549612
0.0537222629691
0.0411515509829
0.0347129782718
0.0304380416336
0.0271619911663
0.0245147804796
0.0223110819922
0.0203046195359
0.0184643343552
0.0168436408251
0.0155062354697
0.0142733383371
0.0130600729979
0.011964358886
0.0110121020249
0.0101012502136
0.00925265610294
0.00845892661497
0.00776453866887
0.00714851953737
0.00658159192238
0.00604735766338
0.00554168531422
0.00509823492484
0.00470587613724
0.00435150572129
0.00402351898101
0.00372665879002
0.00345371918724
0.00319437680498
0.00295409656587
0.00273634202801
0.00254362272843
0.0023750489487
0.00222360860367
0.00208300706528
0.00195823785213
0.00184395932509
0.00175020157798
0.00167802368101
0.00162119605375
0.00156995419823
0.00153697756779
0.00151735876338
0.00150406587945
0.00150156577845

# 0002_r1

1.4779497889
0.223523444433
0.086345098134
0.052260405855
0.0398946699558
0.0335868888999
0.0293669559559
0.0261404800103
0.0235018280173
0.0213475345482
0.0195141989241
0.0179628849007
0.0166150271261
0.0153381288906
0.0141383636342
0.0130209775277
0.0119780820669
0.0110064429715
0.0101418474535
0.0093348663773
0.00860060348833
0.00794564276884
0.00733658924423
0.00676852063086
0.00625789594072
0.00577494321144
0.00532416400941
0.00490249990264
0.00451334667836
0.0041623988175
0.00384930472619
0.00354900777467
0.00326709416242
0.00302375001436
0.00280377244278
0.00260486701229
0.00242420187436
0.00226274450456
0.00211560190387
0.00198499586014
0.00187316400903
0.00177842231245
0.00170314267461
0.00164235541883
0.00159080576948
0.00154800642948
0.00151517748691
0.00149366682346
0.00148508196974

# 0003_r1

1.48125948339
0.226441351025
0.0892464670042
0.0550825474153
0.0424889055844
0.0360602033976
0.031831925147
0.0285853349661
0.0259665403968
0.0238094360435
0.0218568947953
0.0200215345246
0.0183326014813
0.0168417528334
0.0154358568642
0.0141258610314
0.0128648325081
0.0117483101979
0.0107208376478
0.00980402260833
0.00896721179212
0.0081855900879
0.00746818328795
0.00683739839965
0.00627492523759
0.00578824578009
0.00534976826997
0.00494527700509
0.00456950289859
0.00421849001105
0.00389662924286
0.00360798218561
0.00335789351264
0.00311967454936
0.00290181692315
0.00270216062736
0.00252713545974
0.00235847301264
0.00220610828627
0.00207114924514
0.00195926819158
0.00186682760889
0.00179442886897
0.00173689205318
0.00168915065841
0.00164596531777
0.00160971120167
0.00158662892935
0.0015765117028

# 0004_r1

1.47631771918
0.223002715504
0.0865706678711
0.0528230374578
0.040616517954
0.0344915955596
0.0304719984947
0.0274823600612
0.02492612506
0.0227485323604
0.0207707714282
0.0189946224092
0.0173824440845
0.0159146664307
0.0145682145402
0.0133460614543
0.0122310919748
0.0112438610849
0.0103280009238
0.00946734958109
0.00871508409793
0.00805737775229
0.00741498475552
0.00683789864593
0.00630781811621
0.00578926912717
0.00531233954792
0.00488625464817
0.00451783694603
0.00419432232391
0.00389309196636
0.00362053712848
0.00334326622108
0.00308781251104
0.0028567050878
0.00264252360789
0.00245337193383
0.0022996634328
0.00216482582487
0.00205214036883
0.00195639520453
0.00186760003126
0.00179475719227
0.00173677576325
0.00168728144918
0.00164572197968
0.00161693284913
0.00159545941727
0.00159064525194

# 0005_r1

1.47704866526
0.223476430754
0.0863027822177
0.052150864539
0.0396225424302
0.0332057895794
0.029115392229
0.0259984567632
0.0233491577614
0.0210745597209
0.0190807327067
0.0174189239937
0.0160097669795
0.0147615539636
0.0136269532442
0.0125940117964
0.0116577162421
0.0107647043789
0.00990190249905
0.00907743203115
0.00834053068951
0.00771107429469
0.00710583021107
0.00652774892745
0.00597923740583
0.0054821782852
0.00504686150635
0.00464895020261
0.00428009015552
0.0039384625257
0.00361843608866
0.00332459474472
0.00307352521224
0.00285019542
0.00265449163286
0.0024767804843
0.00231423048179
0.00217031645894
0.0020444358031
0.00193637665876
0.00184091424392
0.00175488227212
0.0016831608167
0.00161976536575
0.00156898896648
0.00153476830918
0.00151196713362
0.00149833345671
0.00149663008275

# 0006_r1

1.48159452812
0.226739710939
0.0891850844038
0.05491264898
0.0423485838073
0.0359355593729
0.0317180824906
0.0285230149
0.0258570490316
0.0235462907211
0.0214983518029
0.0195993698429
0.0178445372219
0.0162610970366
0.0148046506057
0.0134770718965
0.0122993765063
0.0112175097649
0.0102768326797
0.00945751759858
0.00872763080207
0.00800752387068
0.00732635763939
0.00672906371027
0.00618466581025
0.00569189492176
0.00524302851871
0.00482920620125
0.00444359143268
0.0040805403503
0.0037649819511
0.00347526171906
0.00321235509029
0.0029679305703
0.00273649985906
0.00253109798124
0.00237165431383
0.00224238512157
0.00213038599112
0.00203082448953
0.00193952925178
0.00184733970796
0.00176600116874
0.0016969928833
0.00164157651172
0.00159651970275
0.00156026914459
0.00154721900892
0.00154494193726

# 0007_r1

1.47676219742
0.222990158462
0.0860212787112
0.0522799570229
0.0400255275549
0.0337523414946
0.0296046188094
0.0264271349542
0.0237966805379
0.0215522874637
0.0196074552051
0.0179252993999
0.0164436526176
0.0150867452889
0.0138539410973
0.012739302583
0.0117173242472
0.0107911938397
0.00995378309031
0.00920931067535
0.00852587073415
0.00787609943824
0.00730486032352
0.00675531566636
0.00622708877783
0.00573307100446
0.00528883604299
0.00486094690701
0.00445844564382
0.00408035270819
0.00373524801263
0.0034470342472
0.00320890420625
0.0029845446025
0.00277091973305
0.00256877154491
0.00238768289075
0.00223154483588
0.00210311287798
0.0019951740608
0.0019057395375
0.00182588652394
0.00175728994615
0.00168959119378
0.00162721590717
0.00158114585684
0.001553498404
0.00153802293503
0.00153257952882

# 0008_r1

1.47694935457
0.222207261773
0.0849233715098
0.0508805343602
0.0383921537853
0.0320046950108
0.0280166675546
0.024978567004
0.0225483173477
0.0204157438932
0.0186061161207
0.0170705334793
0.0156625209512
0.0143680114562
0.0131773445254
0.012114677227
0.0111729744945
0.0103386990416
0.00954266683484
0.00881704793291
0.00814578147632
0.00754772176765
0.00696482684264
0.00639057693062
0.00587576667014
0.00541613897772
0.00498077496759
0.00457049956538
0.00419096603788
0.00386085863895
0.0035771408535
0.00333585504127
0.00309179576466
0.00286581955183
0.00266266926466
0.00247772642895
0.00230612471851
0.00215763899028
0.00203219155
0.0019138552329
0.00180463176858
0.00170958262993
0.00162873158657
0.00156456918906
0.00151010778934
0.00145939561997
0.00142351941242
0.00140568685756
0.00140147652265

# 0009_r1

1.47775109432
0.222680540304
0.0854448003909
0.0514083171783
0.0391117332228
0.0329512125237
0.0289388351046
0.0257974645333
0.0231831515582
0.0210191043319
0.0191165110383
0.0174785271122
0.0160571606004
0.0148240029387
0.0136857627185
0.0125818259684
0.0115735983336
0.0106141913243
0.00977688064333
0.00901477688111
0.008299246163
0.00763702072505
0.00702694729796
0.00646361315803
0.00596842939336
0.00550864073151
0.00507529353792
0.00466211893877
0.0043057068101
0.00398276807422
0.00369828237055
0.00342713658241
0.00317598156028
0.0029430298716
0.00274785853729
0.0025781557421
0.00242737601978
0.00229326567219
0.00216852399574
0.00205418395392
0.00195337501952
0.0018645440125
0.00178248943823
0.00171453980153
0.00165886714316
0.00161299850406
0.00158222890159
0.00156677903543
0.00156548943426

# 0010_r1

1.47782946412
0.224679986549
0.0872720471442
0.0529176793817
0.0402917429254
0.0338132156737
0.0295429235882
0.0263656049473
0.0236993913026
0.0214278633994
0.019587603881
0.0179347820399
0.0163996895229
0.0150052184755
0.0137446726844
0.0126134609803
0.0115911964115
0.0106387758928
0.00974404166718
0.0089257514612
0.00816950600756
0.00747561270337
0.00685376117796
0.00631435351683
0.00582035671077
0.00537861579728
0.00495272008065
0.00456602608463
0.00422112710106
0.00391300000986
0.00361507036833
0.00333170019967
0.00307368129595
0.00285149101329
0.00265002382106
0.00247030333815
0.00230810195991
0.00216029991939
0.00203786093805
0.00193557979448
0.00183864618664
0.00175434303514
0.00169411832049
0.00164356001001
0.00160182344011
0.00156930986462
0.00155492660148
0.00155097496822
0.00155262800051

# 0011_r1

1.48197639756
0.228183404953
0.0909196623839
0.0564470825906
0.0435850620243
0.0366320244211
0.0320338383735
0.0286099529522
0.0259498636076
0.0237704418266
0.0218000268557
0.020032898656
0.0183715860128
0.0168637278846
0.0155125287061
0.014278412238
0.0131375586934
0.0120564953052
0.0110382313755
0.0101212171644
0.00927354179298
0.00849791182729
0.00778043161344
0.0071365123185
0.00652387931268
0.00599231776192
0.00551421176963
0.00507518336692
0.00467366803145
0.00429906075646
0.00395695664594
0.00365543831789
0.00337888207203
0.00313681701714
0.002924413136
0.00273136655368
0.00255664422924
0.00239043222004
0.00223716777863
0.00210588559236
0.00199736842993
0.00191000223789
0.00183004141785
0.0017747508545
0.00172929450958
0.00169984709114
0.00168485184791
0.00167313918807
0.00166745439105

# 0012_r1

1.4777593152
0.223631127942
0.0865918730671
0.0525966657504
0.0400568299021
0.033609946573
0.0294783627171
0.0265270648361
0.0240665419544
0.0220538802494
0.0202314284636
0.0185863547082
0.0170956159572
0.0157595160861
0.0145117820207
0.0132853329494
0.0122149263452
0.0112747266635
0.0103533742461
0.00947953265537
0.00863402541559
0.00787525379252
0.00724854993978
0.00668246033989
0.00615319648361
0.00568027073665
0.00522099464223
0.00479057032232
0.00440262700669
0.00406766263611
0.00377204328191
0.00348259708278
0.00320920499494
0.00296425475159
0.00275312132748
0.00257273829856
0.00241145205386
0.0022676954106
0.0021352672249
0.00201524136188
0.00190859965441
0.00181536655626
0.00174588405841
0.0016880356217
0.00163565965784
0.00159196381687
0.00156545279029
0.00154614172911
0.00154028699176

# 0013_r1

1.4782801807
0.225074749625
0.0883515057395
0.0545743573379
0.042322121799
0.0360313480876
0.0318976396834
0.0287660207649
0.0261896287537
0.0238425519862
0.0216831514812
0.0196115958542
0.0177635449842
0.0161207984614
0.0145840361414
0.0132482988871
0.012102326496
0.0110983154735
0.0102451185028
0.00951667938483
0.00879004586309
0.00813418388433
0.00755239163602
0.00702630158203
0.00653763802173
0.0060603374744
0.00557157967923
0.00511737274845
0.00469820272562
0.00431235816811
0.00395681376246
0.00364477578411
0.0033735613496
0.0031243041459
0.0029056301539
0.0027175812758
0.00254504559281
0.00238537568539
0.00224546610604
0.00212355194805
0.00201713287145
0.00192689473248
0.001847608949
0.0017755961454
0.00171296177223
0.00166791338111
0.00163292394056
0.00161402700258
0.00160466656749

# 0014_r1

1.47801486654
0.225193061216
0.0883729143507
0.0544310042773
0.0420912288495
0.0358788343464
0.0318141350717
0.028616446262
0.0259368670178
0.0236293301052
0.0216101885242
0.0197756590551
0.0179673396464
0.0163020473199
0.0148532985102
0.0135521677668
0.0123790862398
0.0113462417868
0.0104190300918
0.00955307840853
0.00877366429563
0.00810195425368
0.00754358024346
0.00700929520488
0.00646922036903
0.00598922205374
0.00552166550801
0.00510746755714
0.00472750199818
0.00435605856425
0.00400363280172
0.00368184647566
0.00339584154871
0.00314786295601
0.0029229127691
0.00271734626347
0.00252660922762
0.00235672124871
0.00221372269924
0.00208289365283
0.00196894776886
0.00186859924614
0.00177295994379
0.00168933589614
0.00162355493829
0.00156598237928
0.00152327754156
0.00149880800795
0.001492658754

# 0015_r1

1.47810212848
0.224176894931
0.0870079160731
0.0530525772066
0.0407056248044
0.0344198489483
0.0303211720308
0.0271897113518
0.0245488843951
0.0222880794225
0.0203351660072
0.0186041301487
0.0170254415159
0.0156118007863
0.0143344887979
0.0131497209323
0.0120661879758
0.0111074651629
0.0102323076745
0.00941255751051
0.00869046074054
0.00799841319247
0.00735028178465
0.00672624313412
0.0061778990917
0.00572238185026
0.00529778304295
0.00489818088414
0.00454268225457
0.00421434253072
0.00390918278977
0.00362787203919
0.0033627070186
0.00311045838301
0.00288717715897
0.00268639068564
0.00250344052302
0.00234748331512
0.00222655491069
0.00212116890465
0.00202884371192
0.00193444834465
0.0018514024663
0.00178179932147
0.00171964837022
0.00166995078479
0.00163656617578
0.0016172891716
0.00161222182602

# 0016_r1

1.4789107662
0.224217101984
0.0870676043933
0.0531214076197
0.0408297959573
0.0345648058285
0.0304853094002
0.0273674565763
0.0248544385445
0.0226438423946
0.0205650593508
0.018681628433
0.01695874545
0.015451376586
0.0141177664087
0.0129573113245
0.01190359286
0.0109257181428
0.00999693792916
0.00915552834207
0.00838290867123
0.0076831249176
0.00702052552822
0.00641660712205
0.0058716320918
0.00539301867106
0.0049813104343
0.00460388562034
0.00424923651423
0.00393260366267
0.00363921544755
0.0033692894795
0.0031239350401
0.00290406372523
0.00272212777318
0.00255731787487
0.00240043783741
0.0022628799015
0.00214105083163
0.00203220641492
0.00193403152306
0.001848312622
0.00177321618752
0.00170544070902
0.00164969437555
0.00160901688731
0.00157680380083
0.00155930610693
0.00154978373199

# 0017_r1

1.47544917555
0.222097341514
0.0853378026351
0.0516033253529
0.0394944553117
0.0332336241865
0.0291438622423
0.0260421984752
0.0235486093179
0.0214525470776
0.01956071495
0.0178962819192
0.0164967200468
0.0152035032248
0.0140108882497
0.0129756052722
0.0120314672181
0.0111333641223
0.0102592818554
0.0094595697732
0.0086796630488
0.007966384622
0.00732929721964
0.00674008939647
0.00620523929084
0.00574259862621
0.00532400254601
0.00492737066578
0.00456175020178
0.0042407403013
0.00394992865097
0.00367188565312
0.00341060765792
0.0031579053117
0.00293509986265
0.00273453621098
0.00254626822406
0.00237259824389
0.00222181546082
0.00209536704854
0.00198443425361
0.00189246492374
0.00182024055831
0.00176022910216
0.0017100951025
0.00167119717775
0.00164598407825
0.00163048194016
0.00162349001869

# 0018_r1

1.47716292609
0.223553698302
0.0868329829079
0.0529505915563
0.0405437235956
0.0339264510549
0.029589141236
0.0264459030981
0.0239830248237
0.0219017283594
0.020135567781
0.0185587811178
0.0171060917012
0.0158153613887
0.0146081581673
0.0134001615596
0.0122975903035
0.0112823911505
0.010362388572
0.00955812028233
0.00883054044335
0.00808849312
0.00739127459517
0.00674876503555
0.00618082754124
0.00569145404226
0.00527512077012
0.00489641592585
0.00456721595813
0.00425051252298
0.00393957748661
0.00364293843871
0.00337159138787
0.00313170195421
0.00291162526047
0.00271395682371
0.00253847396991
0.00237117673301
0.00222008293454
0.00209181456839
0.00198952727167
0.00191015015127
0.00185257789653
0.00180058566896
0.0017583582176
0.00172955735608
0.00170984871463
0.00169629332379
0.00169268119557

# 0019_r1

1.47562754135
0.222211243893
0.0853324360116
0.0515037025356
0.0393680605754
0.0333567639254
0.029584679099
0.0265853930617
0.0240899363905
0.0219647630972
0.0200100409537
0.0183350159439
0.0168147474271
0.0154452228239
0.0142130724139
0.0130926776979
0.0120381025169
0.0110926238516
0.0102151214546
0.00942039672149
0.00867501855816
0.00797891785538
0.00732805116039
0.00676183475675
0.0062318501512
0.00576453329072
0.00533509394894
0.00493430538708
0.00456004948429
0.00423201038443
0.00393186360462
0.0036468831145
0.00336914266474
0.00312760653937
0.00291848737138
0.00272909580834
0.00256204453072
0.00241433141657
0.00228563027986
0.00216998610875
0.0020555705809
0.00195087412415
0.00185601584989
0.00177616393008
0.00171945723374
0.00167858149504
0.00165094638492
0.00163782469978
0.0016335284321

# 0020_r1

1.47185678671
0.219133686616
0.0823702518513
0.0486095030075
0.0365538214804
0.0304643424967
0.0266457874657
0.0238178635594
0.0214831359301
0.0194828134765
0.0177521562783
0.016243442729
0.0149292888691
0.0137196818307
0.0126526147077
0.0116614082975
0.0107699620019
0.00992469934568
0.00913801093586
0.00841844656358
0.00776296001497
0.00714744994381
0.00655898611767
0.0060188371423
0.00552919588241
0.0050749531024
0.00465679371125
0.00428510568384
0.00394816313252
0.00364392496454
0.00339092018511
0.00316127616272
0.00293654472456
0.00274166496083
0.00257617521671
0.0024329029954
0.00229912235911
0.00216665756366
0.00203558472645
0.00191994098629
0.00181948671703
0.00172848811273
0.00164238928683
0.00156972626927
0.00151148553714
0.0014641925673
0.0014300850022
0.00141353836793
0.00141232886463

# 0021_r1

1.47840064661
0.22387055399
0.0865577384421
0.0524068733542
0.0399082234066
0.0335855004784
0.0295615870773
0.0266799946282
0.0242428345379
0.022085715067
0.0201409773363
0.0183467698773
0.016749760811
0.0152969065159
0.013990557905
0.0128172271324
0.0117270483603
0.0107407295099
0.00986258087932
0.0090404750383
0.00828824084922
0.00760066944637
0.00698590712015
0.0064358968037
0.00592769340354
0.0054616797099
0.00501517251182
0.00458412487235
0.00419723354332
0.00388091025405
0.00359394669565
0.00332320609824
0.00307291424618
0.00284401587281
0.00262575211901
0.0024283727406
0.00225061166484
0.00210138434532
0.00197918252448
0.0018691217186
0.00176685947311
0.0016754361684
0.00160141452194
0.00153946980634
0.00148788773453
0.00144655523411
0.00141683754209
0.00139750108969
0.00139092156996

# 0022_r1

1.47291041962
0.219349281451
0.0824744745845
0.048708908978
0.0366301433341
0.0305482282229
0.0266242374502
0.0238051171617
0.0217200381525
0.0199303160041
0.0183220869095
0.0167783484814
0.0153576801476
0.0141015131056
0.0129837643802
0.0119927493762
0.0110924425311
0.0102202619413
0.00940526126375
0.00866857374818
0.00793089895088
0.00723261451376
0.00661119412219
0.00609720901726
0.00565273372585
0.00524200921495
0.00484608910853
0.00445814048019
0.00411428307731
0.0038109247435
0.00354325600732
0.00329754848717
0.00306134965905
0.0028392599463
0.00263253291142
0.00245152983063
0.00229403836394
0.00215791423168
0.00203202805432
0.001916406776
0.00180672734788
0.00172073202856
0.00165589034367
0.00160442267539
0.0015589964392
0.00152598969988
0.00150718651573
0.00149702209043
0.00149516522489

# 0023_r1

1.47419948668
0.220519631276
0.0835141248916
0.0496589345507
0.037499985696
0.0314942918973
0.0276223737239
0.0247044442031
0.022265010276
0.0201786745061
0.0183630222349
0.0167351541297
0.0152720668037
0.0139610838228
0.0127824335221
0.0117345757408
0.010788966752
0.00992473535283
0.00913663919178
0.00837708815127
0.00768840267421
0.0070569854467
0.00646212812955
0.00593503565281
0.0054583989898
0.00504747093511
0.00468096633609
0.00432931126501
0.00400798655599
0.00371911778229
0.00346051378994
0.00322054447324
0.00299361709417
0.00278382621364
0.0025882653722
0.00240279141494
0.00224334151226
0.00209691005397
0.00196368966976
0.00184990178894
0.00175102552592
0.00166456497115
0.00158691396219
0.00152128478706
0.00147261112017
0.00142802792977
0.00139092357364
0.00136688762402
0.00135655296905

# 0024_r1

1.47990289079
0.225897362331
0.0886830243746
0.0544426776062
0.0419170177813
0.0355107805616
0.0314440407265
0.0282965135298
0.0255430447538
0.0231185542391
0.0210359287596
0.0191958688295
0.0175330650997
0.0159445668962
0.0145340450061
0.0133260524292
0.0122128303217
0.0112025320616
0.0102828207396
0.00943508316451
0.00866619862596
0.00798464441648
0.00735133091836
0.00677806215564
0.00624904130889
0.00577948686231
0.00533066871063
0.0048972682245
0.004484100675
0.00412146022873
0.00378286182723
0.00346798121326
0.00319350836145
0.00294733021935
0.00273227622104
0.00254504634642
0.00237208548436
0.00221750638975
0.00208606745433
0.00197212888264
0.00186450176373
0.00177032184138
0.00169386809257
0.00163089260793
0.00157528967483
0.00152544383409
0.00148538465488
0.00146186972872
0.00145458720357

# 0025_r1

1.47807198817
0.224957342468
0.0880252314147
0.0541819428242
0.0419996537313
0.0357230419519
0.0315927545938
0.0285527513843
0.0258803473179
0.0234664056433
0.0213101458138
0.0193741710955
0.0177732595401
0.0162911966226
0.0149317680751
0.0136612278954
0.0124521209092
0.0113699759653
0.0104005454857
0.00953214341442
0.00877155935942
0.00807094295359
0.00742420495389
0.00685548018722
0.00633696206451
0.00585752453585
0.00541392294051
0.00502715889754
0.00468138389833
0.00435486851197
0.00403791008072
0.00373449319296
0.0034567042456
0.00320599349185
0.0029775667863
0.00277610836938
0.00259309430383
0.00242617481819
0.00227930983228
0.00215071572344
0.00204496872053
0.0019556478288
0.00187607549552
0.00179828278872
0.00173394600947
0.00168541584031
0.00165093638038
0.00162979628986
0.00162760786135

# 0026_r1

1.47942679267
0.225407224797
0.08798586419
0.0539157793878
0.0415082687528
0.0350925566426
0.0308407786982
0.0277070966339
0.0251777896562
0.0229810569056
0.0210016746454
0.019246587791
0.0176582741117
0.0162072264915
0.0149748482523
0.0138968333576
0.0128880529112
0.0118613909864
0.0108636777702
0.00989467609233
0.00902225625968
0.00823803880224
0.00754991519816
0.00697097020642
0.00642599831933
0.00589478217051
0.00539053881737
0.00494214418205
0.004523418141
0.00415028981697
0.00383896635232
0.00357517417999
0.00332065652509
0.00308892079797
0.00288823199443
0.00271553132787
0.00256461778993
0.00243038744932
0.00228647476356
0.00215301819594
0.00203304378384
0.00193401463724
0.00185227665079
0.00178437738071
0.00172665663224
0.0016726288391
0.00163448982069
0.0016103712248
0.00159955806018

# 0027_r1

1.47935169795
0.225043389674
0.0878354332389
0.0536826233382
0.0411190670676
0.0347093213056
0.0306369550328
0.0276128953453
0.025030994663
0.0227800472562
0.0207882912541
0.0189893970502
0.0174175509047
0.0160182582589
0.0147842022627
0.013660335747
0.0125745758357
0.0115804456439
0.01062569794
0.0097206093914
0.00892605076382
0.00818917209506
0.00754229432483
0.00693551054591
0.00639874291862
0.00594610374159
0.00553224925239
0.0051257904433
0.0047295558633
0.00437155906745
0.00403298144641
0.00373656508444
0.00347869316945
0.00324355226923
0.0030285803667
0.00283512541531
0.00266130021978
0.00250353920371
0.00237192467536
0.00225506020608
0.00214731777339
0.0020628779034
0.00199406665318
0.00194142306076
0.00189905321137
0.00185917785626
0.00182166563323
0.00179506462883
0.00178741789057

# 0028_r1

1.47855658161
0.224009410772
0.0867012806005
0.0527821993108
0.0405863253605
0.0344174396261
0.0303299438653
0.0272118763247
0.0246854500186
0.022552054789
0.0206868843313
0.0190324681866
0.0175477056482
0.0161805861208
0.0149224271216
0.0137396444076
0.0125804852775
0.0115320972786
0.0106107130322
0.00975419118018
0.00895503273776
0.00820238316211
0.0075255965041
0.00691264809613
0.00636576915919
0.00589154499811
0.0054460935814
0.00504551594548
0.00467190773122
0.00434735762358
0.0040486032552
0.00377437783587
0.00351972646904
0.00327779200827
0.00307971143964
0.00290801437184
0.00274154822816
0.00259877507162
0.00245684371164
0.00231369910828
0.0021858836342
0.00208026385982
0.00198872452295
0.00190264433167
0.00182442812148
0.00175879569821
0.00171423929274
0.00169154421805
0.00168504081523

# 0029_r1

1.47557715558
0.222227703933
0.0853678003347
0.0517082141573
0.0395440982638
0.033310857208
0.0291838766901
0.0260506213689
0.023500668576
0.0213425371805
0.0195427456233
0.0179779367503
0.0165583262456
0.0152519194066
0.014023637767
0.0127973368401
0.011736950957
0.010824495549
0.0100101801852
0.00926766923002
0.00856498974671
0.00793122567483
0.00734127912977
0.00680542274379
0.00628673002843
0.00578041524316
0.00531340687548
0.00488643689591
0.00450750233404
0.00416728580166
0.0038451391841
0.00354918108754
0.003280732238
0.00304008632478
0.00282479142606
0.00263461045927
0.00246121277937
0.00230294724958
0.00215643834098
0.00202433736763
0.00190576417101
0.0018049560258
0.00173594788544
0.00168190239695
0.00163761285286
0.00161892009079
0.00162176085612
0.00163040522698
0.00163830468731

# 0030_r1

1.47933386007
0.224137698296
0.0867110414232
0.0526758890757
0.0403890153454
0.0342242503269
0.03027213949
0.0271418115319
0.0246469862638
0.0224969473312
0.0205220352771
0.0186680873605
0.0169613126634
0.0155190132305
0.0142370912179
0.0130621404952
0.0119555298066
0.0109589527812
0.0100533167899
0.00918663851767
0.00837916700594
0.00768651163687
0.00707524159954
0.00648814921512
0.00593984188524
0.00544068410536
0.00498841888545
0.00456886379575
0.00418693511987
0.00382343750992
0.00349603420662
0.00321402690555
0.00296386008797
0.00274284144002
0.00254907669914
0.0023835481451
0.00225077558287
0.00213344655297
0.00202937463177
0.00192615420194
0.00183096070846
0.00174140213442
0.00166989636546
0.00160588173595
0.00154974451976
0.0015075452898
0.00148115017917
0.00146070500323
0.00145569256626

# 0031_r1

1.47414942956
0.220597203144
0.0838564359592
0.0503490563874
0.0385556951294
0.0325108316259
0.0285745362278
0.0255061420907
0.0228470965746
0.0206323282789
0.018723712456
0.0170862877154
0.0156544059829
0.0143776599066
0.0132058927802
0.012130776012
0.0111707798807
0.0102311498001
0.0093467051309
0.00854475722533
0.00782805836629
0.0072067568154
0.00663753699065
0.00613081456293
0.0056663785111
0.00521830461043
0.0048133141435
0.00444837681107
0.00410027078594
0.00378838643455
0.00351741818667
0.00328092947028
0.00306283283773
0.002863351728
0.00268639950458
0.00253474969541
0.00238707143369
0.00224132925348
0.0021046441518
0.00197549786914
0.00186144457504
0.00176415967216
0.00167708834248
0.00159959271345
0.00153568615015
0.00149074476974
0.00146732501619
0.00145573620948
0.0014531492712

# 0032_r1

1.47373704994
0.219678452357
0.0830488800363
0.0493216384726
0.0371166774486
0.0309862363104
0.0271467594773
0.0243503029024
0.0221777520385
0.020354710736
0.0186257236593
0.0170395958175
0.0156642588494
0.0144065778118
0.0132903901554
0.0122145977227
0.0112157214879
0.010284950899
0.00940547294143
0.00865044364387
0.00795382409709
0.0072919708262
0.00665114974536
0.00609622840171
0.00558515840488
0.0051171970058
0.00470426602675
0.00434771615759
0.0040318671733
0.0037483000651
0.00346661636661
0.00320020254012
0.00295846827218
0.00274059675742
0.00254812806128
0.00236899961295
0.00221621963664
0.00207881062388
0.00195025857253
0.00184146120526
0.00174649150459
0.00166896324881
0.00160383360992
0.00155198706699
0.00150119930642
0.00145878107474
0.00142818928867
0.00140826151601
0.00139799956133

# 0033_r1

1.47531090644
0.221179880303
0.0843634115023
0.0503489854367
0.0379973992566
0.0317906023926
0.0279527497628
0.0251671600385
0.022930398532
0.0210711132279
0.0194666603208
0.0179704908725
0.0165697320433
0.0151821149241
0.0138281863829
0.0125858207683
0.0114766989592
0.0105018889598
0.00963437798119
0.00887596261288
0.00819180741542
0.00758777073257
0.00702751588515
0.00651063151172
0.00600108471495
0.00552059501903
0.00508899524676
0.00468351446938
0.00430438906916
0.00396179318873
0.00365803022457
0.00338348646399
0.00313614373442
0.00291730827474
0.00272575193666
0.00254602531312
0.00238181657151
0.00223791551279
0.00211407207499
0.00199805122957
0.00189215672818
0.00180109101841
0.00171361018907
0.00164775886733
0.00160182310302
0.00156686770491
0.00153671608356
0.00152074432289
0.00151301395667

# 0034_r1

1.4749284491
0.221069147675
0.0842931398326
0.0505421784532
0.0384225460245
0.0322951501699
0.0283187413576
0.0252881319959
0.0228731793233
0.0208797429489
0.019083868699
0.0175790728313
0.0161590967164
0.0148603787685
0.0136461058274
0.0125410379342
0.0114825060392
0.0105210918924
0.00966379415403
0.00887937779163
0.00815178637775
0.00749120095933
0.00691048329564
0.00638078558347
0.00587523229726
0.00538680791997
0.00493794226701
0.0045564646989
0.00422169531433
0.00391730514891
0.00364357466774
0.00340908202482
0.00318909471396
0.00296984898053
0.00275587571318
0.00255863923088
0.00238756247741
0.00223268476131
0.00209112312653
0.00197244347892
0.00188440514082
0.00180990549672
0.00174142835461
0.00168047431423
0.00163974629905
0.00160797820408
0.00157899976266
0.00155524447174
0.0015476186747

# 0035_r1

1.4775989112
0.223447789338
0.0862449497724
0.0521692618011
0.039749127559
0.0334301292776
0.0295022794897
0.0266231071105
0.0241722693532
0.0220475453922
0.0201222034332
0.0183422532901
0.0167676939713
0.0153213805783
0.0140336465215
0.0128791539385
0.0118419341702
0.0109384422744
0.0101160876889
0.00930124143475
0.00855930779863
0.00790940542537
0.00733454571422
0.0067957741121
0.00632330192117
0.00588303427249
0.00547580157544
0.00508736841997
0.00474496056986
0.00443173953597
0.0041084750685
0.00378882926827
0.00349220054691
0.00321699794956
0.00297611677358
0.00276981628571
0.002579270202
0.00240110953864
0.00224274505117
0.00211022707634
0.00199987164279
0.00191311851198
0.00183811055486
0.0017712508772
0.00171250826339
0.00167450454253
0.00165647045982
0.00164875862234
0.00164960405469

# 0036_r1

1.47522966196
0.221701740504
0.0848551582705
0.0511193497381
0.0390097666253
0.0328089474811
0.0288737125495
0.025971907944
0.0234697571696
0.0213334409416
0.0194138664676
0.0176694037974
0.0161129207223
0.0147717556356
0.0136531148079
0.012630059459
0.0116560409004
0.0106813359455
0.00978310237505
0.00895968965963
0.00823284731085
0.00756689819052
0.00695907447495
0.00640772047061
0.00591433013328
0.00548090888294
0.00507041744828
0.0046746684496
0.00431617588218
0.00397222147136
0.00364983616104
0.00334855661715
0.00309067174008
0.00286126100665
0.00265042909779
0.00246457130421
0.00229716607403
0.00214809468813
0.00201946637028
0.00191106412103
0.0018203024914
0.00174034312666
0.00167631585176
0.00161815408135
0.00156814220785
0.00153322584673
0.00150539237037
0.00148651015427
0.00148365748505

# 0037_r1

1.4794156953
0.224537645677
0.087407912088
0.0535886435053
0.0412619923652
0.0348897773764
0.0307241033576
0.0275019174503
0.0249072415491
0.0226861740576
0.0206925333083
0.0189418840689
0.0173960343279
0.0159794790914
0.0146705111359
0.0134625667902
0.0123147039812
0.0112685085938
0.0103407209534
0.00951708716915
0.00877110828121
0.00808205286016
0.00744579591181
0.00686106984933
0.00631224936932
0.00580710250796
0.0053346914344
0.00491098155463
0.00451933897081
0.0041648916083
0.0038463854946
0.00354474219089
0.00326986907998
0.00299192002084
0.00275261487838
0.00254566158947
0.00236311617648
0.0022094369808
0.00208242901635
0.00197244514091
0.00187644894955
0.00180142874679
0.00173972052773
0.0016927896144
0.00164951698018
0.00161615536744
0.00159800416054
0.00159019608254
0.00158806079202

# 0038_r1

1.48161830831
0.226406442697
0.088657045003
0.0542078283665
0.0414788128004
0.0347445183417
0.0303449195224
0.0271495473529
0.0246096912317
0.0223517838738
0.0203006472817
0.0185591857025
0.017027509467
0.0156667394904
0.0144518762183
0.01331852077
0.0123061542381
0.0113849406862
0.0104825068927
0.00962290976837
0.00881711571964
0.00809159757708
0.00742844474248
0.00680075377548
0.00623888828516
0.00573669441695
0.00527505967592
0.00484927917783
0.00448022954862
0.00417038804023
0.00387832657781
0.00360154918057
0.00334728077313
0.0031114347372
0.00289736712593
0.00270708682901
0.00253721985196
0.00237509717289
0.00222881946061
0.00209980985165
0.0019899354726
0.00189324688963
0.00181737699695
0.0017563587554
0.00170714199002
0.00167158660649
0.00164637539902
0.00162714535372
0.00162032870865

# 0039_r1

1.47414611371
0.220956106757
0.0839291301377
0.0502601248939
0.0382236098095
0.0321403907004
0.0281976906914
0.0252319470284
0.0227539948752
0.0206873631585
0.0189374464064
0.0173434521843
0.0158797544171
0.0145376328991
0.0132741566142
0.0120777254272
0.0109490313133
0.00994874329657
0.00906362832119
0.00829376377523
0.0076197852147
0.00705844375164
0.00654709160516
0.00607117077858
0.00561287265795
0.00518887670498
0.00482740718822
0.00450690649364
0.00420578997891
0.00391717565464
0.0036297957233
0.00335540585803
0.00308495698656
0.00282761454557
0.00260742166144
0.00241956446787
0.00225396064487
0.00211574489354
0.00199744075962
0.00189719440171
0.00181121715941
0.00174531569528
0.00168904885113
0.00164672632056
0.00160874798089
0.00157394425116
0.00154630202216
0.00152810940717
0.0015189470349

# 0040_r1

1.47669908805
0.222861344257
0.0858613355471
0.0519276409148
0.0397964466791
0.0337262293454
0.0296180890156
0.0265014780539
0.0240408865498
0.0219174075489
0.0199961701979
0.0182478738737
0.0166498687132
0.0152306386327
0.0139457847837
0.0128089541605
0.0117555424483
0.0107896044772
0.00990312501142
0.0090917074264
0.00836457328687
0.00771462918314
0.00713841593332
0.00662008399528
0.00612331380654
0.00567103912704
0.00524563098149
0.00486871987134
0.00451178104122
0.00416401294276
0.00384152251543
0.00355253465962
0.00329644090736
0.00308226130776
0.00290038871671
0.00272644713964
0.00256417821255
0.00240696415773
0.00225985807642
0.0021206427699
0.00199317792431
0.00188729614015
0.00180899022985
0.00174403817257
0.00169052242178
0.00165672475061
0.00163407595428
0.00161913160859
0.0016174196418

# 0041_r1

1.4782526739
0.22524437036
0.0882525389152
0.054279807003
0.041900778686
0.0355629513913
0.0313892839114
0.0282403452236
0.0256356816188
0.0233510463185
0.0212199086715
0.0193294114072
0.0176019418481
0.0160831743525
0.0147681994524
0.0135806025236
0.0125353549974
0.0116065896607
0.0107278774261
0.00989871182201
0.0091201344603
0.0084020564035
0.00771721389291
0.00707158622193
0.00651540704391
0.00600044019614
0.0055139434034
0.00506746258705
0.00469045377328
0.00435757915974
0.00404593722621
0.00377409802281
0.00351040338557
0.00324942918825
0.00300975982346
0.00279438357342
0.00261022986042
0.00244185689627
0.00230000039979
0.00218433377562
0.00207962152068
0.00198897447173
0.00190785271117
0.00184541444955
0.00180047898893
0.00175977682051
0.00171808419163
0.00169384302971
0.0016790053838

# 0042_r1

1.47490374847
0.221490750003
0.0844902751384
0.0503659083864
0.0379995187471
0.0317184478123
0.027709803713
0.0248051603551
0.022405869654
0.0203922746957
0.0186606195413
0.0171211054805
0.0157211545905
0.0144528693245
0.0132806462178
0.0122194142504
0.0112093653962
0.0102739109484
0.00940198112737
0.00862654901845
0.00793073739887
0.00726178153633
0.00660779011919
0.00603275714408
0.00555753646614
0.00514787262941
0.0047693759278
0.00443314886087
0.00414020737442
0.00386186862784
0.00359765792791
0.00333814783446
0.00308629137142
0.00285462613924
0.00265947322043
0.00248929411815
0.00233060489114
0.0021802841754
0.00204051573114
0.00191758027543
0.00180691882854
0.00171652014759
0.00164982173456
0.00159658605964
0.00155236745041
0.00151753301112
0.00149354906032
0.00147952531124
0.00147461409311

# 0043_r1

1.47965267012
0.226105810204
0.0891682119832
0.0551543126688
0.0425965975591
0.035981581694
0.0315941617829
0.0282681653058
0.0255444981347
0.023228330912
0.0211197220807
0.0192501574591
0.0175756259818
0.01601099918
0.0146428878836
0.0134485637245
0.0123765094544
0.0113454834271
0.0104001546874
0.00955944098791
0.00877672185159
0.00810190869931
0.00749450374098
0.00690847721833
0.00634701654584
0.00581794053535
0.00530588069271
0.00483349180189
0.0044318859895
0.00408361797201
0.00378824020637
0.003524301035
0.00326106268303
0.00301305030288
0.00279618186662
0.00261323313618
0.00245330830598
0.00231452882466
0.00218474373037
0.00205955534297
0.00195134987036
0.00186759927329
0.00180210844257
0.00175413284642
0.00172081767267
0.00168718248335
0.00165823391811
0.00163347839507
0.00162345885001

# 0044_r1

1.48248671236
0.226768439263
0.0888015009287
0.0543027244029
0.0416392497824
0.0349603055521
0.0306079355451
0.0274738170207
0.0250894807979
0.0230535655463
0.0212475650432
0.0195310986361
0.0179023401537
0.0163335710572
0.0148884262437
0.0135951922367
0.0124502115203
0.01142949708
0.0104169336622
0.00947512522208
0.00861778438784
0.00783231034369
0.00712971132057
0.00653233809975
0.00604638437133
0.00563186190782
0.00524048122389
0.00484263481522
0.00447776499552
0.00414621543762
0.00382825755658
0.00352712582305
0.00324218056084
0.00299138583912
0.00278408569378
0.00260465191162
0.00244716943271
0.00229431676223
0.00215784772024
0.00204798617703
0.00194928386287
0.00185890494017
0.00177693233805
0.00171386827622
0.00166592775308
0.00162110914193
0.00159428869301
0.00158051312976
0.00157634926978

# 0045_r1

1.47708244083
0.22334063712
0.086219733106
0.0522614205949
0.0398607916983
0.033565038237
0.0293718921721
0.0262072469517
0.0236244381253
0.021355240483
0.0193508320955
0.0175987206657
0.015942998823
0.0144289513068
0.0131304639216
0.012034506551
0.0110245229407
0.0101223080119
0.00931675899915
0.00861421233661
0.0079583539934
0.00733747881408
0.0067576538866
0.00621414293973
0.00569791682391
0.00522397330084
0.00480370846353
0.00441912595534
0.00405117058412
0.00370920516172
0.00340905050673
0.00313051489363
0.00288014762954
0.00265856048937
0.00246084656234
0.00229651388388
0.00214938530602
0.00202049691478
0.00189971294043
0.00178848198761
0.00169748184407
0.0016278417052
0.00157315697249
0.00152445071543
0.00149189861011
0.00146790172499
0.00144007710964
0.00141771467045
0.00140966770953

# 0046_r1

1.47600210641
0.221734327626
0.0844882502158
0.0505513313462
0.0381939202987
0.0320814520102
0.0281836347251
0.0252131372928
0.0227823680062
0.0207033608263
0.018907867499
0.0173309900464
0.0158752290783
0.0145066636299
0.0132679159512
0.0121821225061
0.0112278107062
0.0103399791528
0.00951797985916
0.0087489605659
0.00800826058613
0.00732106847125
0.00671743492343
0.00616882820005
0.00568264157707
0.00523955754868
0.00483424066711
0.00447455428689
0.00414367587283
0.00384035062132
0.00354696305231
0.00327839594301
0.00304209745309
0.00282799558342
0.00263782420414
0.0024612261307
0.00230424245379
0.00216364468674
0.00202696796504
0.00190663716308
0.00180483357663
0.00172233913629
0.00164884563492
0.0015842890927
0.00152577499535
0.00148018107043
0.0014478883967
0.00142425415963
0.0014154363128

# 0047_r1

1.47527973312
0.222070227338
0.0849329402468
0.0511143983569
0.0389503625366
0.0327076081918
0.028518238902
0.0255005716655
0.0231305163689
0.0211104233062
0.0193970000101
0.017863040337
0.0164028482483
0.0150592388184
0.0138300500849
0.0127336920013
0.0117147865341
0.0107424681302
0.00988036016686
0.00907701411826
0.00835978500398
0.00767687547559
0.00702240742031
0.00640004589562
0.0058520376356
0.00538174652569
0.00495390346301
0.00454977012031
0.00418520685178
0.00384219781982
0.00354087409417
0.0032824632927
0.00304263958643
0.00282396342877
0.00262475355771
0.00244534567353
0.002280488179
0.00213648054916
0.00201739054483
0.00190903696798
0.00181065629257
0.00172691548399
0.00165361694568
0.00159461353944
0.00154557194501
0.00151026910829
0.00148641279393
0.00147233519189
0.00146582139533

# 0048_r1

1.47460019307
0.221234805702
0.084345295441
0.0505247851199
0.0384388163361
0.0324891524825
0.0287029728884
0.0258419772346
0.0235891268614
0.0215708339621
0.0196801226704
0.0179633754068
0.0163962896236
0.0149906852178
0.013754879031
0.0126420361888
0.0116515726703
0.0107206262594
0.00981980748847
0.00901759043779
0.00828471827074
0.00762620427398
0.00701934987913
0.0064225873136
0.00588388098411
0.00541117108197
0.00499645805546
0.00461128810729
0.00424111214673
0.00390581493288
0.00361631963344
0.00335470165518
0.00311093071502
0.00290046841076
0.00271287826639
0.00252802708252
0.00236691556405
0.00222713294733
0.00210521595998
0.00200040999577
0.00190716431824
0.00182952586763
0.00174842913762
0.00167506589509
0.00161653459359
0.00157251227909
0.0015440156717
0.00153069321823
0.00152943231981

# 0049_r1

1.47502322447
0.221422149482
0.084712214676
0.0511437225205
0.0391527338626
0.0329813331677
0.0289678609847
0.0259503020799
0.0235246975367
0.0214127532225
0.0196550970914
0.0181027847559
0.0166180579478
0.0152590496502
0.0140053151518
0.0128597303912
0.0118377676341
0.0108869477846
0.0100559654918
0.00926694780493
0.00850554179338
0.00781402126795
0.00719082021876
0.00664577787116
0.00613509755457
0.00566721189257
0.00524560278163
0.00486575831887
0.00449720173501
0.00412269783903
0.00377761952637
0.00347488643884
0.00321084373091
0.00298464619622
0.0027888498242
0.00259724340614
0.00241596600326
0.00225350941975
0.00212199086334
0.00200346745097
0.00189303921556
0.00178535169064
0.0016917978537
0.00162134133666
0.00156613847522
0.00152613363333
0.00150109978649
0.00149178822191
0.00148571287092

# 0050_r1

1.48013008407
0.226107220623
0.0889987429638
0.0547382816647
0.0422390280558
0.0356679059909
0.0311982415119
0.0278313479764
0.0251090108771
0.0228723144776
0.0208748574859
0.0190944228807
0.0174939158769
0.0160721751806
0.0147427245792
0.013491556845
0.0123562071654
0.0113445904731
0.0104526885655
0.00962347541004
0.00883627130025
0.00813353084608
0.00747264481709
0.00687237975031
0.00632741653032
0.00583327688276
0.00538288548331
0.00496826535945
0.00460563006228
0.00425954384875
0.00394725275258
0.00365541462509
0.00338919578844
0.00314462039317
0.00292811931212
0.00273829436698
0.00257195533936
0.00242335474867
0.00228193091895
0.0021474045003
0.00203298550428
0.00193648331591
0.00184853923113
0.00177202178896
0.00171778777969
0.00167189174826
0.0016328598439
0.00161473980414
0.00160928317214

# 0051_r1

1.4833684715
0.229145048717
0.0917023104343
0.0574020498952
0.0446596050422
0.0378605043546
0.0333094547442
0.0298564364079
0.0271552410346
0.0248004391853
0.0226946410348
0.0207975374027
0.0191093401558
0.0175309499786
0.0160084589043
0.0146456196883
0.0134210334818
0.0123399135251
0.0113668921121
0.0105090163193
0.00971048679116
0.00896268123947
0.00825801827604
0.00757780891395
0.00696809238618
0.00644561449162
0.00595316192023
0.00548805138044
0.00506728268976
0.00468786342323
0.00433692104486
0.00401496630525
0.00368436479107
0.00338258780356
0.00312574811219
0.00289314089056
0.00268586334968
0.00250926428006
0.0023566829498
0.00222732706335
0.00212333038841
0.00203079663184
0.00194286737286
0.00187326096082
0.00182505600616
0.00178870491992
0.00176261369181
0.00174387568499
0.00173500393884

# 0052_r1

1.48395126652
0.229069402148
0.0916530939614
0.0575095098274
0.0448570982145
0.0381525652162
0.0337522556581
0.0304750910344
0.0277898180522
0.0254940700137
0.0233529859871
0.0213451563028
0.019394510191
0.0175860306076
0.016013375096
0.0145857429016
0.0133002194318
0.0122031787059
0.0112020428938
0.0103198718929
0.00950403146074
0.00877810913199
0.00812127594548
0.00749916155632
0.00690114048552
0.00634147089331
0.00582245161952
0.0053799623988
0.00497823062584
0.00460145425416
0.0042518167495
0.0039225718465
0.00362765625376
0.00336006808299
0.0031090464706
0.0028828228763
0.00268633394209
0.00250853111581
0.00234551556177
0.0022067447549
0.00209314858674
0.00200018255322
0.00191594116144
0.00184023214438
0.00178289945698
0.00174036924101
0.00171274676443
0.00169459824447
0.00168868188157

# 0053_r1

1.47921760368
0.225270068181
0.0881851569604
0.0540350099425
0.0414975663928
0.0350277233001
0.0307554698994
0.0274580183037
0.0246943773574
0.0222538978579
0.0202378705999
0.0184771151916
0.0168581532205
0.0153672034821
0.0140710429227
0.0128766780805
0.0117522203909
0.0107880741944
0.00998190487698
0.00920889357012
0.00848767936514
0.00781015696309
0.0071744696352
0.00660381534317
0.00608862388202
0.00560637395424
0.00514397260758
0.00471175374026
0.00432853086071
0.00397965699041
0.00365855821964
0.00335827162181
0.00309406532614
0.00287387854241
0.00267105178609
0.00248596705998
0.00233191129232
0.00219690035472
0.00207697524551
0.00197527708415
0.00189410040253
0.00182222956783
0.0017556642228
0.00169411891636
0.00163968743636
0.00160147436623
0.00158117954492
0.00157069866451
0.00156768088074

# 0054_r1

1.48053014555
0.225350249318
0.0882550243043
0.0541598527623
0.0415854097613
0.0350004615508
0.0306641326862
0.0274152836604
0.0248794353504
0.0228034016323
0.0210519405188
0.0195259531092
0.0181066306024
0.0166858583226
0.0153225823394
0.0140371938938
0.0128849973004
0.0117764699657
0.0107591536719
0.00985726535786
0.00905825758956
0.00833058200829
0.00766887720245
0.0070623316224
0.00651364698336
0.006014488464
0.00552878049842
0.00506858518334
0.00466237049513
0.0042800127969
0.00391674839277
0.00359958289013
0.00332037407948
0.00306466081591
0.00284262648917
0.00264772652656
0.00246643918945
0.00231027780661
0.00217328109427
0.00205349333165
0.00195052564818
0.00185655386493
0.00177703846485
0.00171480503525
0.00166399641043
0.0016204488299
0.00158959550138
0.00156833896638
0.00155898564755

# 0055_r1

1.47752011655
0.223102766502
0.0860694635388
0.0522105406916
0.0399817958282
0.0338016266048
0.0298449897172
0.0267809158737
0.0242120507434
0.0219642806437
0.0200118930822
0.0183247923196
0.0167741769993
0.0153395829709
0.0140658187023
0.0129235184856
0.0118614873997
0.0108832911672
0.00999317806902
0.00920892102659
0.00846556591
0.00776568395132
0.00714519536485
0.00658761553802
0.0060695979026
0.00560293940261
0.00515000562819
0.00470432078957
0.00430676710772
0.00396162980632
0.00365619542248
0.00338020099142
0.00313019420369
0.00290192220129
0.00269147499416
0.00250475930863
0.00233653554594
0.00218680532576
0.00206886595993
0.00197226771697
0.00188217232693
0.00179718568064
0.00172288616749
0.0016649023316
0.00161426205563
0.00157396189307
0.00154198579068
0.00152421506426
0.0015194117833

# 0056_r1

1.48073522806
0.225836572465
0.0885892968418
0.054572681968
0.0421380876631
0.0356587473212
0.0312392739486
0.0278154139322
0.0249411393328
0.0224426730248
0.0202419733256
0.0183797571411
0.0167489479642
0.0153112454142
0.0140219933078
0.0128370961577
0.0117538725831
0.0107984824254
0.00994102950403
0.0091840177854
0.00851450385058
0.00788666280663
0.00728720269499
0.00671565734426
0.00618302249314
0.00568998507625
0.00525316686453
0.00486483941507
0.00449785084507
0.0041555151652
0.00384765868033
0.00355636810978
0.00331602240233
0.00310232325601
0.0028997738348
0.00270826572277
0.00252929005601
0.00236359953869
0.00222153729148
0.00209596666681
0.00198491077829
0.00188115013112
0.00178805811234
0.00170112444507
0.00163465502967
0.00158962669152
0.00155875025473
0.00153791554394
0.00153225642893

# 0057_r1

1.47703437058
0.222208391267
0.0851167152793
0.0513471902371
0.0392876277531
0.0330716470632
0.0289280496099
0.0257471858657
0.0232027400352
0.0209940178097
0.019022320828
0.0173584343605
0.015864208413
0.0144777338158
0.013245729196
0.0121709824459
0.0112387477466
0.0103757107299
0.0095383436027
0.00872436250066
0.0079683488909
0.0072846196748
0.00667250252265
0.00613729962394
0.0056627199868
0.00522080724008
0.00482017678453
0.00446405200116
0.00412224608662
0.00380271000749
0.00351532080824
0.0032564081123
0.00301935467615
0.00281168248407
0.00261863597746
0.00244368103937
0.00228588635773
0.00214517024251
0.00202459568472
0.00191774514662
0.00181984515121
0.0017336431812
0.00165734639762
0.00158568846405
0.00152346073319
0.00148520316549
0.00145711895897
0.00143081173324
0.00142036172501

# 0058_r1

1.47769213166
0.223769486215
0.0864285778404
0.052340990369
0.0400386245406
0.0337887617883
0.029676831813
0.0265278425933
0.0239749337856
0.0218405902915
0.0199583193506
0.0182450319032
0.0167429546384
0.0154191408324
0.0142504775884
0.0131677592804
0.012115702456
0.0111678519375
0.0102706734228
0.00940240101582
0.00864056158338
0.00791155910229
0.00724373936371
0.00665518397464
0.00614545691259
0.00569422801595
0.00527904668602
0.00486778323939
0.00448938323271
0.00414180998016
0.00379966398282
0.00349338018134
0.00322668255925
0.00300910470695
0.00282948580268
0.00266158177159
0.00249343440517
0.00233866408061
0.00219908944219
0.00206925604556
0.00195586907085
0.00186887990406
0.00179309156238
0.00173163387141
0.00167686705983
0.00163240421402
0.00160247730115
0.00158504784051
0.00157702591452

# 0059_r1

1.4762516828
0.22281090974
0.0858969483692
0.0519481887223
0.0396179488704
0.0333905637188
0.0294170795502
0.0264997127539
0.0241093353452
0.0219451599985
0.0200379496406
0.0183376574059
0.0167562689739
0.0153037135701
0.0139376086809
0.0127391115459
0.0116388865452
0.0106620566527
0.00979497672098
0.00899853109193
0.00825237809152
0.007593871581
0.007019157553
0.0064682886602
0.00594531840586
0.00546132563773
0.00502635517389
0.00462897177195
0.00426885776777
0.00393996702093
0.00363064426005
0.00335475764595
0.00310978613447
0.00288807503438
0.00269078735641
0.00251031844257
0.00234737307002
0.00220295754679
0.00207453545516
0.00196386162908
0.00187194639846
0.00179628409644
0.00172626000311
0.00166665465383
0.0016155219327
0.00157990430944
0.00155867916244
0.00155118532406
0.00155047391524

# 0060_r1

1.47747530108
0.223972287842
0.08717236907
0.0532715915656
0.0407251062372
0.0341218924749
0.0298749071053
0.0267660353989
0.0242061566579
0.0219760791575
0.0200067991326
0.0182965736112
0.0167796261486
0.0154682843401
0.0142031387292
0.0130869019224
0.0119936876067
0.0109687364613
0.0100326508014
0.00919423058692
0.00843067117387
0.00775034757531
0.00715943166435
0.00664104152857
0.00616371862456
0.00570163756508
0.00528259363884
0.0048799403344
0.00450062422713
0.00416075309875
0.00384399383817
0.00353985534486
0.00327428233004
0.00304685400224
0.00284566156996
0.00266713393313
0.00250121051263
0.00234911561804
0.00220561737587
0.00207696496525
0.00196606798475
0.00187262017542
0.00179657259158
0.00172991624981
0.0016766854811
0.00163954770558
0.001619629398
0.00160787575575
0.00160113142402

# 0061_r1

1.4809040805
0.225697510546
0.088219698195
0.0538726571366
0.0412427776073
0.0348280703595
0.0305424181274
0.0273555555751
0.0246720425893
0.022479219081
0.0205407627384
0.0187814026348
0.0172365938918
0.0158897328878
0.0146139138948
0.0134164203924
0.0123049484785
0.0113084531402
0.0103718692032
0.00949557766474
0.00871245425642
0.00800743101498
0.00737645902519
0.00683693066992
0.00633962430444
0.00589022462127
0.00545019377953
0.0050079529351
0.00460940673738
0.00423947767925
0.00391382710337
0.00361283703301
0.00333465512076
0.00307729552272
0.00285553002133
0.00265997813885
0.00248365394045
0.00232457135655
0.00217318424391
0.0020448541539
0.00193810702704
0.00185061625795
0.00177793610756
0.00171654789785
0.00167382225236
0.0016514474764
0.0016335114035
0.00161584577976
0.00161130018228

# 0062_r1

1.48247645003
0.227925037676
0.0902957661293
0.0557473175178
0.0428257536285
0.035888936839
0.0312894237383
0.0277767966017
0.0249044318148
0.0224271459463
0.0203338700424
0.0185905246864
0.0170793524171
0.0156478128009
0.014310268405
0.0131604514147
0.0120916096347
0.0110664099699
0.0101122173008
0.00929917564386
0.00858968870989
0.00796321524549
0.00739675433655
0.00685123914456
0.00632397057396
0.00581320936232
0.00535886054244
0.00493959975657
0.00456472908827
0.00421491742669
0.00389080454804
0.00360141046745
0.00333880017145
0.00310384993126
0.00290396468182
0.0027041272415
0.00251250754519
0.00234781530366
0.00220339798676
0.00208711872656
0.0019879040968
0.00190391254727
0.001831165566
0.00177306890738
0.00172588101848
0.00168932473645
0.00166289556908
0.00164314825663
0.00163412734087

# 0063_r1

1.47501379899
0.221393319983
0.0849298645335
0.0511860461111
0.0388599515205
0.0325660361711
0.0285500603133
0.0256381707439
0.023255984792
0.0212275124085
0.0194963779827
0.0180204789566
0.0166717738897
0.0153550244986
0.014066879223
0.0128792272609
0.0118087833942
0.010873074547
0.0100302453998
0.00922130619999
0.0084749960493
0.0078119490578
0.00718233922987
0.00660851869681
0.00608304129293
0.00562932397362
0.00522231097715
0.00483284876235
0.00448154688885
0.00415029407638
0.00383662912002
0.00353845847584
0.00326828610139
0.00303000832503
0.00281159136438
0.00260776796628
0.00243422095754
0.00228744176008
0.00214795750006
0.00202905837445
0.00192991584946
0.00184578483805
0.00175907146644
0.00168528351427
0.00162450055013
0.00158373680652
0.00155218367592
0.00153265828173
0.00152876464105

# 0064_r1

1.47683801706
0.222706392654
0.0854162553596
0.0515225729497
0.0392765768459
0.0330121728012
0.0288928372561
0.0258026840403
0.0232662567203
0.0210886495298
0.0193181189944
0.0177462279679
0.0163065801072
0.0149902910241
0.0137100780084
0.0125487660016
0.0114999705357
0.0105811174324
0.00975740420425
0.00903042041683
0.00835596094769
0.00769692690401
0.00707026201833
0.00648302323879
0.00596259583092
0.00546415441788
0.00499233751971
0.00457959849683
0.00420638856221
0.00386465984035
0.00356162976278
0.00329799626556
0.0030604913934
0.0028490066837
0.00266686315488
0.00249969478366
0.00234928940674
0.00221116298272
0.00207581173666
0.00195192234841
0.00183876972968
0.00174169716973
0.00165958144547
0.00158712043076
0.00153164488258
0.0014884002944
0.00145897336241
0.00143949979965
0.00143447286719

# 0065_r1

1.47986657562
0.226572762759
0.0892399384478
0.0548713618973
0.04204465538
0.035428952795
0.0312759947282
0.0282523827125
0.0258344040804
0.0236962743806
0.0217426944701
0.0198500183581
0.0180990628462
0.0165295834988
0.0150711093376
0.0137543514017
0.0125782931273
0.0115184652019
0.0105396754016
0.00960297896435
0.00875326913752
0.00801889921899
0.0073385647715
0.00670232498281
0.0061435676541
0.00564019111769
0.00515003265263
0.00467877534928
0.00427296050808
0.00393829235257
0.00364146360492
0.00337764359195
0.00314722372201
0.00294123188932
0.00275848690873
0.00258999930432
0.0024406299693
0.00231573048734
0.00220841625198
0.00210322180262
0.00200154824577
0.00190698848596
0.00182518631257
0.00174957170348
0.00168633925954
0.00164387330485
0.00161761253931
0.00159357039873
0.00158673965005

# 0066_r1

1.48013958279
0.225567495567
0.0881198218041
0.054095301662
0.0414116940354
0.0346703750399
0.0301762947971
0.0268656391909
0.0242470399407
0.0221549173212
0.0202935457643
0.018675827968
0.0171504504202
0.0157809286993
0.0144646599278
0.0132320958317
0.0121118889364
0.0111094178341
0.0101826551487
0.00933541023777
0.00859597692043
0.00793971392476
0.00726780966865
0.0066379650125
0.00609497724466
0.00561231929336
0.00517281803681
0.00475483715508
0.00437784781618
0.00404347927806
0.00373125406154
0.00344352508541
0.00316485582773
0.00291001265089
0.00268197109116
0.00247771164047
0.00230687977515
0.00215457343341
0.00201942704668
0.00190787108407
0.00181549717362
0.00173105714344
0.00165380216789
0.0015977612214
0.00155926333548
0.00152761565279
0.00150189737169
0.00149222225341
0.001489401323

# 0067_r1

1.47593834718
0.222585145386
0.0859616442955
0.0522306951758
0.0402549565052
0.0340563440954
0.0298087710577
0.0265573589972
0.0238532830793
0.021637420467
0.0197920791223
0.0181346048452
0.0166245055363
0.0152272811737
0.0139236187947
0.012707842917
0.011664310196
0.0106869562048
0.00977578263362
0.00897729447813
0.00823567620425
0.00753937048436
0.00689811464948
0.00629547532121
0.00576915920171
0.00528617898409
0.00485999079747
0.0045119988771
0.0042077385292
0.00391506913183
0.00364223987676
0.00340232278844
0.00318768309998
0.00298295015408
0.00278844639615
0.00261582249343
0.00245752782985
0.00230732372702
0.00216735986775
0.00203900843542
0.0019318014144
0.00183897750831
0.00174726865218
0.00166736737455
0.00159800333772
0.00153987513932
0.00150500986863
0.00148938783129
0.0014856176868

# 0068_r1

1.4758329067
0.221732806096
0.0845380177086
0.0505598120503
0.0382949414609
0.0320845228959
0.0281314043511
0.0252819848519
0.0229433312042
0.0208765379034
0.019122591884
0.0175898548141
0.0161300205908
0.0148042276841
0.0135440807747
0.0123696192737
0.0113199543898
0.0104043267955
0.00956220121158
0.0088014494335
0.0081294324794
0.00749212825166
0.00688869595335
0.00634284855146
0.00584604697332
0.00537282266108
0.00493746970246
0.00454478638737
0.00417925012444
0.00385545229589
0.00356973393543
0.00329991840241
0.00305223486628
0.00283787288429
0.00265622412747
0.00248192378417
0.00231744423451
0.00217330026994
0.00204607112638
0.00193275731529
0.0018292456161
0.00174038894435
0.00166262133944
0.00158891562148
0.00153105081771
0.00149299775947
0.00146535638204
0.00145224482681
0.00145330974851

# 0069_r1

1.47793485725
0.224746540688
0.0876552015006
0.0535730847615
0.0411253549721
0.0348640984096
0.0307944313556
0.0276786534291
0.0251715020005
0.0229961313163
0.0209949253535
0.0191737780596
0.0176090942175
0.0161395630262
0.0147538231272
0.0135046004007
0.0123961330996
0.0114006080355
0.0105260804848
0.00972100066386
0.00892948168982
0.00816748452885
0.00746259203415
0.00682668523176
0.00623747927151
0.00570904521736
0.00527108212424
0.0048836338675
0.00452022147661
0.00419440703418
0.00390901850188
0.00366792318019
0.0034272163162
0.0031914196351
0.00296543810322
0.00275721596459
0.0025551220053
0.00238731042135
0.0022553424148
0.00214092996541
0.00203886558255
0.00194545261665
0.00187215392736
0.00180867389335
0.00175997262707
0.00172125545825
0.00168340705911
0.00166157409662
0.00165613072082

# 0070_r1

1.47865860761
0.223435628142
0.0861926812818
0.0522536045933
0.0399831952651
0.0338868151867
0.0298411033151
0.0267091842521
0.0240867144893
0.021920296208
0.0200194402449
0.0183384176026
0.0168311913216
0.0154656347034
0.0142305569667
0.0130568119018
0.012007344709
0.011062110312
0.0101665249647
0.00932866619626
0.00859589405656
0.00796326603345
0.00738506541011
0.00684790806131
0.0063332685736
0.00585031912515
0.00541409141461
0.00498535093586
0.00459039887153
0.0042299237854
0.00391573607233
0.00363689527406
0.00337830513174
0.00314096818851
0.00293242282703
0.00273626090448
0.00255541031548
0.00238339083244
0.00223853770906
0.00210950006078
0.00200031880079
0.00191415829889
0.00183864131496
0.00176743210952
0.00170610309258
0.00165948277024
0.00162293344086
0.00161099034067
0.0016096291584

# 0071_r1

1.47691202789
0.222800444796
0.0856181857048
0.051863586134
0.0397523465164
0.0335648574832
0.0294809939478
0.0263658405202
0.0237918337129
0.0217086492437
0.0198894422732
0.0182470806973
0.0166668462631
0.01520800544
0.0139343498141
0.0127989284521
0.0117643572135
0.0108538255572
0.0100028982115
0.00919003624059
0.00842270564864
0.00775531907812
0.00715364110415
0.00659414835392
0.00605754714065
0.00556789822032
0.00511631253072
0.00469510755809
0.00431610295168
0.00398979544426
0.00370835495712
0.0034544795364
0.0032224129059
0.00300738277797
0.00281610602797
0.0026368056135
0.00247262639366
0.00231063079236
0.00216349282334
0.00202838690067
0.00191081803865
0.00181720198924
0.00173176968061
0.00165785997936
0.00159369490284
0.00153945956097
0.0014994671994
0.00147556975796
0.00146820298064

# 0072_r1

1.48072293652
0.226203965306
0.0888861653855
0.0547049523174
0.0421675349656
0.0357875701955
0.0315219546791
0.0283302372982
0.0257090647458
0.02347093634
0.0214654346817
0.0196323431058
0.0179637915654
0.0164185410599
0.0150359252904
0.0138640093115
0.012802388998
0.0118184654877
0.0108662451779
0.0099889601433
0.0091882089863
0.00844298709321
0.00777130015114
0.00718261622262
0.00660660287411
0.00606668288506
0.00555784759453
0.00509988867383
0.00469449745277
0.00434051888329
0.00403828607125
0.00376662843792
0.00351791989278
0.00328359002642
0.00306372813038
0.00286331635579
0.00268150246671
0.00250875070677
0.0023444289499
0.00220713039891
0.00208963436432
0.00198785548614
0.00191317340811
0.00185212948791
0.00180345823669
0.00176253208548
0.00172783697438
0.0017105719969
0.00170454412126

# 0073_r1

1.48366601705
0.228918315283
0.0915329922371
0.0572387949528
0.0445634216761
0.0378010807777
0.0333933535604
0.0299527271451
0.0269722405648
0.0244509497244
0.0223586790207
0.0204612892782
0.0187293117245
0.0172424824043
0.0158839439669
0.0146520350121
0.0135522505617
0.0125237513211
0.0115318643461
0.0105963734394
0.00974077217706
0.0089553658088
0.00823363800094
0.00757677140306
0.00698924077737
0.00643241447548
0.00594137226848
0.00553016389915
0.00513913287418
0.00477099833358
0.00444710083639
0.00416891246729
0.00390120291216
0.00361547816781
0.00335458305403
0.00312168688713
0.00291774174924
0.00273313055769
0.00256420154207
0.00241398269867
0.00228564902323
0.0021848252641
0.00209917636625
0.00202729610307
0.00196447150573
0.00191596415029
0.00188378285798
0.00186630173746
0.00186171163759

# 0074_r1

1.47820656309
0.223898385386
0.0866973693827
0.0526459767411
0.0403400192242
0.0339631009565
0.0298012104269
0.0266958877448
0.0241718251264
0.0218924346639
0.0199628488757
0.0182493343854
0.0167079328742
0.0154453743957
0.0142727980335
0.0131665515718
0.0121329735144
0.0111871142401
0.0103029260213
0.00950957990032
0.00876803959974
0.00808875424566
0.00748796716586
0.00694210949521
0.00641564489125
0.00592260269897
0.00545645807654
0.00503419505042
0.00465071128528
0.00429527932444
0.00394893287765
0.00364133646997
0.00336138600279
0.00311086533649
0.00289793125066
0.00270884217569
0.00252761024018
0.00236368666291
0.00222086706582
0.00209288658902
0.00197546956942
0.00186734159584
0.00178153093843
0.00171803228099
0.00166976440201
0.00163337966292
0.00161020726108
0.0015930255071
0.00158414196098

# 0075_r1

1.47693514107
0.22330229806
0.0865882566933
0.0529549261038
0.0407448996737
0.0344513244628
0.0302731731806
0.02701840651
0.0243237709809
0.0220266554382
0.0201889202087
0.0186237471568
0.017125881465
0.0156994097301
0.0144157443781
0.013249240173
0.0121644436888
0.0111524327285
0.010196866916
0.00932831181901
0.0085622274356
0.00787623221856
0.00727449047613
0.00674131360218
0.00622360467126
0.00572686521608
0.00526804853443
0.00483555337082
0.00443253350782
0.00407854780923
0.00376138298151
0.0034503833181
0.00317050378121
0.00294090920666
0.00274182033248
0.00255580165909
0.00239810619913
0.0022518017033
0.00211396097377
0.0019940880483
0.00188662598335
0.00179814582236
0.00172278202368
0.00165321420083
0.00159961334101
0.00155635846803
0.00152290112087
0.00150578972801
0.00149849143265

# 0076_r1

1.47871727833
0.224108466045
0.0871725823149
0.0530974001149
0.040548402098
0.0340289981287
0.0298351232155
0.0267957023567
0.0243382179122
0.0221171046701
0.0201873345661
0.0184919410162
0.016982385701
0.0155206046028
0.0142114620241
0.0130319772409
0.0119987078024
0.0110565936629
0.0101186914266
0.00922672672512
0.00842245550837
0.00774000823217
0.00711978303029
0.00652469228133
0.0059724552238
0.00547023537134
0.00502716211136
0.00463514211924
0.00429560119644
0.00399470139194
0.00370790280645
0.00344108066576
0.0031970362762
0.00296813450077
0.00276101020492
0.00257269580112
0.00239129644205
0.00221834613704
0.00206386013895
0.00192777412447
0.00181201711904
0.00171360347052
0.00163647300655
0.0015817961325
0.00154529598284
0.00152055295881
0.00149644566644
0.00148035443565
0.00147606123378

# 0077_r1

1.47325734194
0.219771857939
0.0829384682304
0.0494737903885
0.037529869761
0.0315844114269
0.0278608574821
0.0250917800688
0.0228306003396
0.0209127723259
0.0191867478296
0.0176731673698
0.0163345369963
0.015091696648
0.0138664543039
0.0126622792575
0.0115141030031
0.0104823512982
0.00960659856277
0.00883700077726
0.00809737781438
0.00743141108904
0.00681806016723
0.00625713166679
0.0057381464278
0.00528108935616
0.00488555834167
0.00453955801651
0.00422014439814
0.00391561179725
0.00363737351592
0.00336822905577
0.00313310200223
0.00291600710606
0.00272342562498
0.00254008059072
0.00236702176251
0.00220620430471
0.00206575938859
0.00193932224886
0.00183024138393
0.0017366785111
0.00166529700207
0.00160747728013
0.00156091064919
0.00152533144066
0.00149363658266
0.00146710244457
0.00145856421683

# 0078_r1

1.47964103618
0.225551935772
0.0883949113331
0.054252612969
0.0416957263105
0.0352748157732
0.03107742166
0.0278561670466
0.0252410533181
0.0230335230181
0.0210335879833
0.0191859148698
0.0175324706104
0.0160829114415
0.0147263872424
0.0135318735382
0.0125174858569
0.0115105417626
0.0105624611
0.00970827985898
0.00891940471338
0.00818157362906
0.00750592192828
0.00687675636106
0.0063277327119
0.0058366684387
0.00538381380866
0.00496529223615
0.0045816232133
0.00421934721934
0.0038742535611
0.00355759636672
0.00325830034332
0.0030073523353
0.00280358138138
0.00262694586318
0.00246180778586
0.00231351244191
0.0021814552272
0.0020576340669
0.00195173976047
0.00186266553294
0.001787238935
0.00172565121019
0.00167807271306
0.00163861293911
0.00161164182901
0.00159365359906
0.00158724536395

# 0079_r1

1.47619600759
0.222485296997
0.0855421576371
0.0517472578476
0.0396213986816
0.0335240961979
0.0295776939731
0.0266434221699
0.0241904963847
0.0220870027153
0.0201514033611
0.0184260948714
0.0169970550916
0.0157060412695
0.0144572911089
0.0132562407262
0.0121643731818
0.0111310528843
0.0101998252973
0.00936486484203
0.00859334846975
0.00792397200465
0.00730582601796
0.0067249871748
0.00617151320585
0.00565712566884
0.00518079442569
0.00476603857395
0.00440331129517
0.00406737861641
0.00376399963071
0.00351023296653
0.00327640899057
0.00305427258793
0.00284750168413
0.00265670996093
0.0024842193847
0.00231903116414
0.00216668963552
0.00203984114881
0.00194335854878
0.00186300284467
0.00179748279383
0.00174774202812
0.00169935420798
0.00165007046899
0.00161073463745
0.00158390565663
0.00157364397082

# 0080_r1

1.47962595881
0.225869010706
0.0885892196017
0.0542908525794
0.0417209954453
0.0352137314948
0.0308860740799
0.0275912558907
0.0249448083441
0.0227146310786
0.0207356743069
0.0188838185315
0.0171848244319
0.0156848038122
0.014406730947
0.013283278883
0.012262355525
0.0112530788462
0.0102933262191
0.00943013761786
0.00863625463883
0.00792917741348
0.00730968494973
0.00674166131251
0.00620347540477
0.00569549513865
0.00523687710309
0.00481198670539
0.0044247141849
0.0040870534742
0.00377307630316
0.00349230850546
0.00323719786363
0.00300652835332
0.00279799929295
0.00260743454462
0.00244329472194
0.00229708946003
0.00216615669092
0.0020540083572
0.00195896902877
0.00187234539642
0.00180065940305
0.00174013363688
0.00168312400789
0.00163338569808
0.00160341936796
0.00158870273394
0.00158555057977

# 0081_r1

1.47525734773
0.221564895983
0.0849368756433
0.0511736782518
0.0390824163512
0.0330550980771
0.0292493887483
0.0264469010451
0.0240773455236
0.0218908095438
0.0199143946702
0.0181348198811
0.0165322767026
0.015101065281
0.0137778243474
0.0126942837078
0.0117191971684
0.0107638803795
0.00985558565373
0.00906522332839
0.00834999243362
0.00767007562408
0.0070388011849
0.00646489905861
0.00592395848952
0.0054076752331
0.00495865948914
0.00457166882445
0.00422030924218
0.00388240188463
0.00357741491139
0.00328633536081
0.00302166233343
0.00279439725497
0.00260534600234
0.00243038137213
0.00227069672987
0.00212777689623
0.00200780392969
0.00189544790357
0.00179426298046
0.00170184883357
0.00162404423924
0.00156429123239
0.00151617658929
0.00147757173387
0.00145613818355
0.00145262560426
0.00145120294909

# 0082_r1

1.47593237373
0.222261757307
0.0852786534413
0.0513073860973
0.0389158451378
0.0326796388022
0.0286998940414
0.0256908208092
0.0232668303046
0.0212147873286
0.0194300865781
0.0178954948433
0.0164579713062
0.0151188429306
0.0138176852137
0.0126772552264
0.011679541355
0.0107295729523
0.00983422724819
0.00899372241456
0.00822371767344
0.00753554409552
0.00694209573783
0.00640606271035
0.00590351339382
0.0054263440344
0.00501112870974
0.00465141183097
0.00432504590799
0.00401410796838
0.00372658783643
0.00345115757542
0.0031877486146
0.00295388784771
0.00274954531942
0.00257126709379
0.00241595842882
0.0022748463686
0.00214003954463
0.00201297730741
0.00190068801309
0.00180519091483
0.00172691671052
0.00167033275489
0.00162476005152
0.00158683064096
0.0015595725935
0.00154344833997
0.00153581500752

# 0083_r1

1.47944666372
0.224417026957
0.0872815158422
0.0535110097855
0.0411059798563
0.0346934733454
0.0304387632162
0.027309381896
0.0248252937312
0.0227172050772
0.0207743094834
0.0190234825065
0.01749587375
0.0161170587667
0.0147379694509
0.01341457723
0.0122103551291
0.0110896197074
0.0101206871291
0.00928008742983
0.00847979201241
0.00771580679433
0.0070535005501
0.00649781977102
0.00601292176477
0.00556520671686
0.00510992025176
0.00469144285103
0.00431691739549
0.00396047113193
0.00362557901791
0.00332876288405
0.00307683033433
0.00286145837332
0.00267124585298
0.00250003860125
0.00234869435216
0.00219937033007
0.00206782459969
0.0019598953479
0.00185845845178
0.00176440828986
0.00167987305307
0.00161341787835
0.00155531302317
0.00150844438604
0.00147213131536
0.00144606818673
0.00143797902548

# 0084_r1

1.47803441916
0.22448121022
0.087479550867
0.0533708136286
0.0408254804987
0.0342549975501
0.0300614011464
0.0269502583297
0.0243910903713
0.022253552273
0.0203258759014
0.0186684049214
0.0171541840912
0.0158297214095
0.0145177299951
0.0132795170433
0.0121771548395
0.0111717336987
0.0102867929408
0.00945671514077
0.00865678889169
0.00791342043109
0.00724560935811
0.00661362767104
0.00603720515367
0.00553998284645
0.00509028276584
0.00467938954447
0.0043047741445
0.00398322977398
0.00367994040712
0.00338430079653
0.00312863619044
0.002889182412
0.00269305642096
0.00252371084923
0.00237367431489
0.00223759906842
0.0021208280309
0.00201832982833
0.00192067145173
0.00183174171092
0.0017529378992
0.0016717157727
0.00160308035437
0.00154936938545
0.00151695795255
0.00150341593663
0.00150351239101

# 0085_r1

1.47825348981
0.224108226781
0.0868118506682
0.0528669262187
0.0404863978041
0.0341913727683
0.0300855412019
0.027045688306
0.0245455266646
0.0223336192713
0.0204323013806
0.0186262649896
0.0170173055314
0.0156206572799
0.0143174394949
0.013141572944
0.012053118248
0.011020564108
0.010126037972
0.00931354105002
0.00856328516205
0.00785247815854
0.00716304740168
0.00650557182676
0.00592253066711
0.00542731768099
0.00498271968456
0.00457631587727
0.00420351074411
0.00386057203871
0.00354950040296
0.00328167293195
0.00302990739675
0.00279656840513
0.00259311940971
0.00241426682666
0.00226084393254
0.00213345158201
0.00201929478297
0.00191554982687
0.00181877169971
0.00173662272383
0.00166191413795
0.00160016251321
0.00154805212179
0.00151563334987
0.00149371908959
0.00147808053264
0.00147386428042

# 0086_r1

1.47778682869
0.223442436683
0.0864014980581
0.0524999969443
0.0403541252959
0.0341203155239
0.0299500617157
0.0268940107467
0.0244406507504
0.0222909627216
0.0202986953284
0.0185217731677
0.016921665519
0.0154832311321
0.0141359867632
0.0129285752353
0.0118332946264
0.0108433295835
0.00993760342973
0.00910979547146
0.00832511352321
0.00760755441416
0.00696283695833
0.00638659075534
0.00589723949783
0.00545328556943
0.00505350152142
0.00468473570518
0.00434602453712
0.00403944775873
0.00374689891342
0.00347040873779
0.00322949723966
0.00301910328496
0.00282618093526
0.00264915280165
0.00248013096919
0.0023263353161
0.00219506066418
0.00207876609485
0.00197985160119
0.0018968446424
0.00182730863772
0.00177086243227
0.00172590050435
0.00168667264402
0.00166543679489
0.00166348619634
0.00166361873671

# 0087_r1

1.47460651187
0.221151182251
0.0847200882781
0.0511249122872
0.0390105348966
0.0328739273191
0.0288280847359
0.0257368355272
0.0233348302628
0.0212771452045
0.0195243516791
0.0178926831051
0.0164731109213
0.0151746599247
0.0139747526405
0.0128278980684
0.0117818822145
0.0107999984661
0.00991716861317
0.00910790492608
0.00838327185099
0.00774214469334
0.00715013189248
0.00659794400573
0.00608953645407
0.00560689240543
0.00516534196933
0.00474883455288
0.00435982341504
0.00400889094725
0.00369828095527
0.00343393822493
0.00319474360896
0.00297561044151
0.00275772937076
0.00255515101107
0.0023822969539
0.00222579328722
0.00208768844298
0.00196644855668
0.00186169192859
0.00176333077695
0.00167184452141
0.0015975890577
0.00154087921189
0.00150587660918
0.00148372281074
0.00147533054042
0.00147055074174

# 0088_r1

1.47515259194
0.220307608687
0.0828858355027
0.048685229672
0.0363102946303
0.0301494158749
0.0263376740541
0.0236598921875
0.0215348637462
0.0197052196348
0.01808384687
0.0165882758238
0.0152657678529
0.0140695605951
0.0129179966863
0.0118380958662
0.0108483397859
0.00997326379226
0.00914391694294
0.00839011914355
0.00773665264155
0.0071629668264
0.00661847729271
0.00608814245672
0.00559772179348
0.00518572356617
0.00480293468559
0.00441168278804
0.00406231771188
0.00375888948574
0.00348871600283
0.00323251234743
0.00300557144166
0.00279484339338
0.00260573051361
0.00243484890261
0.0022735862597
0.00212506582045
0.00199028048443
0.00186970534969
0.0017694634179
0.00168102352778
0.00161198653582
0.00155794503219
0.0015146071085
0.00148374745087
0.00145985956228
0.00144050131205
0.00142918409398
