
# 0000_r1

0
0.0458783999664
0.00622854524716
0.00121019858489
0.000371443712747
0.000199093853436
0.000133201216712
7.24251496301e-05
5.30989631264e-05
5.7576770464e-05
4.43418099263e-05
3.60897550989e-05
5.09812138014e-05
1.51977233863e-05
2.31771145422e-05
3.60831857918e-05
4.69925209452e-05
4.38210992138e-05
2.52601726487e-05
1.6315946649e-05
1.63621990016e-05
1.88377323797e-05
2.97670074293e-05
2.49247836969e-05
2.6642009894e-05
1.44431114496e-05
1.37885528964e-05
6.67188103493e-06
8.88678846372e-06
3.08458246625e-06
1.48624329634e-06
3.14031429861e-06
-3.30873415617e-06
-5.44389708103e-06
-5.71010971351e-06
-4.29872013506e-06
-5.55205179351e-07
2.87507933157e-06
2.81924801121e-06
-5.81623261571e-07
5.65388933609e-07
2.5171211171e-06
1.98883122514e-06
5.11707049403e-06
6.28995152048e-06
5.77686326093e-06
3.18003042419e-06
-1.3082866719e-06
0

# 0001_r1

0
0.0459533835982
0.00605747277342
0.00107121133511
0.00029031943211
0.000133957944341
8.82697884593e-05
3.89727741114e-05
6.02667298169e-05
1.29747414561e-05
2.51915569721e-05
2.435091079e-05
6.27185970258e-05
7.54936626532e-05
7.45820470957e-05
7.67033599976e-05
7.91401859107e-05
6.15416407396e-05
4.42291563154e-05
2.34569974971e-05
8.92196001716e-06
2.02673804304e-05
1.98282744751e-05
6.58905145305e-06
8.50180974316e-06
1.04974722164e-05
1.80758728341e-05
1.63212205171e-05
1.78103639444e-05
8.66738710647e-06
1.01904131459e-05
7.28313702785e-06
6.43290704014e-06
8.07388899059e-06
8.25152630309e-06
5.30716350777e-06
7.84126167124e-06
4.37579049157e-06
3.96822409458e-06
4.73780889622e-06
3.69089182928e-06
2.8716533352e-06
2.84406307394e-06
8.90832570697e-07
-7.78313884533e-08
1.70531940897e-06
2.34816686555e-06
1.74369973496e-06
0

# 0002_r1

0
0.0459082474331
0.00604172285666
0.00106668212585
0.000192430402278
5.16715786399e-05
1.10020890861e-05
-4.59950827737e-05
-6.01804710578e-05
-4.99071915792e-05
-6.14442820247e-05
-4.71883849941e-05
-3.98333322006e-05
-2.55064247961e-05
1.15244342853e-06
9.0353997847e-06
1.5720617441e-05
2.12022970867e-05
6.08438842435e-06
-6.30036146943e-07
-1.42084990695e-05
-2.22711997242e-05
-1.29848910106e-05
-1.61250252713e-05
-1.4039083572e-05
-1.07882356396e-05
-1.82806382131e-06
-1.10403595291e-06
-1.57515821495e-06
7.8463024342e-06
8.48035306472e-06
4.56203059852e-06
7.44793358506e-06
7.40893871207e-06
3.70790085227e-06
2.87626413761e-06
1.84491293814e-06
1.19956539025e-06
-1.74129498688e-06
-1.21614126619e-06
-2.58658487138e-06
4.21636564872e-07
7.22925711726e-07
-6.85697649678e-07
-5.81648037153e-07
-2.66386832905e-06
1.22775135605e-07
-1.10649188642e-06
0

# 0003_r1

0
0.0459135392131
0.0061551535591
0.00117395252292
0.000314093082802
0.000193158073374
9.09202867005e-05
6.00633163325e-05
7.97594748922e-05
8.41139098509e-05
0.000118261225082
0.000122839854797
0.00013871736579
0.000135868726106
0.000114901695329
8.91401687144e-05
8.22474578859e-05
8.2046665536e-05
8.33232728939e-05
7.50272192415e-05
5.71801351491e-05
3.81921731332e-05
4.20738014743e-05
2.91947626979e-05
2.12014140707e-05
1.59388835288e-05
1.18350765718e-05
1.47116077748e-05
7.99117797518e-06
1.58760907282e-07
2.73968026394e-06
8.22297189365e-06
9.43534175901e-06
4.14323478209e-06
6.00410799091e-06
8.19907105896e-06
8.75779278753e-06
1.15665064936e-05
1.22726015966e-05
1.2111375094e-05
1.22257347962e-05
9.77282897553e-06
7.18253588605e-06
2.32029015903e-06
1.09456090503e-07
-4.31005911969e-08
-3.41145218678e-07
-2.41649743601e-06
0

# 0004_r1

0
0.0458602168847
0.00605548272663
0.00102958088026
0.000239312325162
0.000131111181528
4.41471567328e-05
-2.90054162911e-06
-1.73853055921e-05
-2.99989249553e-05
-2.43014062136e-05
-2.95768608303e-05
-4.98721780334e-05
-4.16482095472e-05
-3.7782011872e-05
-6.00648884092e-05
-2.69358750542e-05
-1.85658151558e-06
-5.59501878449e-06
-1.08409572696e-05
5.81381834707e-08
-9.39169630662e-06
-1.34084872847e-05
-6.86538116739e-06
-2.9833200417e-06
-6.41397450067e-06
-1.2463617127e-05
-1.52009189235e-05
-8.17937181826e-06
-8.46038021369e-06
-7.56738950157e-06
-1.02509970004e-05
-1.65645170126e-05
-8.16838454044e-06
-7.76835253737e-06
-7.02315079595e-06
-2.62358196362e-06
-2.00907818879e-06
-1.58552433108e-06
-1.73242550647e-06
1.1634331742e-06
2.16280047424e-06
4.2764566797e-06
3.83905957971e-06
2.08466490283e-06
-4.1764608389e-07
-1.11878868188e-06
-1.15005181454e-07
0

# 0005_r1

0
0.0459090563086
0.00608493933053
0.00110950850368
0.000311930793677
0.000117197282853
7.6773158021e-05
1.26112626396e-05
9.28277501557e-06
-1.49420114932e-06
-1.11080049131e-05
-7.0945288527e-06
1.39102030262e-05
1.66747274735e-05
1.98945038754e-05
4.23352923789e-05
4.00628833354e-05
3.57550809106e-05
2.04218719514e-05
1.25548138057e-05
6.32229731103e-06
4.18026560154e-06
-1.51891133877e-05
-1.6013157156e-05
-1.59648977599e-05
-7.01074220247e-06
-1.36283076821e-05
-1.33546520232e-05
-1.84531178568e-05
-1.05102151958e-05
-9.0188111511e-06
-4.16572337199e-06
-2.05512595019e-06
-4.99417112169e-06
-8.71512164985e-06
-8.58589325724e-06
-8.72053038011e-06
-6.02226313877e-06
-2.99987393604e-06
1.73481617756e-06
9.72544359265e-07
6.30250006066e-07
1.94732607916e-06
2.29993991682e-06
4.00141564688e-06
5.50840865662e-06
2.71199491865e-06
2.7238769349e-06
0

# 0006_r1

0
0.0460130868632
0.00607654767409
0.00109845016691
0.000303796086668
0.000138046216269
9.08196779394e-05
8.13455326224e-05
8.24280148753e-05
7.61157000071e-05
9.42053138425e-05
9.96995234967e-05
8.87659553349e-05
7.43540146389e-05
6.40583808626e-05
6.26370130739e-05
5.30481207784e-05
3.61070077087e-05
4.83247073044e-05
3.08479648143e-05
1.92176520833e-05
1.22568295877e-05
8.58720817134e-06
1.97610432902e-05
1.68450175746e-05
4.21185190168e-06
5.35883188879e-06
4.91119314627e-06
-4.4287516649e-06
-1.08572706857e-05
-2.07166613369e-06
-4.56654964626e-06
-7.05537091796e-06
-3.01464013227e-06
-3.07198012018e-06
-1.52104849015e-06
4.65791596269e-07
-1.84030228741e-06
2.68943311e-06
1.32497887752e-06
1.05117335415e-06
-1.54799842265e-06
-1.55006405934e-06
-2.06773447234e-06
-2.26254719191e-06
-3.39422997516e-06
-2.40261938298e-06
-6.29184207374e-07
0

# 0007_r1

0
0.0457589057475
0.00611610666163
0.00111421833613
0.000286069819277
0.000103102139453
3.61093349642e-05
-4.21875189833e-05
-2.88168642528e-05
-3.9430027277e-05
-2.31777547736e-05
1.11291908999e-05
1.46070064657e-05
1.56433248676e-05
1.51453573017e-05
1.45291261328e-05
3.2923669208e-06
-6.55018855357e-07
-2.7852319193e-06
9.17201480052e-06
-1.41604086053e-06
-4.25318086079e-06
1.05136230511e-05
-1.13840211354e-06
6.90995718885e-06
1.11180229811e-05
7.22404376903e-06
1.93485625636e-06
6.06369308064e-06
-5.94910827077e-06
-3.95014756574e-06
1.03007083588e-06
4.72777328789e-06
3.2534397026e-06
4.20867719751e-06
9.45044520581e-07
3.39480101773e-06
6.55502745512e-06
2.53984711797e-06
3.72861340715e-06
3.38451221231e-06
4.48953297527e-06
2.08354953451e-06
1.13142711218e-06
1.21533473622e-08
1.69579473901e-06
1.89792592094e-06
-2.23516151083e-07
0

# 0008_r1

0
0.0458536775611
0.00600325795388
0.000986372306334
0.000109163049115
-3.05388321202e-05
-8.71155815145e-05
-8.82251330107e-05
-6.19338588854e-05
-4.44033264737e-05
-1.21715957075e-05
-3.55501143556e-05
-4.63137969984e-05
-3.50478124998e-05
2.63209919188e-06
2.00481686669e-05
2.56392155556e-05
1.00189415826e-05
-1.64061797891e-06
-3.36820222661e-06
4.07934914755e-06
1.27900815313e-05
9.38547996455e-06
1.55566134811e-05
7.70162569034e-06
1.11229640078e-05
7.73231701378e-06
-9.99695131368e-07
-8.80753634974e-07
-3.85162775366e-06
-4.58586270149e-07
-2.48106702197e-06
-2.2458743122e-06
-4.69009465395e-07
-4.49381881092e-07
-3.94623008134e-07
-2.77835928267e-06
-4.60320648422e-06
-7.78349440936e-06
-7.71878436515e-06
-6.37054314186e-06
-4.54590984944e-06
-3.1294506713e-06
-2.6414130009e-06
-1.6494891034e-06
-8.51357846532e-07
-5.41784980838e-07
-3.05465573045e-07
0

# 0009_r1

0
0.0459886217859
0.00614380666573
0.00117113473217
0.000337560304396
0.00019656630547
9.945723191e-05
6.19597802224e-05
6.30391256469e-05
3.7870800372e-05
2.53097798503e-05
-1.43841126466e-05
-9.53780804964e-06
-1.55188545347e-05
-1.78724078657e-05
-9.36767955448e-06
-1.32229597605e-05
-3.1958530901e-05
-3.21850686137e-05
-4.16760028113e-05
-3.26132042514e-05
-3.26548172672e-05
-3.17055426942e-05
-2.90824025836e-05
-1.63090890719e-05
-1.09303033692e-05
-1.60913080413e-05
-5.54261593212e-06
3.65198935602e-06
7.35991659166e-06
5.44564523429e-06
1.02598011657e-05
8.72049425047e-06
9.856567972e-06
1.12143147849e-05
4.42648257593e-06
6.56292142785e-06
3.88600324048e-06
7.14456699007e-09
1.44947867602e-06
2.88008535141e-07
2.491030121e-06
2.85058417586e-06
4.2106943774e-06
4.24633795544e-06
1.037586488e-06
6.91517491192e-07
1.5177088191e-06
0

# 0010_r1

0
0.0457420518396
0.00604153191144
0.00105933849134
0.000287109551548
0.000111621392548
2.61912176911e-05
-2.48786222409e-05
-2.78717089679e-05
-7.64141894798e-06
-1.73658561954e-05
-4.04575017556e-05
-1.19498896585e-05
-1.29568855607e-05
-6.91617452598e-06
8.09655053668e-06
8.05297349903e-06
5.63464100304e-06
1.95263270062e-05
1.41834837479e-05
-2.03221302875e-06
6.24807905754e-06
1.13893726062e-05
7.63310860409e-06
9.83730100798e-06
3.48779363308e-06
8.69425003822e-06
7.38822337607e-06
2.00783101052e-06
-4.07888990271e-06
-4.764025134e-06
-7.41651823796e-06
-4.30452014544e-06
-4.39692367789e-06
-2.22730667452e-06
-4.96574983812e-06
-8.3453031944e-06
-6.59485179895e-06
-2.91333691939e-06
-3.35619328734e-06
-4.12478989736e-06
-5.68460990037e-07
9.65640511639e-07
1.39359080555e-07
-6.14548815731e-07
1.02970629162e-06
1.22844024168e-06
1.80030094101e-06
0

# 0011_r1

0
0.0458731000519
0.00612064359584
0.00116432424333
0.000360886913792
0.000201504685461
0.000148227072877
0.000113886236003
0.000136418692388
0.000125939442021
9.21073516328e-05
7.04280120853e-05
2.15326207386e-05
2.69779759201e-05
4.82434012074e-05
4.47217225026e-05
2.75258051217e-05
8.60709946038e-08
-1.2048512508e-05
-2.06606993645e-05
-1.84215502281e-05
1.11882137141e-07
7.60385801585e-07
1.64200310427e-05
2.70596682699e-05
3.0961442393e-05
2.6886321057e-05
1.78567870555e-05
1.46973631792e-05
1.3055294307e-05
8.3397890121e-06
5.74931152413e-06
8.82682198779e-06
1.11951974863e-05
9.06375724674e-06
9.29909891333e-06
1.20069236264e-05
6.94994456004e-06
7.32059800898e-06
5.97732791278e-06
5.9891215807e-06
8.0894473801e-06
7.57497870613e-06
6.73614077471e-06
6.38041742064e-06
7.34133805976e-06
5.22557658285e-06
2.84292522123e-06
0

# 0012_r1

0
0.0456512279454
0.00588139395206
0.000888464894022
0.000119338751891
-6.40227082776e-06
1.46067385063e-05
1.81647301373e-05
-7.54951093019e-06
-1.16094709118e-05
-5.39082838145e-05
-3.77488034829e-05
-2.77859754807e-05
-8.00712310501e-06
-2.9452440611e-05
-2.04304428693e-05
1.58895964891e-06
9.70577354666e-07
-1.28109843627e-05
-6.99531091827e-06
-6.49880991201e-06
-2.42976217292e-06
6.33922542764e-06
-3.13332769676e-06
-8.48410004338e-06
-1.04460822383e-05
-1.06394723149e-05
-3.35503294388e-06
-5.43305466574e-06
9.26911120176e-08
-1.74763515799e-07
1.6576051359e-06
7.19368163787e-07
-1.01975747516e-06
4.22775950676e-07
-4.82380408175e-06
-4.51199212079e-06
-6.08289695723e-06
-6.50841113567e-06
-4.08169330049e-06
-6.14188503504e-06
-4.1542378942e-06
-5.86391554135e-06
-5.61251610366e-06
-4.91432095898e-06
-1.52292209127e-06
2.33101960293e-06
1.73744849471e-06
0

# 0013_r1

0
0.0455451774853
0.00585628976327
0.000870200527995
4.02732843903e-05
-8.74980465847e-05
-0.000138029572735
-0.000157464534012
-0.00017793989299
-0.000153568635896
-0.000151528793999
-0.00012067535723
-8.09032736683e-05
-7.77375396351e-05
-8.70517707081e-05
-8.38622168144e-05
-6.97638805906e-05
-5.02886898834e-05
-4.18197923556e-05
-3.01977741166e-05
-3.72625208513e-05
-2.13259825198e-05
-1.49129374035e-05
-1.76993478826e-05
-2.79950147752e-05
-2.95470182118e-05
-3.92114438429e-05
-3.72028931039e-05
-3.19875324665e-05
-2.90998768979e-05
-2.40093753594e-05
-2.21810821935e-05
-2.01531656173e-05
-1.65193717351e-05
-1.25805919686e-05
-1.39234394619e-05
-1.45315080299e-05
-1.50001178974e-05
-1.35663550497e-05
-1.12187173719e-05
-1.00812054325e-05
-8.92062754038e-06
-4.11381317741e-06
-3.34760096661e-06
1.78654836546e-07
9.0276193485e-07
4.02618332344e-06
2.14619379339e-06
0

# 0014_r1

0
0.0457503920247
0.0059167397722
0.000897919995838
9.1504220493e-05
-5.57283879532e-05
-7.84128832393e-05
-4.25144653908e-05
-1.36300386944e-05
-3.4703657861e-05
-2.47457222673e-05
-5.81364564248e-05
-6.75750893833e-05
-4.39501604067e-05
-4.10640554808e-05
-2.08242845176e-05
-1.57272325576e-05
-1.48475325716e-05
-1.46788476245e-05
-2.10000505537e-05
-1.87053345305e-05
-9.58766328899e-06
-1.83772331865e-05
-3.04698263813e-05
-2.05957514624e-05
-1.99659321105e-05
-1.12566292013e-05
-1.22726033923e-05
-1.50479513861e-05
-1.48042948471e-05
-7.05171062523e-06
-5.72584661056e-06
-1.79983491299e-07
2.86117766219e-06
1.93192228567e-06
3.29048026777e-06
1.74755508666e-06
4.30473791036e-06
7.47749403468e-08
-1.84554264827e-07
-2.1189824028e-06
-2.12743334046e-06
-3.51452780271e-06
4.67768999115e-08
2.83646382323e-06
1.00354317173e-06
1.02678196185e-06
-1.70996113794e-06
0

# 0015_r1

0
0.0457539359094
0.00601495850629
0.00110213180259
0.00025421586994
1.82419772113e-05
-1.83820688325e-05
-6.73760093984e-05
-6.64042156731e-05
-8.09262635038e-05
-7.21484501664e-05
-5.38775813077e-05
-1.37772645654e-05
-3.49354468458e-06
9.98433850943e-06
3.76294186564e-06
5.36295012253e-06
2.24468330842e-05
2.14260196174e-05
2.79412138496e-05
2.54473813851e-05
2.93604689028e-05
2.76236091896e-05
2.10955107878e-05
2.62244523064e-05
2.24770228775e-05
7.96387234451e-06
1.32129966943e-05
1.8907298628e-05
1.5236484682e-05
1.52885276465e-05
1.1438395697e-05
1.23111113522e-05
1.17493983684e-05
1.35793524181e-05
1.43322427926e-05
1.20070010064e-05
1.49607293922e-05
1.18180867829e-05
1.15292330587e-05
7.08978673576e-06
5.53199993825e-06
6.0620376143e-06
2.55829201941e-06
2.21404961011e-06
2.62970639758e-06
1.34805257096e-06
2.39790575019e-06
0

# 0016_r1

0
0.0460767291623
0.00623094977489
0.00120234394626
0.000367180759347
0.000153030444448
7.93839147786e-05
1.4314986122e-05
2.48972154429e-05
-2.0786239857e-06
-1.44375035978e-05
2.48763886816e-06
3.61274257562e-06
1.51469228896e-05
1.80241775525e-05
1.79259896569e-05
-1.45230094708e-06
2.07682837244e-05
1.42682811807e-05
1.73010823565e-05
2.00384793537e-05
2.15901346437e-05
1.48841080389e-05
-5.10262700153e-06
-8.26106687474e-06
-2.25121964266e-06
6.37383481917e-06
4.56141372108e-06
5.40880544484e-06
6.95701318324e-06
3.36591034876e-06
3.85072148188e-06
4.42607693976e-06
2.61791040203e-06
2.73992681656e-06
-2.21833878672e-06
-2.4154086426e-06
-7.96184673175e-07
-2.18013302926e-06
-1.07662245647e-07
-2.38053630994e-07
6.90401506042e-07
8.74267904319e-07
-1.02791295609e-06
-5.25198090854e-07
-6.96918100866e-07
2.06458784876e-07
-3.69858245326e-07
0

# 0017_r1

0
0.0459762438897
0.0062461815101
0.00124483378947
0.000391504492964
0.000170982600902
0.00016256229738
0.000141719294921
0.000128962983982
0.000106945752894
0.000101853307598
6.92642084888e-05
7.94066368149e-05
6.33848331578e-05
6.40200193196e-05
5.73071945857e-05
6.04776544854e-05
4.4806585481e-05
4.18099796474e-05
3.38284029207e-05
3.45502318765e-05
3.2894329213e-05
4.22672663256e-05
3.60222547268e-05
3.71300275436e-05
3.8949721018e-05
3.28995153333e-05
3.15717483518e-05
2.35947818494e-05
2.03936349223e-05
1.45999271667e-05
1.31812231851e-05
5.32431578907e-06
1.81942136201e-06
3.24427410422e-06
-7.51000296193e-07
2.98349413262e-07
-1.23895340496e-06
-1.00223679588e-06
2.49727030917e-07
-2.40090271166e-07
2.13315236904e-06
3.951535745e-06
1.75018724474e-06
7.19865301063e-07
2.00677097113e-06
1.94955768034e-06
-3.40962423326e-07
0

# 0018_r1

0
0.046044497754
0.00625803566492
0.00124703154747
0.000400798355135
0.000236422509052
0.000174033852557
0.000148725207657
0.000133792245753
0.000118494137741
0.000104671824582
0.000105298658332
9.98158225925e-05
9.81974273781e-05
5.34266724409e-05
3.40647165875e-05
3.02465792473e-05
2.9795342166e-05
1.65850707068e-05
2.05298395958e-05
6.94544720883e-06
-7.83920226458e-07
-6.10170883236e-06
-1.07170386234e-05
1.06774711674e-05
1.30855970112e-05
1.53581552377e-05
6.77283555455e-06
2.92124208282e-06
-4.84076322647e-06
-7.50551698122e-06
-6.0700904541e-06
-1.04137761282e-07
6.42698094208e-07
1.66696566473e-06
5.06281067177e-06
2.93434162248e-06
-9.13188372567e-07
7.9579277013e-08
2.35452746776e-06
1.16010992788e-06
5.27061846967e-06
3.41546126879e-06
1.16322647858e-06
1.58145437088e-06
4.37594574575e-07
-1.33412812621e-06
-5.80075313116e-07
0

# 0019_r1

0
0.0457522132424
0.00605809926695
0.00110002773674
0.000284803192973
0.000156498199883
4.04035313315e-05
2.17396355492e-05
4.58678209206e-05
-1.07754014841e-05
-2.26589914944e-05
-1.35762439718e-05
-5.96823836572e-06
-3.80736885003e-06
6.0250202769e-06
1.46374841884e-05
3.21057014504e-05
1.16051699371e-05
2.89444902527e-06
8.1034787224e-06
1.35502104381e-05
9.1680789099e-06
1.5968755875e-05
1.28792374499e-05
1.02230742921e-05
9.55678979212e-06
1.06769787517e-05
7.12461480112e-06
2.19427268608e-08
-2.37690371756e-06
-3.36408462847e-06
-3.97945179074e-06
-3.11570467515e-06
-3.27970982399e-06
-4.8152685838e-06
-3.92268212932e-06
-5.0827291728e-06
-8.61268842835e-06
-4.84085305248e-06
-4.08625891021e-06
-5.19230117619e-06
-1.00090494751e-06
-2.67199761013e-06
-2.66893227323e-06
2.34539752522e-06
5.5615954055e-07
-3.93863237805e-07
-5.70794939889e-07
0

# 0020_r1

0
0.0457872840945
0.00611152639552
0.001075721004
0.000319130195263
9.34859041006e-05
8.49626512359e-05
2.68331789849e-05
3.82625065273e-05
5.44490945456e-05
6.59702519099e-05
4.29268623883e-05
2.70265521671e-05
4.65126656948e-05
3.44486844304e-05
3.59247378703e-05
1.71409454642e-05
1.95262725344e-05
2.23739980084e-05
3.92585517204e-05
2.30660247113e-05
1.46959788343e-05
1.74964275276e-06
9.04854443362e-07
-1.41183510574e-05
-2.45835905e-05
-2.42325301103e-05
-2.29324408581e-05
-1.80586656788e-05
-2.0152100003e-05
-1.43178760973e-05
-1.44487359157e-05
-1.42046785157e-05
-1.13351484226e-05
-8.79667720345e-06
-7.08145732775e-06
-1.01106781528e-05
-1.16573881368e-05
-1.33659546443e-05
-1.29565004487e-05
-1.15394986368e-05
-1.09102631445e-05
-1.12766879539e-05
-8.28527006441e-06
-6.70041678642e-06
-3.22593378565e-06
-3.83795448439e-07
-4.02468591092e-07
0

# 0021_r1

0
0.0458796128725
0.00604990790183
0.000997434212918
0.000175179521246
7.99135475464e-05
9.89235290038e-05
0.000113167143903
8.41377650549e-05
7.2249368014e-05
7.42081449066e-05
5.75845160127e-05
8.49451901931e-05
8.43582229029e-05
6.62564659757e-05
5.39275059228e-05
4.4347735216e-05
1.65398256871e-05
7.56193506703e-06
2.23388636004e-06
1.78193154296e-06
-5.91029312295e-07
-1.81672868419e-05
-1.42289776304e-05
-2.93900229158e-05
-2.08165130913e-05
-1.72143938036e-05
-1.76546219384e-05
-1.20690622516e-05
-9.32761961346e-06
-7.83919431893e-06
-1.04835943587e-05
-7.39518432422e-06
-7.10246386952e-06
-3.09082910731e-06
-2.84479244841e-06
-6.37407966266e-07
3.4434326498e-06
1.82163289238e-06
1.82358950484e-07
-6.9430047919e-07
2.23203959023e-06
2.89665027701e-06
1.66844846179e-06
1.08837043932e-06
-2.19971896367e-06
-2.15480573031e-06
-8.79180038801e-07
0

# 0022_r1

0
0.0457399147256
0.00600878302398
0.00107414024138
0.000236920702754
8.98585893297e-05
2.73610400184e-05
4.0798026463e-05
2.88363850319e-05
1.96720729236e-05
-1.18103581844e-05
-3.8430433558e-05
-5.90377211337e-05
-4.53905831388e-05
-4.06298587364e-05
-4.64229621441e-05
-2.98358163432e-05
-3.94770396894e-05
-2.20022551143e-05
-1.67408413772e-05
-1.17937939908e-05
-5.19219668886e-06
-3.02760531988e-06
5.40893550885e-07
1.78639081515e-06
-4.52380460842e-06
-1.02255234602e-05
-5.72261416512e-06
4.3638717342e-06
6.56340496361e-06
4.07106764276e-06
6.535179318e-06
5.6053182492e-06
6.66492242087e-06
6.45244506123e-06
8.72965162463e-06
6.6472536267e-06
4.2349095169e-06
3.62283672449e-06
-1.00818043358e-06
-2.49762688272e-06
-1.46081660273e-06
-3.28693705569e-07
3.63349648655e-07
3.09865053206e-06
3.1983530438e-06
3.17805860761e-06
2.87755876261e-06
0

# 0023_r1

0
0.0459438148764
0.00609906894907
0.00108235854724
0.000317796277969
9.70094866281e-05
3.60052541913e-05
8.63412550221e-06
-3.39317313123e-05
-6.14021293265e-05
-5.78106816173e-05
-3.72194317304e-05
-2.79562981096e-05
-2.7052175463e-05
-7.7353605952e-06
-3.33703283056e-05
-3.80888660295e-05
-4.79214184462e-05
-5.52177175743e-05
-5.61036612376e-05
-3.51444164193e-05
-4.35885750617e-05
-3.48415439799e-05
-2.10793862335e-05
-1.63947954776e-05
-1.33966933886e-05
-1.34301554234e-05
-1.0798939361e-05
-8.21321283305e-06
-1.2327325964e-06
3.22229985317e-06
6.80468692353e-06
3.75038494571e-06
4.59846066524e-06
4.80741634968e-08
-5.37497351856e-07
-1.79762865632e-06
-6.08934414694e-07
-2.8453180036e-06
1.70024730418e-07
2.32605454433e-06
1.42879031291e-06
1.06560472884e-06
2.06949307639e-06
2.40273564778e-07
-1.91759854351e-06
-8.57755413043e-07
-1.78747658761e-06
0

# 0024_r1

0
0.0457675081839
0.0059177663145
0.000981336329973
0.000187140813961
3.57509323132e-05
1.53357445004e-05
2.59596226872e-06
-1.68586027446e-05
-2.8080761337e-05
-6.17781108676e-05
-2.70390875902e-05
-1.5589593045e-05
-3.16955902824e-05
-2.73575177981e-05
-2.30422210111e-05
-1.87757297687e-05
-3.35314656329e-07
-1.51701440838e-05
-2.19014560179e-05
-2.17501039042e-05
-3.92757071973e-05
-4.42468841648e-05
-4.41937224739e-05
-3.31134336571e-05
-2.48518419909e-05
-1.19869177084e-05
-1.06397937514e-05
-5.0220807979e-06
-6.75198624765e-06
-7.79803663659e-06
-6.83371300667e-06
-6.94052260955e-06
-9.86784242855e-06
-5.54480907748e-06
-3.80911073907e-06
-3.47188645747e-06
-2.91557323335e-06
2.91553913657e-07
1.59534254059e-06
-4.39736931167e-06
-2.56682698803e-06
-4.48675875645e-06
-5.57658521219e-06
-6.10099097948e-06
-3.8293368339e-06
-3.41109735198e-06
-2.04050679918e-06
0

# 0025_r1

0
0.0456896499919
0.00603627514114
0.00105342513418
0.000284446830693
5.34723652401e-05
-8.93518050162e-06
-2.42828594558e-05
-6.11284746345e-05
-4.2143926199e-05
-1.62286823371e-05
3.46872008353e-05
5.48207843679e-05
5.58187886298e-05
4.06332400367e-05
3.08917909867e-05
3.57545783054e-05
3.39464823768e-05
2.84648828546e-05
2.56570289123e-05
3.25196349305e-05
2.97411739479e-05
3.1332527688e-05
2.35060382341e-05
2.77020561896e-05
1.9670996513e-05
1.67504918747e-05
1.60177003307e-05
1.17919276363e-05
6.48229752483e-06
6.73959963991e-06
5.95503830144e-06
1.12262404279e-05
1.27134321195e-05
8.63626645372e-06
8.18094923468e-06
4.89355934058e-06
2.28034754326e-06
6.48781527879e-07
-4.40471706439e-06
-3.9626048068e-06
-7.32318109632e-06
-7.82540018374e-06
-1.13412815461e-05
-1.01153001217e-05
-7.91389406849e-06
-4.60128667549e-06
-1.89799607865e-06
0

# 0026_r1

0
0.0459320145515
0.0061366399121
0.0011335408049
0.000261669000998
4.70416410298e-05
3.27594118742e-05
2.4484388314e-05
2.27768607789e-05
6.83945144466e-05
8.13728629353e-05
6.89046225655e-05
6.01136522824e-05
6.60574494301e-05
8.76713275246e-05
6.28203180785e-05
4.73559362625e-05
4.02267957391e-05
3.23732258245e-05
2.66069312411e-05
7.72218648496e-06
-3.74991931121e-07
6.88592726932e-06
1.00431640212e-05
2.40777822054e-06
2.98189238614e-06
-1.86187981281e-06
-6.53675734687e-06
-6.75942147706e-06
-3.65388958994e-06
-1.3554440053e-07
3.28374715456e-06
-2.43505573486e-06
-3.59360557186e-06
-4.11701403324e-06
-4.97940502991e-06
-3.53532753951e-06
-7.633971208e-06
-8.13049606573e-06
-8.73472331317e-06
-8.24835223302e-06
-6.4327448103e-06
-4.99157156907e-06
-2.15096041262e-06
-4.13514926046e-06
-2.06441693936e-06
-1.88383977692e-06
-5.49258151744e-07
0

# 0027_r1

0
0.0457357195828
0.00590224558272
0.000917471180821
0.000106430691354
-8.18954436119e-05
-0.000103010073644
-0.000132064317716
-0.000137613141261
-0.000137527622098
-0.000157386278831
-0.000139806890857
-0.000105208989807
-0.00010398874577
-6.0353046013e-05
-4.43712171702e-05
-2.0558142684e-05
-7.13584510405e-06
-1.59022568204e-05
-2.05013208643e-05
-1.36781565682e-05
1.28731797247e-06
7.405736252e-06
5.39700629009e-06
2.05169316914e-05
2.73610889486e-05
2.65327637918e-05
2.192150475e-05
2.08012699222e-05
1.37769630761e-05
7.52419855189e-06
1.53725573281e-05
1.5854153733e-05
1.18889760669e-05
7.63531242007e-06
8.39484248611e-06
1.05794166322e-05
9.11358675654e-06
8.52729849344e-06
7.38139999675e-06
5.91897230584e-06
5.51587005822e-06
5.75924105997e-06
3.26191023456e-06
8.91445104616e-07
1.26712093613e-06
7.3182802923e-07
1.36129285305e-06
0

# 0028_r1

0
0.0457298691548
0.00592392138774
0.00100822820198
0.000232155234993
8.0100124446e-05
-9.51527479337e-06
-8.22567374614e-05
-5.15227403964e-05
-3.89942748773e-05
-3.14164305539e-05
-1.76219376919e-06
-2.12347671597e-06
4.60545300851e-06
7.02386338714e-06
1.16821930414e-05
1.33558304231e-06
6.28725627073e-06
1.44730194832e-05
5.59147141968e-06
-1.2203598731e-05
-2.07517482325e-06
1.82524512182e-05
1.78099139818e-05
1.16059591531e-05
2.87315396708e-06
-6.92653952105e-06
-9.59846433599e-06
-1.05492674037e-05
-5.89179169197e-06
-2.27236789255e-06
-1.50131495053e-06
-1.29259255002e-06
-1.51713789773e-06
3.16905620889e-06
1.89525850364e-06
6.10048228204e-06
8.97991072239e-06
6.60548960159e-06
2.17299522345e-06
4.90163073925e-06
5.6448333259e-06
3.89292276341e-06
1.34370575705e-06
2.35093813711e-06
2.55413189922e-06
2.60167678321e-06
1.66399988347e-06
0

# 0029_r1

0
0.0458521759893
0.00615514958104
0.00119500867614
0.000331686220814
0.000116695688878
6.96504507833e-05
0.000100431285203
6.84090522759e-05
7.20789857437e-05
4.19888627947e-05
3.26429249402e-05
1.74469979388e-05
2.66037470908e-05
-1.15219604938e-05
-3.19957975436e-05
-2.69060951209e-05
-1.72106083636e-05
1.94737019373e-06
6.11590061136e-06
1.7057238951e-05
1.80966340102e-05
1.93120113461e-05
2.19154962597e-05
1.07408032072e-05
1.39056763639e-05
1.04210042197e-05
1.16212356053e-05
2.20592730317e-05
2.44224658572e-05
2.11797350881e-05
2.05344307482e-05
1.49338521507e-05
1.45748313967e-05
1.5305127674e-05
1.53201329541e-05
1.44627019653e-05
9.66515155975e-06
7.78770861058e-06
7.59492206285e-06
4.13702706656e-06
3.63017227855e-06
4.71713602707e-06
2.12509246555e-06
3.13842813832e-06
4.65164825139e-06
3.04036122196e-06
3.31299747195e-06
0

# 0030_r1

0
0.0457776434725
0.0059134094028
0.000936541868984
0.000155779665416
6.97552962166e-06
-5.92980405645e-05
-3.74013417243e-05
-1.4550762312e-05
3.42348286375e-07
-1.78699431596e-05
-1.0530697549e-05
-5.48249847141e-07
-8.67100965496e-06
-2.59043952645e-05
-4.44164817931e-05
-4.18941183542e-05
-4.56679530096e-05
-4.5572678601e-05
-5.93965843167e-05
-4.79772116569e-05
-3.38391308711e-05
-2.86368099167e-05
-1.83041606388e-05
-1.16465971371e-05
-1.01313870386e-05
-1.72015303541e-05
-1.96366117649e-05
-1.38614044959e-05
-2.3139419378e-05
-1.82200280908e-05
-1.55726701543e-05
-1.40980896164e-05
-9.66503439286e-06
-8.88900421941e-06
-7.31744374518e-06
-8.26141720254e-06
-8.43186450946e-06
-3.88013469216e-06
-5.63549232535e-06
-9.63768643046e-06
-6.43775917131e-06
-5.5514101558e-06
-5.92237931312e-06
-5.52618799843e-06
-1.16676070149e-06
-3.02252357111e-08
5.06110002602e-07
0

# 0031_r1

0
0.0457420994737
0.00594278687049
0.00104816911046
0.000219669481069
6.56788021106e-05
7.12357927954e-05
1.38026376004e-05
4.45331234342e-05
2.90477466112e-05
-1.00381505425e-06
4.49272219514e-06
6.80074054976e-07
1.87185604208e-05
6.80057345282e-06
1.00514952675e-05
2.26102661262e-05
3.59985654109e-05
3.50172112844e-05
3.51625830534e-05
4.09080748995e-05
3.69932010931e-05
3.17300868432e-05
2.30152462567e-05
1.9521860127e-05
1.72518776177e-05
2.16996241636e-05
1.41551484655e-05
8.41890011239e-06
5.95308927677e-06
4.92746812986e-06
9.15060689383e-06
5.05804899818e-06
7.19978195846e-06
6.98295780487e-06
2.43006993356e-06
-5.87022211513e-07
-3.84321372167e-06
-6.62521448537e-06
-7.53541185047e-06
-4.80049888145e-06
-3.74331735415e-06
-1.6913068446e-06
-6.31384672442e-07
5.85125251977e-07
2.85897992433e-06
1.30731644911e-06
1.01584474803e-06
0

# 0032_r1

0
0.0459183651398
0.00614533937312
0.00115941405707
0.000306812653986
0.000133519453454
6.74657449496e-05
1.60768869395e-05
-2.73102363508e-08
-1.80897353955e-05
-3.87576783118e-05
-3.43125093601e-05
-3.74343306115e-05
-3.90049379416e-05
-3.80649341475e-05
-3.96738860378e-05
-3.10659053329e-05
-3.38878417864e-05
-2.44919262286e-05
-9.98936437825e-06
-1.64707948228e-05
-8.99449487762e-06
-1.32057265614e-05
-1.31757956833e-05
-6.02079881475e-06
-8.94176987486e-06
-3.31223749746e-07
2.35031056664e-06
7.16237905731e-06
7.20833636533e-06
3.73812897335e-06
9.10831720943e-06
6.62943276587e-06
9.94001131121e-06
6.8036526914e-06
6.48408446927e-06
8.10564510521e-06
2.35667842744e-06
2.09166275652e-06
2.42272047195e-06
1.86508818625e-06
1.65506715401e-06
5.03151027843e-07
-5.1206786215e-07
-1.93075896786e-06
-8.04670951273e-07
-1.34729778541e-06
-9.12703102964e-08
0

# 0033_r1

0
0.0459526574886
0.00612132966343
0.00111523285083
0.000328091856739
0.000147427043675
8.64375573676e-05
6.25333394092e-05
3.9404935206e-05
3.12827573956e-05
-3.89089769501e-06
-1.8053384493e-05
-1.44837663073e-05
-2.56052513696e-05
-4.50035728393e-05
-2.2866668971e-05
-1.55553203605e-05
-7.50741838336e-06
-4.82690924095e-06
1.18291910027e-05
7.53948676805e-06
-3.27490067726e-07
-5.222308644e-06
-1.38694041015e-05
-6.75573729007e-06
1.85024565542e-06
-6.45223040177e-07
4.861496203e-06
2.67879922745e-07
-2.73421841681e-06
-4.38882930818e-06
-1.29953363491e-07
4.2032120632e-06
3.96676792571e-06
-2.40086829787e-06
6.13203288729e-08
-2.19666586108e-06
-3.61650196731e-06
-4.62882667922e-06
-5.76967909886e-06
-8.18563831472e-06
-8.08844972909e-06
-7.43197758168e-06
-7.07566517502e-06
-4.62350499044e-06
-4.58220033536e-06
-3.00657773074e-06
-2.58014281705e-06
0

# 0034_r1

0
0.0458123304325
0.00599352056378
0.000970764062407
0.000155084123098
-3.51430289724e-05
-6.98454176069e-05
-6.76356581083e-05
-3.98840391862e-05
-4.47093605359e-05
-3.06180712178e-05
5.25807934719e-06
-8.98601008186e-06
-2.64514638319e-05
-3.41867736029e-05
-4.63331048732e-05
-6.44814442615e-05
-3.84985249338e-05
-3.64548900175e-05
-1.75438027938e-05
-2.35849248276e-05
-1.59042721376e-05
-1.288664461e-05
-1.54719256294e-05
-1.85201175818e-05
-1.92195968309e-05
-1.8508393431e-05
-1.04183005757e-05
-9.99224170734e-06
-1.34621444815e-05
-1.0680776762e-05
-7.65915631398e-06
-7.76726687944e-06
-9.32831659593e-06
-8.16452200307e-06
-8.96037827646e-06
-7.20517481274e-06
-2.26552134087e-06
2.41960247619e-06
3.45092206869e-06
4.34535334141e-06
8.78927055744e-07
-2.11096785512e-06
-1.65413839941e-06
-2.42289735257e-06
-2.37632604665e-06
8.40620350198e-07
2.14672998128e-07
0

# 0035_r1

0
0.0456797863535
0.00596176103353
0.000970980147549
0.000103634965949
-4.70219108377e-06
-5.1990042138e-05
-6.15280902544e-05
-0.000136834725513
-0.00016027308021
-0.000169399321736
-0.000174239599486
-0.000174508316033
-0.000124939715203
-0.000102241039973
-5.91809882502e-05
-4.51263184924e-05
-3.02549005007e-05
-2.29587295707e-05
-2.57768207619e-05
-1.66088853977e-05
3.89862758855e-06
-1.70713284427e-06
-3.81257860819e-06
-4.2707461738e-06
1.12129168977e-07
-8.69716426571e-06
-1.22106759229e-05
-1.38077123963e-05
-1.42274629213e-05
-1.83040655548e-05
-1.79258170462e-05
-1.79194359141e-05
-1.06236731604e-05
-1.61519135689e-06
-2.86286191173e-07
-3.27238702304e-06
-7.19541319175e-06
-7.69435180286e-06
-7.24449122691e-06
-7.9094159164e-06
-6.54726936184e-06
-4.49600263188e-06
-2.9201921565e-06
-2.68918661213e-06
1.29853165524e-06
2.64258204324e-06
1.92654086994e-06
0

# 0036_r1

0
0.0457762103712
0.00594921973337
0.00099747600679
0.000190695346919
-3.82819699709e-06
2.50980106278e-05
-7.1137899308e-06
-3.3188717869e-05
-3.06483104209e-05
-2.11868880331e-05
5.10360586702e-06
-1.19753067474e-05
1.95781046953e-06
-1.6188761826e-07
-5.07117730131e-06
-9.43399103317e-06
-1.62741088049e-05
-5.74806520462e-06
-1.48086806898e-05
-9.0769487997e-06
-1.60677725578e-05
-8.86205412751e-06
-5.14471584263e-06
-4.21019644844e-06
-3.76625098214e-07
-8.39391820281e-06
-3.13121354036e-06
-1.79120082918e-07
2.51208350568e-06
2.98908207359e-06
3.15515943934e-06
-1.66404151566e-06
-8.92610162638e-06
-9.38815658877e-06
-3.55787207507e-06
-3.34191692814e-06
-1.99967888324e-06
-8.3327279435e-07
2.81633471993e-06
1.09247363115e-06
1.71907824306e-06
4.23262095164e-07
-1.69337754246e-06
2.53660646827e-07
-3.00259068969e-06
-3.64739596908e-06
-2.23547456208e-06
0

# 0037_r1

0
0.0457227221112
0.00603444546643
0.00093268080027
9.6347749769e-05
-0.000103189032743
-0.00016046087561
-0.000164170502221
-0.00014832342161
-0.00019393145042
-0.000150382172433
-0.000114657316122
-9.02818281996e-05
-8.40906960469e-05
-8.21277617789e-05
-6.37318183036e-05
-5.31259120812e-05
-2.74946841377e-05
-2.96710381101e-05
-2.85243735459e-05
-1.71456242449e-05
-1.55114814211e-05
-1.36447721156e-05
-1.64121188479e-05
-7.73734771555e-06
-1.75180494974e-05
-2.33185903923e-05
-2.10029166303e-05
-1.41377501042e-05
-9.81448235582e-06
-5.76217323753e-06
1.02346496623e-07
-1.2175809092e-06
-7.84577756364e-06
-6.97822982694e-06
-2.07226196272e-06
1.92029433994e-06
3.49358264701e-06
2.71357642098e-06
2.57439600987e-06
4.69179434034e-08
-1.48012093753e-07
4.33401010117e-07
-7.22105224801e-07
8.82147136159e-07
-7.74335824131e-07
-1.01776617698e-06
-6.37044895326e-07
0

# 0038_r1

0
0.0458531696174
0.00607182002712
0.00106339072286
0.00027189821486
9.557857606e-05
6.11823425092e-05
5.80554107795e-05
9.09283950042e-05
5.75589760409e-05
8.52136445836e-05
7.96122733977e-05
4.91432721657e-05
3.61366544569e-05
7.69184624807e-06
-4.15896096579e-06
-3.05922115798e-06
-1.65428966018e-05
-2.06970563565e-05
-1.66637054569e-05
-2.32026977217e-05
-3.35112308251e-06
-8.71846348039e-06
-6.18789371711e-06
-1.09045627369e-05
-1.07380129957e-05
-1.51397595003e-05
-1.0719067066e-05
-3.59855607471e-07
9.01200088056e-07
-5.71651297325e-06
-7.61683067562e-06
-8.41439333209e-06
-5.71442673489e-06
1.7909463285e-06
1.72674842052e-06
2.59347588987e-06
1.90667318334e-06
2.29717599063e-06
3.55167630311e-06
2.95001511985e-06
4.9765903922e-06
6.92743544053e-06
5.53305086826e-06
5.64139154356e-06
1.76146376557e-06
-1.69705364942e-06
-6.90054504038e-07
0

# 0039_r1

0
0.045749041771
0.0060351749693
0.00113527350752
0.000255704825364
6.02741910903e-05
2.19933101026e-05
5.92814595469e-06
1.47195120488e-05
2.73436460102e-05
3.83798196876e-06
-2.50306233007e-05
-1.3239110158e-05
-2.81943856775e-07
2.16614079078e-06
4.47863979731e-06
-6.26499043679e-06
-1.36492816602e-05
-9.63094182006e-06
-1.15052023228e-05
-1.23844294356e-05
-8.69685358386e-06
-8.67537007269e-07
-7.15868021231e-06
-7.75551716367e-06
-2.50468574034e-06
-4.62108162591e-06
-8.26837212958e-06
-4.11581251496e-06
-1.39746898694e-06
-7.96423688769e-07
-5.77376038314e-07
-5.03900102758e-06
-6.51421594849e-06
-4.83875608168e-06
-1.83938433816e-06
-2.57088402397e-06
-9.36249248452e-07
-2.54355729363e-06
-4.92337526718e-06
-3.38728983528e-06
-5.30226104942e-06
-7.10555301805e-06
-5.94366815927e-06
-5.87965367266e-06
-7.68892004745e-06
-4.55391685411e-06
-3.20304540748e-06
0

# 0040_r1

0
0.0458429851451
0.00608257570954
0.00114094142654
0.000287768835039
8.50724559588e-05
5.58001551256e-06
-1.43750713249e-05
8.44824189521e-06
3.31459189975e-05
1.31738869423e-05
-1.35208117203e-05
-3.99735518641e-05
-2.6421689756e-05
-1.51865785644e-05
1.21317218856e-06
4.28340660716e-06
-9.6049316033e-06
1.11914960534e-05
2.76863887233e-06
1.29446201459e-05
1.64980295491e-05
1.11908183775e-05
6.85803356468e-06
7.82193534545e-07
-3.86947458182e-06
-8.99302886507e-06
-1.68622760007e-06
-4.76840691598e-06
-1.78197806598e-06
-5.49939781391e-06
-5.33703084577e-06
-7.92108681125e-06
-5.9482279546e-06
-6.06012810463e-06
-8.80743815061e-06
-5.44305366058e-06
-5.10258775228e-06
-1.50724349433e-07
-3.62507356957e-06
-1.29500388163e-06
-4.2335607022e-07
7.61293354166e-07
1.72855882456e-06
4.07435154296e-07
-1.23974268444e-06
-1.94689303106e-06
-1.19873026446e-06
0

# 0041_r1

0
0.0456501477158
0.00584395832234
0.00092053803702
5.9686442081e-05
-0.00014196913517
-9.93086485324e-05
-0.000109443030296
-9.9727801198e-05
-9.17118452708e-05
-7.25441033362e-05
-7.7860993528e-05
-7.93084448467e-05
-7.35215167582e-05
-6.95230607821e-05
-6.1216252374e-05
-5.47249498869e-05
-6.33508656426e-05
-7.37587898578e-05
-6.09382483015e-05
-4.81441244045e-05
-1.98058597142e-05
-2.06778096598e-05
-1.96930801654e-05
-2.21246787451e-05
-2.23373413407e-05
-2.00524911426e-05
-1.76962958923e-05
-2.06694708216e-05
-2.27332500079e-05
-2.36044954723e-05
-1.33857552002e-05
-1.24124786934e-05
-9.84648325678e-06
-7.78149080228e-06
-1.12796450884e-05
-1.388906259e-05
-1.51723224788e-05
-1.51845195698e-05
-1.16493089453e-05
-1.2077447026e-05
-9.70320315303e-06
-8.6517227331e-06
-6.70767831098e-06
-4.09853418184e-06
-4.84551427135e-06
-1.87641851202e-06
-2.15897042838e-06
0

# 0042_r1

0
0.0457916348215
0.00595971140928
0.000993173283195
0.000171777137606
-2.31579657877e-06
-4.71792173275e-06
-9.54616022162e-07
-1.45516752212e-05
-1.13261848158e-05
-4.74618335546e-05
-2.67961223766e-05
-1.81962809171e-05
-2.3874082919e-05
-1.96081091066e-05
-1.3303825576e-05
-2.84837270376e-05
-2.62701240831e-05
-2.91826483808e-05
-1.85466133703e-05
-2.91544337183e-05
-3.4638232395e-05
-3.55165238885e-05
-2.42822866711e-05
-1.88180873218e-05
-6.46302942485e-06
-4.66911976834e-06
4.7725497741e-06
-1.76077209717e-06
-2.42137764828e-06
-4.70808973996e-06
-3.03681737913e-06
-2.47971563134e-06
-2.91687425438e-06
-3.43968437728e-06
-4.84643490816e-06
-7.84195716318e-06
-5.09301769942e-06
-2.53992647705e-06
-2.29107706574e-06
6.24158640344e-07
2.70494871614e-06
3.56470764837e-07
-2.49797149465e-08
-1.63634806369e-06
4.79251705246e-07
-2.02112808962e-06
1.8107720187e-07
0

# 0043_r1

0
0.0458435704506
0.00608138741478
0.00111963166737
0.000223834218392
6.06185551042e-05
6.3631197298e-06
9.94110712356e-06
2.23834686011e-05
-1.3798350968e-05
-3.20208740798e-05
-1.32650618186e-05
-3.4557405025e-05
-3.34169146808e-05
-1.47874556258e-05
6.69930012725e-06
1.53565658531e-06
1.34226137252e-05
1.58041704351e-05
1.35196116434e-05
1.18471987238e-05
2.07615082183e-05
1.02755519343e-05
1.03845342887e-05
6.56856663127e-06
5.44429157155e-06
-7.14402730575e-06
-1.33406234014e-05
-9.2546114829e-06
-1.64878681788e-05
-9.91090121917e-06
-1.34778885968e-05
-1.09379882875e-05
-9.46128706453e-06
-5.0397503053e-06
-3.89672588817e-06
-2.58703823893e-06
3.5542937749e-06
4.03302698277e-06
2.79990189416e-06
1.14929310245e-06
2.16187711592e-06
-1.91585736581e-06
-2.14493381018e-06
-6.39887415421e-07
-2.52748911194e-06
-4.93378960626e-07
-2.21750583061e-06
0

# 0044_r1

0
0.0458186149694
0.00610244840397
0.00117657035448
0.000404360493069
0.000271209771578
0.00020642740668
0.000167238546694
0.000162594511397
0.000134031415171
0.000128871942682
0.000117919399045
0.000121611750255
0.000115505568082
6.57097559491e-05
5.2604118101e-05
5.49741502233e-05
4.54010194981e-05
2.52237485516e-05
8.35307352452e-06
-2.61484638505e-07
-1.53606727104e-05
-1.91446072504e-05
-5.07171045318e-06
-3.86694687036e-06
2.34462657964e-06
-6.51992752157e-06
-1.37862030841e-05
-8.30758055428e-06
-8.93074104788e-06
-7.82736245962e-06
-4.17158803453e-06
7.36698171965e-07
-1.32653810261e-06
-1.71538631184e-06
-4.33861281431e-06
-3.58492568439e-07
-1.4029086301e-06
-1.28382407093e-06
1.77558798966e-06
3.44612949405e-06
2.85419740653e-06
-4.44254745789e-07
2.5132335806e-06
-9.78658417386e-07
-1.16595222967e-06
-2.16253247535e-06
-2.23566344276e-06
0

# 0045_r1

0
0.0458223033459
0.00612778014058
0.00113985052348
0.000308594295249
0.000140803329438
5.49108323891e-05
-6.89718289616e-06
8.07134327169e-06
9.6999827419e-06
2.1070220943e-05
9.96993154943e-06
8.19206235538e-06
4.83310995845e-06
2.54529571843e-06
-6.13027214597e-06
-2.01866531529e-05
-8.54486667074e-06
-6.03208745913e-07
1.03173299391e-05
1.93374463307e-06
-4.36826229124e-07
-1.5211101864e-05
-1.46570552676e-05
-1.63140339393e-05
-2.11875809208e-05
-2.17437179846e-05
-2.48799638705e-05
-2.48181734616e-05
-2.62259886325e-05
-2.6869930072e-05
-2.76008602554e-05
-2.38117217047e-05
-2.14996197274e-05
-1.56528914866e-05
-1.31781543865e-05
-1.40993843284e-05
-9.64476931031e-06
-1.08567499618e-05
-1.24921073017e-05
-8.66610027235e-06
-6.60569857171e-06
-5.67386458342e-06
-3.9376694153e-06
-3.73971302506e-06
-1.95475314875e-06
-1.88623237603e-06
1.12990680004e-06
0

# 0046_r1

0
0.0457329467025
0.00593584939897
0.00102750956384
0.000217341299937
4.44822192222e-05
-1.21945550787e-05
-6.06072512688e-05
-3.55582284146e-05
8.73865300272e-06
-7.11868788797e-07
-2.72524120178e-05
-2.86511572925e-05
-1.3036149753e-05
-2.74005672339e-05
-1.23444760963e-05
3.84981643848e-06
-7.56010249251e-09
5.23351021266e-06
3.33119800123e-06
-8.26862134598e-06
-9.65887539708e-07
-1.44720566698e-06
-7.05705025251e-07
1.64099479097e-06
-1.4206321996e-06
-4.75451393263e-06
-9.1569745849e-06
-6.45278569646e-06
-9.0268281459e-06
-9.49522515704e-06
-1.28949078183e-05
-8.95399514594e-06
-9.05216320281e-06
-7.08758147841e-06
-1.60993304181e-06
1.20397575417e-07
-3.23138026598e-07
-1.05302602968e-06
3.21300359084e-07
3.55483775889e-06
1.87507015856e-06
2.10087167957e-06
-3.25455551051e-07
1.75261579207e-06
2.11385898291e-06
1.12141888961e-06
-1.14201646237e-06
0

# 0047_r1

0
0.0457889387488
0.00607943823919
0.00102164246653
0.000171202794308
-4.63568070645e-05
-8.62054492566e-05
-5.06673344215e-05
-7.46045299631e-05
-5.70536338751e-05
-4.00845348717e-05
-1.10753714666e-05
-3.56328843915e-05
-1.9300826909e-05
-2.35325372095e-05
-6.89359517031e-06
-1.21033429386e-05
-1.35421050413e-05
-9.05305795846e-06
1.49757324315e-05
1.93089504866e-05
1.52396543137e-05
8.5795312568e-06
4.45008709664e-06
-2.70566190638e-06
-1.31609778679e-05
-2.11052218991e-05
-2.09766223721e-05
-1.80613953957e-05
-1.57516842317e-05
-9.40087688182e-06
-5.40034064958e-06
-7.28211887416e-06
-2.57676741119e-06
5.00416361105e-07
-3.69775032084e-07
-1.67320174615e-06
1.77378012976e-06
2.88849792986e-06
2.917350312e-06
5.42364038837e-07
-1.203775358e-06
5.3346725536e-07
8.96779856159e-07
-1.42618385862e-07
5.47839977334e-07
1.91030385502e-07
4.37968719958e-07
0

# 0048_r1

0
0.0454621910678
0.00580243742852
0.000843379482187
3.09615217105e-05
-9.12032492234e-05
-0.000114347218177
-0.000104255784742
-9.430827111e-05
-0.000104338421567
-0.000108825928851
-9.45412547258e-05
-0.000107283097112
-9.26115409157e-05
-6.75095886354e-05
-4.40292722086e-05
-3.90741854404e-05
-2.44029949208e-05
-2.10193607832e-05
-1.96944667535e-05
-1.47660699542e-05
-9.80202186426e-06
-7.18090169068e-06
-5.72950306537e-06
-1.2133507608e-05
-1.22000148805e-05
-6.75057101053e-06
-8.33303747707e-06
-1.52055611359e-05
-1.48905699301e-05
-1.53940651604e-05
-1.29240537725e-05
-1.53251073691e-05
-1.01460755401e-05
-1.45295519208e-05
-1.40072660351e-05
-9.41539856161e-06
-7.2456172106e-06
-1.23735421437e-05
-1.2163208769e-05
-1.23297762243e-05
-1.38649471378e-05
-1.39407622393e-05
-1.03982575145e-05
-5.95340115598e-06
-3.7370617608e-06
-4.20331490435e-06
-1.49471013348e-06
0

# 0049_r1

0
0.0458566915064
0.00621631797771
0.00116257140916
0.00035097952666
8.88273531843e-05
6.44040449077e-05
5.44963627679e-05
-1.55057033044e-06
-7.08527028687e-07
1.35039889518e-05
6.97908826848e-06
-2.55162234579e-05
-2.0786414746e-05
4.78951810529e-06
2.3058313757e-05
1.68937301538e-05
-3.07357536639e-07
3.0111562049e-06
9.36446376236e-06
-8.56958194827e-07
1.2467687382e-05
3.06162944414e-07
1.74247249823e-06
3.25382155645e-06
2.20823269183e-07
3.87783637327e-06
2.26733920758e-06
-3.31960080017e-06
-1.24098954961e-05
-8.62449043845e-06
-7.43545652209e-06
-4.21901799032e-06
-4.46238110845e-06
-4.92028594639e-06
-8.83524366861e-06
-1.03382500217e-05
-6.67494709793e-06
-4.24891377037e-06
-3.28470898438e-06
-5.89804268288e-06
-4.72229254884e-06
-3.74964180088e-06
-7.8436542583e-07
1.21376272369e-06
-1.09462833823e-06
9.02113036038e-07
2.3533114329e-06
0

# 0050_r1

0
0.0460794039355
0.00622536317165
0.00121905713101
0.000375694724711
0.0001832720891
0.00012302888036
0.00010519519765
9.77376176642e-05
0.000125799171257
0.000124396844909
0.000120421210294
0.000116054379269
0.000108472398093
8.54895353372e-05
9.2063706975e-05
8.55828802093e-05
7.66580009335e-05
5.95013445768e-05
4.60244715247e-05
5.69831212765e-05
4.94849165103e-05
5.661545632e-05
5.9973810699e-05
6.00170029563e-05
4.98491145274e-05
3.97004108531e-05
4.30144773913e-05
3.54442203419e-05
3.40816560033e-05
3.70808128737e-05
3.28803819711e-05
3.26275560827e-05
2.60979921725e-05
2.82077556391e-05
2.46766179626e-05
2.04342243712e-05
1.77749742952e-05
1.42991254302e-05
1.50622484896e-05
1.47860340026e-05
1.27075095626e-05
9.64699006465e-06
7.32562688134e-06
6.15060010931e-06
3.23381118521e-06
2.03939096331e-06
2.30672688586e-06
0

# 0051_r1

0
0.0461657698657
0.00623458504707
0.0013179643297
0.000451266476546
0.000203230545432
0.000212265082985
0.000213494315456
0.000257129119734
0.000208192099431
0.000197815419014
0.000180986372459
0.000148466245145
0.000112071384045
0.000105790557877
0.000117092314375
8.47188725371e-05
7.88588431155e-05
8.47421384096e-05
7.95080839898e-05
5.65416396823e-05
4.85460893685e-05
5.46527594553e-05
5.37453832595e-05
5.94775779333e-05
5.44632960226e-05
3.98303435297e-05
4.66467733178e-05
4.1701238554e-05
4.17277840015e-05
4.59708763803e-05
4.03178751445e-05
3.38685882001e-05
2.55097943683e-05
2.22858217352e-05
1.11971526287e-05
7.52606840089e-06
5.73205756254e-06
4.99320075367e-06
3.53405340387e-06
5.05742990024e-06
7.42423656039e-07
-8.63189455223e-08
4.35454022444e-06
3.22832340959e-06
3.60771664289e-06
2.36415532787e-06
-2.88363035773e-07
0

# 0052_r1

0
0.0462568667321
0.00640749432948
0.00138499612944
0.000478398356099
0.000329322359061
0.000264840001594
0.000185669076444
0.000178713424535
0.000172756141633
0.000173024610076
0.000162185505896
0.00011676733996
0.000130083480765
0.000148528627414
0.000126208333561
0.000113692053062
9.80899075342e-05
8.69352383762e-05
6.95790771307e-05
4.55290868235e-05
5.52173384041e-05
3.76543118986e-05
4.91568899317e-05
3.76323014128e-05
4.3581855507e-05
3.80165983595e-05
3.48435981839e-05
2.69966357549e-05
2.27053846e-05
2.25348704681e-05
1.83227556608e-05
1.32051572998e-05
8.2032847775e-06
3.73401588117e-06
3.6121361178e-06
4.95908003118e-06
-2.92489638301e-10
-5.41613864224e-07
3.83509831751e-07
2.46668781517e-06
1.53135112084e-06
3.2988801138e-06
7.25256090336e-07
2.28390370247e-06
5.54884543429e-07
1.53672573478e-06
-5.85711913931e-07
0

# 0053_r1

0
0.0459008326826
0.00613890338408
0.00107711400258
0.000311259967032
0.000120420565532
9.11620989717e-05
6.87892440236e-05
4.23950133909e-05
5.71280245146e-05
7.76437938795e-05
7.8346257806e-05
8.80054996541e-05
8.44210950205e-05
6.55202831478e-05
5.05627759909e-05
4.98582398611e-05
4.85587130072e-05
4.87652556308e-05
3.85658267118e-05
4.08898508685e-05
4.17954934216e-05
3.45745056503e-05
2.9415418205e-05
1.49476741127e-05
1.05103105798e-05
3.89059245154e-06
7.3011851478e-06
6.09013396634e-06
1.173711738e-05
1.53680932032e-05
1.41351890273e-05
2.0547378134e-05
1.73408536255e-05
1.65207321982e-05
1.34613438119e-05
1.55432037562e-05
1.33806496661e-05
1.02549523976e-05
9.70347651114e-06
1.01251165268e-05
1.02603056073e-05
7.9634166554e-06
4.21203035014e-06
4.21896923938e-06
1.30604809938e-06
1.04556060009e-06
2.01106542747e-06
0

# 0054_r1

0
0.0462919737284
0.00635553311034
0.00135659503648
0.000486722462299
0.000264881478007
0.000200960575467
0.000200172463497
0.000225822664702
0.000220325557314
0.000236940818317
0.000222383274414
0.000185267460703
0.000151324922428
0.00011464657605
0.000102201912463
9.52732311689e-05
6.707702125e-05
6.97616196535e-05
4.80067588409e-05
6.04007281192e-05
5.73082313271e-05
5.58766888772e-05
4.49248571186e-05
3.07332664075e-05
2.40471650811e-05
7.29459354308e-06
-3.00391792928e-06
-1.95115909396e-06
-5.91333546483e-06
-2.87031462693e-06
-2.33030879029e-06
-4.72766356005e-06
-1.48312437266e-06
-3.37949068824e-07
-2.21548149353e-06
8.84689497178e-07
9.7999338793e-07
-2.8789264664e-06
-7.69029334855e-07
1.18197984242e-06
-1.93665920819e-06
-9.47995135524e-07
1.79341687342e-06
2.9431853376e-06
2.91218067308e-06
3.31924986844e-06
1.61374099452e-07
0

# 0055_r1

0
0.0459870721806
0.00614994156502
0.00117619023028
0.000295637273558
0.00010614336615
5.32941253227e-05
2.26976472744e-05
1.04513071129e-05
1.51754427009e-05
5.54214617426e-05
4.81474744427e-05
5.30557038193e-05
4.38332904931e-05
3.46578117724e-05
9.36635302511e-06
-1.18583632172e-05
3.69240352504e-06
2.73506572122e-05
1.77476450376e-05
1.80642134515e-05
2.88522204173e-05
2.53343299521e-05
1.43780279002e-05
2.91310780872e-06
3.17520312823e-06
-8.11940362728e-06
-1.33309366873e-05
-1.49939704079e-05
-7.37788769444e-06
-9.75436848297e-06
-5.57560881715e-06
-4.21781205301e-06
-2.9745331365e-06
-1.29758547177e-06
-3.3654760797e-06
-6.359908114e-06
-4.93486412626e-06
-2.4401378993e-06
-3.79645209888e-06
-5.65535260925e-06
-3.86360678282e-06
-2.46778442527e-06
-3.3863558149e-07
-1.38305582e-06
-1.28545278651e-06
4.12607288518e-08
-8.85355279488e-07
0

# 0056_r1

0
0.0460643865004
0.00620955399165
0.00123451593641
0.000393085118604
0.000138115113894
8.20739505393e-05
8.91557426151e-05
6.31148361046e-05
6.49907042622e-05
1.9252784245e-05
2.57877385796e-05
1.25756294393e-05
2.63550921773e-05
-6.53286122379e-06
-3.37518660894e-05
-2.76535128316e-05
-3.31309992598e-05
-2.37383207302e-05
-1.39623761349e-05
-4.83014502483e-06
-5.12709659141e-06
-8.44645354591e-07
-1.88857992998e-06
-5.74933679624e-06
-1.29521817988e-06
8.44594319553e-06
1.1184027591e-05
6.92225498166e-06
1.07709415674e-05
6.07430496559e-06
3.49355741505e-06
8.31576201135e-06
1.20005278854e-05
1.23324375386e-05
7.67129183554e-06
1.04633486976e-05
8.95463405543e-06
7.34757299164e-06
6.97964488212e-06
5.85841716228e-06
6.03521080987e-06
5.6526832304e-06
4.33479128077e-06
5.94555787179e-06
3.08797453427e-06
3.12652105507e-06
4.61445447148e-07
0

# 0057_r1

0
0.0457029730821
0.00594539803437
0.000983149127036
0.000150164538187
1.83351925659e-05
4.43200517899e-07
-7.56118647317e-06
7.12912858435e-06
-1.38782966761e-05
-1.44018731691e-05
5.17313386573e-06
-4.99047094049e-06
-2.05584008457e-05
-4.95218175635e-05
-5.69716357107e-05
-2.31378194726e-05
-1.76343729677e-05
-3.39827611763e-05
-3.1958476578e-05
-2.88345021466e-05
-2.7839973992e-05
-1.89014729323e-05
-7.95935394007e-06
-9.60679665956e-06
-1.09271345338e-05
1.29934231075e-06
-2.60866612806e-07
1.60543907295e-06
4.77471124498e-06
1.89619616563e-06
1.46319958601e-06
1.28802205426e-06
-2.28416910542e-06
-1.21845254286e-06
-4.50061104391e-06
-5.49817803592e-06
-4.0823450982e-06
-1.70735061472e-06
-5.9086124038e-06
-6.58240693486e-06
-4.67944079788e-06
-7.25810420344e-06
-7.66441158561e-06
-5.24471511769e-06
-2.72676122942e-06
-1.63172109998e-06
3.89872475391e-07
0

# 0058_r1

0
0.0458981513151
0.00597914381067
0.000999742948334
0.000169268062287
-4.57804733907e-05
-9.31984017294e-05
-0.000117770638272
-5.82369782911e-05
-7.42962350092e-05
-7.34720971109e-05
-4.41457359728e-05
-2.15455548336e-05
-2.043979274e-05
1.47576042237e-05
1.57113806811e-05
2.8695060446e-05
2.30349780183e-05
1.9170743902e-05
2.17632011907e-05
6.41420058765e-06
-1.14569558606e-05
-2.15954717662e-05
-2.98673565163e-05
-2.82921011373e-05
-3.24033062989e-05
-3.46497258978e-05
-2.9916006985e-05
-2.4218767253e-05
-3.1425853864e-05
-3.19428677014e-05
-2.75556606993e-05
-1.65499743592e-05
-1.08625945791e-05
-5.53768142007e-06
-6.74005106091e-06
-1.19472581224e-05
-1.25351676925e-05
-1.18035418121e-05
-1.23227014454e-05
-1.08021049353e-05
-1.19323071913e-05
-9.15448018619e-06
-7.55746270749e-06
-6.70994638445e-06
-2.45584758704e-06
-3.78302110115e-07
-4.59042131765e-07
0

# 0059_r1

0
0.0457862031752
0.00600342057358
0.00100194706764
0.000153788489942
-5.04106912487e-05
-4.80327949881e-05
-2.33528596706e-05
-3.60890749309e-05
-4.12361392233e-05
-2.16729003641e-05
-3.60136594169e-05
-2.08654286988e-05
-2.71408825336e-06
1.09366102252e-05
1.76991397993e-05
-5.22964042157e-06
8.50484067677e-06
6.44800527095e-06
1.03678191151e-05
1.06386601665e-05
8.99302829158e-06
1.6795675412e-05
1.94625858937e-05
1.86903405021e-05
2.16423169302e-05
1.68793739465e-05
3.33972273074e-06
3.020345619e-06
7.58031186404e-06
1.02497073529e-05
1.01187511527e-05
3.91504132384e-06
2.49312219077e-06
2.62580330946e-06
1.65920640869e-06
2.95210252596e-06
1.04544709186e-06
1.6182500959e-06
-3.50795515891e-06
-4.0587197522e-07
-2.74972677409e-06
-4.85290350151e-06
-1.92561932394e-06
6.46903496141e-07
1.53347203686e-06
1.71717999973e-06
1.43288974127e-06
0

# 0060_r1

0
0.0458336439148
0.00612416751499
0.00102183686435
0.000237184638625
9.24299812687e-06
-3.93542546947e-05
-9.38142173775e-05
-0.000110153447875
-6.84001729356e-05
-5.20237411002e-05
-1.50282505791e-05
8.63519808736e-06
1.82814109412e-06
4.8004145531e-06
1.0885305537e-05
5.03638331741e-07
1.56750767119e-05
1.45318174444e-05
1.47573739459e-05
1.60890125998e-05
1.74870901674e-05
3.04915949848e-05
1.86841102953e-05
9.11253232196e-06
7.10922838572e-06
1.12267551378e-05
2.853883291e-06
4.66502932011e-06
1.49613911929e-06
-5.86877250807e-06
-1.05933683505e-05
-1.24245699568e-05
-1.31517737234e-05
-8.04183997686e-06
-4.01229984077e-06
1.14821399694e-06
3.79638786446e-07
4.03085902791e-07
-2.77092312982e-06
-3.56220933201e-06
-1.35082401819e-06
-1.0247392799e-06
-5.71061398489e-07
8.03300053989e-08
1.31028864257e-06
6.03418818236e-07
-1.73861539865e-07
0

# 0061_r1

0
0.0460848658641
0.00615540943113
0.00105955777523
0.00023012761666
2.4647811084e-05
7.29358940775e-06
-6.50427283693e-05
-2.60804596077e-05
-1.74668678064e-05
-1.26450360426e-05
-3.02770700052e-06
2.96879919356e-05
3.17073457613e-05
4.13762642025e-05
2.45909315032e-05
3.06874389705e-05
1.26019153049e-05
-2.93106687767e-06
7.37738262913e-06
2.69659462442e-07
4.40553660347e-06
5.59709277875e-08
-2.42115555076e-06
3.17651823354e-06
8.13905516387e-06
7.5803205934e-06
1.09389992846e-05
1.01350792881e-05
1.32475470617e-05
9.92399651043e-06
9.82129804218e-06
7.51664538024e-06
6.55606410643e-06
5.10028222748e-06
8.02503671175e-06
9.6347406547e-06
5.37451351863e-06
-1.87337547456e-06
-2.41330797747e-06
-2.26955712538e-06
-2.67669608254e-06
-2.71939074261e-06
-2.4583142837e-06
-4.07995421274e-07
1.20687173139e-06
9.58656380438e-07
8.51638708279e-07
0

# 0062_r1

0
0.0460437364358
0.00612286300813
0.00109987400614
0.000186154955244
2.65064359945e-05
-1.67967861041e-06
-8.40153171521e-06
1.34261370088e-05
1.75355365227e-05
4.29309334466e-05
6.04939058087e-05
5.8938470613e-05
2.76617812112e-05
3.09406700136e-05
3.10819538434e-05
2.80910133484e-05
1.44048026122e-05
2.9887046613e-05
3.37016527137e-05
2.94394616462e-05
3.45252208933e-05
3.20066118778e-05
1.41553313428e-05
8.68529411899e-06
5.9226027028e-06
1.07063203042e-05
1.38144895267e-05
1.07254141766e-05
4.05741597678e-07
-2.12380953738e-06
2.2139394339e-06
-9.19667747564e-07
1.59769295242e-06
4.87525027337e-06
-4.60048098808e-07
-1.80986891622e-07
-2.56207920464e-06
1.17518335864e-06
2.82648943057e-06
8.96438869614e-07
-1.03865945161e-06
-2.07683186655e-06
-5.92025815492e-07
-1.5718295806e-07
-7.96733063914e-07
-2.2939710056e-06
-2.07945118059e-06
0

# 0063_r1

0
0.0458679991527
0.00603017741751
0.000978779843199
0.000148679821763
-8.22005361332e-05
-0.000113786781787
-0.000109541187474
-0.000153767126949
-0.000134122181921
-9.24657451551e-05
-7.98183149924e-05
-0.000104290410881
-0.000114019211753
-0.000119904329149
-0.000115749855796
-9.91010111579e-05
-9.23926491495e-05
-8.23927649122e-05
-8.12105711398e-05
-5.35343661005e-05
-5.65609390333e-05
-5.89382440154e-05
-5.11215393588e-05
-4.43658480617e-05
-3.13770302997e-05
-3.17070820115e-05
-3.21473102693e-05
-2.90353293482e-05
-2.79396841398e-05
-2.58751543492e-05
-2.66270224725e-05
-2.58993462985e-05
-2.29204757029e-05
-2.11946026799e-05
-1.49492687156e-05
-9.43062256669e-06
-9.41508605712e-06
-8.60036518473e-06
-5.08617267682e-06
-6.23092711852e-06
-6.41740208819e-06
-6.17226805069e-06
-2.09688169575e-06
-2.39026691136e-06
-1.5686020067e-06
-2.3085167002e-06
1.63404752818e-08
0

# 0064_r1

0
0.0457508404261
0.00599714974019
0.00100922460904
0.000186738702896
2.8112337777e-05
-1.80656840372e-05
-2.13694409883e-05
-4.64887507967e-05
-4.12054656342e-05
-2.0662232604e-05
-4.37370313414e-05
-4.24016290068e-05
-5.36073988755e-05
-5.52718312887e-05
-4.66786267071e-05
-4.66150618367e-05
-4.99202495874e-05
-6.5322292773e-05
-6.60979172114e-05
-5.81897273833e-05
-4.12613536197e-05
-3.29886617057e-05
-2.62131355201e-05
-1.62168808649e-05
-2.07176536005e-05
-1.59149092113e-05
-1.26867535123e-05
-1.17203308303e-05
-8.44331885028e-06
-1.12796276717e-05
-6.09103065634e-06
-1.0655159548e-05
-7.73074424755e-06
-7.60411840378e-06
-8.74854736664e-06
-3.62029005514e-06
-4.28472611958e-06
-3.06839120162e-06
-6.75689101902e-08
-2.25525671305e-07
-1.12253314025e-06
-2.2644809982e-06
-4.35065900367e-06
-4.29207319901e-06
-1.98814605325e-06
-2.07265649251e-06
5.04828074331e-07
0

# 0065_r1

0
0.0458292771815
0.00605935231542
0.00110382606703
0.000289234134314
0.000141507071582
5.86884430551e-05
1.78035640243e-05
7.83943109987e-06
5.18137166466e-05
1.9841547045e-05
1.42525496009e-05
2.14412352272e-05
1.62829862532e-05
1.06629053919e-05
-2.79991050129e-06
2.17154742625e-05
1.33709783555e-05
-9.57642334163e-06
-1.8236756026e-06
8.15503157201e-06
-9.45718027839e-07
-3.0204111849e-06
-4.24194840623e-06
-2.03996749026e-08
-1.22274049371e-06
-3.4167281209e-06
-3.26202482731e-06
3.29237274596e-06
4.46407531525e-06
7.0571790113e-06
1.07290071202e-05
1.60198371528e-05
1.54217054872e-05
1.21273980299e-05
1.43466320041e-05
1.52166904563e-05
1.59800809861e-05
1.26096632642e-05
8.38332772485e-06
5.40054855185e-06
7.14830235469e-06
3.8144164412e-06
4.67254224011e-06
7.124539424e-07
3.23398483534e-07
-1.19802879377e-06
-5.31880929937e-08
0

# 0066_r1

0
0.0459933185078
0.00619402072219
0.00124166827761
0.000371407859636
0.000226769797741
0.000137893606459
9.51436676525e-05
7.9070924303e-05
6.92468402369e-05
4.94367880807e-05
2.56517873571e-05
6.18102248958e-06
-2.57735441265e-05
-2.88924876505e-05
-3.99339985086e-05
-1.97598639793e-05
-2.28268040355e-05
-2.25137514205e-05
-5.94486155146e-06
7.67634529122e-06
1.67991327782e-06
1.26237650804e-05
1.66230882757e-05
3.07706010787e-05
3.13439889507e-05
2.64226872007e-05
1.95879031275e-05
2.11604573993e-05
2.27327160385e-05
1.8577816546e-05
1.48274394592e-05
1.38550400148e-05
1.54615026959e-05
1.25465399533e-05
1.16026339008e-05
1.18001681064e-05
1.07344667966e-05
9.01779977871e-06
9.77484750927e-06
5.91437422983e-06
2.34370457013e-06
2.26836164226e-06
1.18569683619e-07
-5.59037560881e-07
-7.97319298198e-08
6.86192010294e-07
3.13055424821e-07
0

# 0067_r1

0
0.0459957801475
0.00630295677692
0.0012789655351
0.000401251290174
0.000158545587525
9.63584604943e-05
0.000101494914858
8.81125012483e-05
0.000104354003765
6.32459632451e-05
3.21978170632e-05
6.69764809467e-05
7.03760318697e-05
4.08148782373e-05
6.29514219636e-05
7.03359669574e-05
7.39923312758e-05
7.13656139767e-05
8.46976360878e-05
7.69709324467e-05
7.81214221875e-05
6.70843006926e-05
6.21933808677e-05
6.3618154995e-05
4.81459327302e-05
4.9747644631e-05
5.00384759903e-05
4.20399794922e-05
3.66494064447e-05
2.88500609734e-05
2.86962878716e-05
2.0444338781e-05
1.5826040689e-05
1.15033346068e-05
6.91251173561e-06
1.38005861415e-06
-1.18920863049e-06
-2.46946335794e-06
-1.16576849931e-06
-3.09760456462e-06
-2.83725630577e-06
-3.96727243419e-06
-1.7880127361e-06
-3.42057640549e-06
-3.99108311584e-06
-3.52548413285e-07
2.43196798541e-08
0

# 0068_r1

0
0.0457838765238
0.00602860843894
0.00101013175147
0.000171378806003
3.29906941591e-05
2.21787590013e-05
6.07911789435e-06
-3.97187729775e-05
-3.81826237471e-05
-3.1004953296e-05
-1.38738733711e-05
-2.40606761107e-05
-1.04647469215e-05
-2.80630966706e-05
-1.28307101789e-05
1.51685536091e-05
1.27731720328e-06
6.71463760573e-06
1.253872599e-05
4.16445502508e-06
8.83873626773e-07
1.32925200945e-05
1.99959181103e-05
1.29197679569e-05
4.65058058473e-06
2.49607180767e-06
1.07152091637e-05
1.48385640784e-05
1.63428646781e-05
1.08617122033e-05
5.52133681967e-06
1.15027947203e-05
1.25093456496e-05
1.14455675867e-05
7.49379080504e-06
6.84495052549e-06
5.22340846512e-06
7.55734616045e-06
1.03955027384e-05
1.00554771701e-05
1.10341471893e-05
7.52728009558e-06
6.1076235978e-06
6.03449328155e-06
3.39201682154e-06
1.78134365032e-06
1.50404201774e-06
0

# 0069_r1

0
0.0458477755046
0.00616617813905
0.00124253696684
0.000415767929999
0.000279937718356
0.000210781245764
0.000170507572753
9.75402754168e-05
6.05818291854e-05
4.18459733751e-05
7.28011752578e-05
6.77029053099e-05
3.13277486164e-05
1.63033056733e-06
2.22435630372e-05
2.76454804279e-05
3.49508425523e-05
3.79843063753e-05
2.5144010131e-05
1.67285140657e-05
2.82517455696e-05
3.53863622061e-05
4.21190099022e-05
3.46469431864e-05
4.10685802638e-05
3.80769948078e-05
3.13742462805e-05
2.5458984882e-05
1.92197886029e-05
1.90052248887e-05
1.32273603571e-05
6.82304935861e-06
-7.55416666823e-07
2.1358396027e-06
-2.6645777578e-06
-2.05772404841e-06
1.8073487259e-06
1.25357915681e-07
-7.52804452465e-07
-5.0629777003e-06
-4.83575945851e-06
-2.557324156e-06
-3.55476047678e-06
-1.95157199733e-06
-2.88944899148e-06
-2.75429803767e-06
2.92171238908e-07
0

# 0070_r1

0
0.0459986359934
0.00612764885444
0.00114551071189
0.000336229234441
7.54949387752e-05
1.78834942531e-05
-2.22266852931e-05
-8.14624121655e-06
2.77023192016e-05
1.9974483838e-05
1.00155243011e-05
5.93790391109e-06
1.85444589651e-05
2.76504155742e-05
1.78864254932e-05
2.58950639968e-05
1.71295712832e-05
1.41449325438e-05
1.95795664613e-05
3.34919417277e-05
3.35159596411e-05
3.451610414e-05
3.10868717902e-05
2.80631377265e-05
3.27377884766e-05
2.71098150155e-05
2.56639073669e-05
2.1210944445e-05
2.24953595817e-05
2.26819630308e-05
1.95326587653e-05
1.55431813711e-05
8.59645806221e-06
1.20556231277e-05
8.76946324616e-06
4.21779748242e-06
5.15266019728e-06
5.95296165678e-06
4.00560439122e-06
7.6077753182e-06
7.89741338594e-06
5.6469046702e-06
3.79449174921e-06
1.58560572167e-06
1.06101617233e-06
-1.33612277459e-07
6.889411782e-07
0

# 0071_r1

0
0.0458016917277
0.00612035424334
0.00116528603836
0.000338502218646
0.000158847810702
0.000107340775325
7.16303740306e-05
9.74797034457e-05
7.423956189e-05
7.36643836527e-05
4.36826610671e-05
2.57202245567e-05
4.48206508942e-05
4.20860374474e-05
4.19278305819e-05
5.55356349197e-05
6.35960155618e-05
5.28670476729e-05
3.99442119102e-05
3.86575614759e-05
4.03330822186e-05
4.79415594764e-05
3.08919357719e-05
2.61880321427e-05
2.5559131116e-05
1.97942398576e-05
1.0064645231e-05
4.21837926412e-06
4.78942931097e-06
1.05977294024e-05
7.64106060054e-06
3.07054385366e-06
3.54630057187e-06
1.48907058599e-06
5.81438523907e-07
4.30064539756e-07
-9.41720539821e-07
1.15885366732e-06
-1.13605029851e-06
1.27570297609e-06
-8.15255011641e-07
-3.22948588184e-06
-4.55120843555e-06
-4.50859849178e-06
-1.55317619651e-06
-9.68040026803e-07
9.74996518141e-08
0

# 0072_r1

0
0.0456695218202
0.00595875607393
0.000935130918129
0.000135185863644
-5.40728071592e-05
-0.000133352013751
-0.000131341273181
-9.83606589759e-05
-7.94442386824e-05
-6.10970463492e-05
-3.44357764272e-05
-4.09041586799e-05
-5.84756105125e-05
-5.45215586208e-05
-2.69871373986e-05
-2.40362694416e-05
-1.11643660224e-05
-1.43508677859e-05
-6.89870172004e-06
1.14380802848e-05
2.06285740368e-05
2.98350799375e-05
2.9453800134e-05
1.78634556771e-05
1.20632574683e-05
1.69955062438e-05
1.43486222332e-05
1.08361264564e-05
5.98331886415e-06
-3.3354028232e-06
-3.72905380211e-06
-2.75688373464e-06
2.6126576418e-06
-3.51537729762e-06
-5.33915028986e-06
-5.0149237094e-06
-7.11643864503e-06
-7.16820451293e-06
-4.20221512901e-06
-2.70603828663e-06
-3.29282374005e-06
-5.88031519078e-07
-7.92927075292e-07
2.98219276557e-07
-4.84352305261e-06
-3.55448369715e-06
-1.37514654495e-06
0

# 0073_r1

0
0.0461183575788
0.00632752498906
0.00129424610118
0.000378704186712
0.000185864422749
0.00013281422513
5.81475079963e-05
4.68937411763e-05
6.5578030817e-05
7.62971607241e-05
5.62536946283e-05
0.000109670708004
9.22990811678e-05
8.28140350603e-05
9.7214927932e-05
8.76241391056e-05
7.95464736371e-05
5.77313956051e-05
5.6618598244e-05
5.41630894591e-05
5.95707237374e-05
6.45147911276e-05
5.32323931564e-05
5.02863668821e-05
3.6851023431e-05
3.78014480334e-05
3.5633536381e-05
3.21054706561e-05
3.1653027155e-05
2.75619764913e-05
2.97951820702e-05
2.35701163528e-05
2.0600370089e-05
1.8670595998e-05
1.3136994633e-05
9.87002706798e-06
4.4136215279e-06
2.14914290426e-06
1.90351535633e-06
4.53867753e-06
4.96153093363e-06
5.11376344353e-06
5.87763417922e-06
5.34428682342e-06
3.58360134619e-06
3.77613400109e-06
2.91380736104e-06
0

# 0074_r1

0
0.0458996206732
0.00606459234027
0.0011209662082
0.000292939496449
0.000134952978132
0.000143920393598
0.000146329292434
8.46533093765e-05
3.30377619005e-05
-2.51660724734e-06
-1.60880629061e-05
4.72257275997e-06
2.41426367325e-05
3.2345614507e-05
2.39333995145e-05
3.25646178274e-05
2.22620500099e-05
4.20952159781e-05
3.12930411523e-05
2.7698715011e-05
2.52999546319e-05
2.46860868552e-05
1.10493206984e-05
2.54074255203e-06
5.30021006476e-06
7.04002100034e-06
1.10398162656e-07
-1.762150399e-06
-9.32124358552e-06
-9.18719854542e-06
-8.11322166035e-06
-9.86956250813e-06
-7.11314036038e-06
-9.77648240353e-06
-1.32736084402e-05
-1.49862396758e-05
-1.24284503911e-05
-9.88979642731e-06
-9.5542859454e-06
-8.78134705376e-06
-6.25873402267e-06
-6.15174755039e-06
-4.24333563685e-06
-1.55510840519e-06
-2.1358033278e-06
-6.75987740982e-07
-1.83980167374e-07
0

# 0075_r1

0
0.0462099130865
0.00636360610706
0.00130346645588
0.000444979007504
0.000250111061129
0.000201436444784
0.000139065133033
0.000105240156086
7.80452064929e-05
7.42856207543e-05
7.09180192475e-05
6.92588581226e-05
6.35977778152e-05
5.61289472853e-05
3.63628608981e-05
6.08125003152e-05
6.53972455529e-05
6.49238147806e-05
6.01027294345e-05
6.97094520629e-05
6.90608153499e-05
6.96236357261e-05
6.04522507226e-05
4.04178278901e-05
3.70124021862e-05
3.04887371098e-05
2.10017744575e-05
1.91975220511e-05
2.6788446988e-05
2.88950805406e-05
2.05523277476e-05
1.67033837729e-05
1.94235348755e-05
1.1965942645e-05
1.09207380982e-05
1.02383296872e-05
6.97483123457e-06
4.85869564779e-06
2.58698943999e-06
5.61801316938e-07
1.36915939859e-06
-4.10580158922e-06
-2.75426116306e-06
5.83806997128e-07
-1.42748237095e-07
-9.83438950404e-07
6.44769775833e-07
0

# 0076_r1

0
0.0461116861933
0.0063026804941
0.00125553499382
0.000495664504167
0.000312692565365
0.000280238703119
0.000261775401147
0.000245680263196
0.000172105285165
0.000159337386069
0.000151168566236
0.000129654476066
7.98452581088e-05
5.97083635336e-05
7.13244489337e-05
4.51514616769e-05
2.83343311754e-05
2.28000476739e-05
2.47758105046e-05
3.49059961566e-05
4.06396345845e-05
3.56668664217e-05
3.04807243263e-05
3.1133994403e-05
2.57340012947e-05
2.76693760301e-05
2.89236221517e-05
2.85011663966e-05
2.81617737794e-05
2.3383898668e-05
2.45856092935e-05
2.09079090848e-05
1.48258429919e-05
1.43158447843e-05
1.79240226239e-05
1.08509807431e-05
1.07573006254e-05
1.19866892374e-05
1.17256100578e-05
1.02251810858e-05
1.09937298592e-05
8.22100977911e-06
7.23867251321e-06
4.00546781716e-06
1.70714844012e-06
2.20035649561e-07
1.50939731298e-06
0

# 0077_r1

0
0.0457615592322
0.00604712783472
0.00107650761582
0.000187190012213
5.71298040615e-05
2.77689067912e-05
1.88950659429e-05
2.81922067983e-05
1.7175990127e-05
-5.71354807817e-06
-2.05183252281e-06
-8.79181085372e-06
-4.12720218477e-05
-6.37175662647e-05
-7.27063930975e-05
-6.0725794825e-05
-4.97720716451e-05
-4.12586844078e-05
-3.0978625575e-05
-3.09609816125e-05
-3.29608805018e-05
-2.84316794245e-05
-2.45761774903e-05
-1.04299925949e-05
-1.155625606e-06
1.18759756917e-05
1.50038022199e-05
1.71124119405e-05
1.70891516013e-05
1.98275368805e-05
1.44881177518e-05
1.97203243169e-05
1.89914011633e-05
1.54971789512e-05
9.87023896146e-06
6.12954921818e-06
3.36776107726e-06
3.40507028714e-06
6.21683971482e-06
6.058803123e-06
4.8529319461e-06
2.40490165469e-06
1.13058910553e-06
8.99088099716e-08
2.51795427428e-06
6.96003408376e-07
3.73063729874e-07
0

# 0078_r1

0
0.0456769772455
0.00595018803238
0.000956976585044
0.000112634007544
-5.25854675518e-05
-0.000145025583213
-0.00010579038266
-0.000108849485089
-0.000122477590007
-0.000103568756885
-5.6483726546e-05
-6.69307808788e-05
-5.94162848951e-05
-6.25464602948e-05
-5.70464553592e-05
-2.62174591969e-05
-3.91292690823e-05
-2.72317820026e-05
-2.97450070832e-05
-3.01485654763e-05
-2.4271202619e-05
-1.89549886342e-05
-1.80046496034e-05
-1.19284925687e-05
-3.61897975343e-06
-2.46475812494e-06
-6.3470783668e-06
-1.81686079407e-06
-8.7128545439e-06
-4.90210174563e-06
-9.00080853399e-06
-8.58880631947e-06
-6.87583534822e-06
-6.31483800884e-06
-6.62854630282e-06
-5.39508855693e-06
-6.73007277526e-06
-7.60928677863e-06
-2.31109157139e-06
1.77236324594e-06
3.41852643635e-07
-1.28445628543e-06
-2.07257242026e-06
-1.66630941306e-06
-1.32443906994e-06
-4.96187406555e-07
-1.53281881916e-06
0

# 0079_r1

0
0.0458494926185
0.00618138972409
0.00121694929823
0.000357769390391
0.000199783356853
0.000105120353673
6.35773002186e-05
4.89887458868e-05
2.14908785855e-05
-1.56330568237e-08
4.79029771238e-05
5.230671401e-05
4.72995853323e-05
3.18954778379e-05
3.16009493117e-05
1.50805118064e-05
2.77625457536e-06
4.32192255549e-07
-2.87304252152e-06
-3.99131024652e-06
4.43143329349e-06
9.0105496057e-07
3.4705723787e-06
8.56409802303e-06
1.44344496146e-06
-3.60904171358e-06
1.97552400184e-06
2.41738910468e-07
-2.32961896117e-06
5.1208425709e-06
3.63382955588e-06
2.91459107438e-06
-2.70626041664e-06
-3.03062696402e-06
-4.23502172977e-06
-7.11437566365e-06
-7.25746883318e-06
-3.48317800016e-06
-1.39996077604e-06
-2.67886758415e-06
-1.7092853449e-06
-1.4106443793e-06
8.70356654493e-07
-8.76199521926e-07
-4.57423265304e-06
-2.90997336939e-06
-1.08542168821e-06
0

# 0080_r1

0
0.0456908050616
0.0059838503278
0.000960376372773
0.000207692815008
1.7667938003e-05
-5.73999809134e-05
-7.86160270446e-05
-7.75466189532e-05
-6.5974556801e-05
-6.82872765475e-05
-6.03641657048e-05
-7.65620643845e-05
-5.76339615183e-05
-5.83137253287e-05
-4.36000953049e-05
-3.53131819886e-05
-3.81516532614e-05
-2.86678386099e-05
-2.6737536643e-05
-1.59508023458e-05
2.47940314549e-06
1.05527361154e-05
1.24875860133e-05
8.9319118111e-06
1.15675364893e-05
1.18774683569e-05
6.60155173024e-06
9.65729532161e-06
5.11660080802e-06
5.4331283339e-06
1.06982773822e-05
1.18035409286e-05
8.53395285328e-06
4.67532240514e-06
5.69156149239e-06
6.8835527898e-06
6.03020221065e-06
7.36361057645e-06
6.51342958001e-06
7.70594664778e-06
8.10527091036e-06
8.36051794711e-06
7.26011560601e-06
4.22229122785e-06
4.41964252866e-06
5.70301642607e-06
1.34790864667e-06
0

# 0081_r1

0
0.0459646994258
0.00613747107364
0.00111726563079
0.000334022714877
0.000162270162335
8.14454599389e-05
3.49774759254e-05
3.20170068117e-06
-1.96209835521e-05
1.76312089569e-06
-1.69979977323e-05
-9.08303711931e-06
-2.0733017144e-05
1.24348108869e-05
1.91921509005e-05
2.3581176583e-05
8.40265091162e-06
6.84521481222e-06
3.0662685339e-06
-1.74884190948e-05
5.05806247654e-07
-6.09079702624e-07
5.8949361082e-06
-2.42356609413e-06
-4.07476369477e-06
8.66691053752e-07
8.28923539269e-06
5.11568789615e-06
6.93043173407e-07
-7.12507118285e-06
-9.70399902383e-06
-6.31559513183e-06
-4.70969616439e-06
-3.49466770825e-06
-4.57905366604e-06
2.04538408619e-06
2.67970209731e-06
3.26967575602e-06
2.94295941316e-06
-1.95436098082e-06
-3.72139407861e-06
-2.79193159818e-06
-1.44208103513e-06
-8.44336057879e-07
4.66739106906e-07
-9.28763565291e-08
2.58515164508e-06
0

# 0082_r1

0
0.0458162302189
0.00605921971989
0.00109832876346
0.000270210591978
0.000131798443859
6.34817992045e-05
3.57565682194e-05
3.65310995246e-05
3.40735122685e-05
3.58867915591e-05
2.67952908305e-05
3.60896471984e-05
1.99955234337e-05
6.02347197845e-06
1.53287370407e-05
6.18119644159e-06
-1.78060826129e-06
1.11562565445e-05
1.22599584489e-05
6.6244355597e-06
-4.21759529338e-06
-7.00302601114e-06
-1.48700974871e-05
-2.56927095812e-05
-2.30316003859e-05
-2.50320826028e-05
-1.47842997227e-05
-1.06896942038e-05
-1.13762154336e-05
-9.7802171582e-06
-9.74472698213e-06
-8.2412815879e-06
-5.23647007007e-08
3.58820646288e-06
3.83504066653e-06
4.26613469532e-07
-2.80284993081e-06
-1.85668246849e-06
9.26596261143e-07
3.65912595933e-06
3.95680500091e-07
1.35882665206e-06
8.15797279887e-07
-6.39920662835e-07
-1.10300979753e-06
-1.01247584293e-06
-1.62368194419e-06
0

# 0083_r1

0
0.0459072361723
0.00617419545966
0.00120018665868
0.000371032117618
0.000148176695459
9.9258537173e-05
4.05450910616e-05
5.21980528347e-05
4.21526557558e-05
8.68524590226e-06
-1.93500820076e-05
-1.4822195636e-05
-2.62652289322e-05
-7.18147902199e-05
-4.00898960274e-05
-3.99085980654e-05
-4.76542967434e-05
-4.48379840255e-05
-3.97220767224e-05
-4.02945957581e-05
-3.07134716768e-05
-1.39231726608e-05
-1.70475330366e-05
-8.50168575607e-06
-1.64294064564e-05
-1.87175731653e-05
-2.51700588791e-05
-2.26241733685e-05
-1.58267524743e-05
-1.72635958126e-05
-1.95189426e-05
-2.04276791907e-05
-2.18322513658e-05
-2.30983892361e-05
-2.45025850907e-05
-1.87308318972e-05
-1.64266886918e-05
-1.60965362322e-05
-1.26862230375e-05
-9.5151662219e-06
-1.00749203563e-05
-8.63569538806e-06
-7.02485125511e-06
-5.79888691023e-06
-4.45140356134e-06
-2.87486747107e-06
-2.16327768491e-07
0

# 0084_r1

0
0.0455311078458
0.00562180539966
0.000706939727963
-0.000107119565141
-0.000206000207067
-0.000251050798956
-0.000226153084846
-0.000180905050591
-0.000144692702838
-0.000117865361497
-0.000106595412161
-0.000109029151356
-9.99286495792e-05
-9.11348743653e-05
-8.61242392491e-05
-7.21451654297e-05
-6.65578944528e-05
-5.15536177521e-05
-5.67666808169e-05
-8.218423859e-05
-7.54112733451e-05
-6.11073416352e-05
-5.78623768621e-05
-5.01242504185e-05
-4.71273664278e-05
-4.57919754196e-05
-4.16732931369e-05
-4.15115124555e-05
-3.43530272266e-05
-3.54834560817e-05
-2.8947614346e-05
-3.07207715901e-05
-2.82186343667e-05
-3.08748627468e-05
-2.73011390146e-05
-2.50918991413e-05
-2.16622855483e-05
-1.69944715635e-05
-1.37977936582e-05
-9.70090327304e-06
-6.3069273819e-06
-4.74473889771e-06
-3.30637814864e-06
-3.21300973643e-06
-2.50949125854e-06
-2.51248055623e-07
2.43356014262e-06
0

# 0085_r1

0
0.045599685887
0.00580781744493
0.0009462855873
0.000123309259502
-9.93141747723e-06
-4.8555375396e-05
-5.41062776342e-06
-7.46400892575e-06
1.73167513374e-05
-9.22727117531e-06
-4.39925418307e-05
-1.69814827954e-05
-3.50516207534e-05
-3.4246397289e-05
-2.62212600081e-05
-3.26558745448e-05
-1.29564393365e-05
-3.89213946708e-07
-4.21979753699e-06
-2.68302740853e-06
-9.13745593286e-06
-1.58152091182e-05
-3.53211372967e-05
-2.97852747206e-05
-2.52745485154e-05
-2.79794715312e-05
-2.45547431043e-05
-2.50193268418e-05
-1.91526480099e-05
-1.70058924625e-05
-1.78156958325e-05
-1.38687640102e-05
-1.00560611176e-05
-7.22986865304e-06
-6.12378041398e-06
-5.20469627179e-06
-4.20362277456e-06
-2.44079767883e-06
-5.24011035874e-06
-7.41255996627e-06
-7.94153811838e-06
-5.65873525803e-06
-5.41180548531e-06
-4.81105296974e-06
-5.043813016e-06
-3.61586786858e-06
-2.18962826814e-06
0

# 0086_r1

0
0.0458810921165
0.00601477179001
0.0010364373649
0.000210273666704
3.72419076757e-05
-3.02979483484e-05
-7.52946110651e-05
-6.63326340797e-05
-6.274476848e-05
-5.80158638246e-05
-5.77838935021e-05
-5.80588745338e-05
-4.86086367118e-05
-2.29858050478e-05
-2.21273010192e-05
-1.64989845682e-05
-1.5623713665e-05
-1.36655615624e-06
1.16623331501e-05
4.57039772152e-06
7.98010194146e-06
8.83910687786e-06
1.5071705543e-05
2.84632920952e-05
3.54292844524e-05
4.4837167707e-05
4.14697515017e-05
3.50240430975e-05
2.95177899844e-05
2.71308552206e-05
3.23020726843e-05
2.94416968065e-05
2.56352370916e-05
2.14885727876e-05
2.09359320072e-05
1.60698052742e-05
1.63714865724e-05
1.41202330479e-05
9.35147444393e-06
6.48284782702e-06
8.46220433046e-06
8.35645183798e-06
8.94795045556e-06
6.07369389356e-06
2.62752155036e-06
2.44619795582e-06
8.63808894662e-07
0

# 0087_r1

0
0.0458497506233
0.00602816726101
0.00102577160516
0.000252302787468
0.000122536762033
5.5202087489e-05
4.45581464021e-05
3.3682433297e-05
1.67544214592e-05
2.64648629038e-05
1.55371801823e-05
-3.33326285313e-06
-5.06891801222e-06
6.30749967705e-06
2.33808676205e-05
1.86034587815e-05
-5.96974545191e-07
7.40328542483e-06
1.24189803656e-05
1.01525098763e-05
1.51158790628e-05
6.93691111233e-06
8.65079442348e-06
5.16379461319e-06
8.01746420242e-06
5.44341750342e-06
6.80732713635e-06
6.62291739759e-06
-6.01222012852e-08
3.04142512251e-06
2.91280320028e-06
1.99526683026e-06
1.34881992538e-06
1.10523958517e-07
6.17697578198e-06
3.86129132007e-06
1.05675404142e-07
-1.83965817365e-06
-1.8545829859e-06
-2.30539933798e-06
-1.09325910228e-06
-1.31241395065e-06
-1.8326912695e-06
-3.18992598635e-06
-2.0394103915e-06
9.45903871156e-08
-8.17339334251e-07
0

# 0088_r1

0
0.0460652467428
0.00614633915565
0.00120439233281
0.000442912524026
0.000272255313852
0.00020981575525
0.000200799120369
0.000137148966126
0.000107532027649
7.48029283007e-05
3.82599269771e-05
8.32580840373e-06
1.8818274326e-06
1.12466852422e-05
-3.69429222859e-06
2.95203291433e-06
-1.46271734117e-05
-1.83490880599e-05
-1.35250744223e-05
3.19892805983e-08
-7.13844652121e-06
-1.0280855488e-05
-1.12472323722e-05
-7.36225575084e-06
-3.33029919383e-06
-1.71086990486e-05
-1.89905075614e-05
-1.85101466028e-05
-1.22068564987e-05
-8.51956276889e-06
-5.45430274047e-06
-4.84310698633e-06
-2.85263110053e-06
-7.9252714894e-06
-7.19419610525e-06
-7.9947045912e-06
-3.46843380658e-06
-2.0454894082e-06
-1.30373199371e-06
7.64467589698e-07
-1.04452145031e-06
7.39103198846e-08
-5.81380391931e-07
-1.80095047929e-06
-8.21970474492e-07
-4.52246455915e-07
-8.74953498434e-07
0
