
# 0000_r1

-0.65608957168
0.126999796881
0.0488429495924
0.0280444409965
0.0203594701339
0.0164938521514
0.0140330227382
0.0122166085267
0.0107451693384
0.00950005667696
0.00842739132234
0.00746639573066
0.00662223062059
0.00588228806127
0.0052355118733
0.00467316164347
0.0041395926188
0.00365369769896
0.00322425267688
0.00285531223733
0.00253902058237
0.00225855677928
0.00198989929662
0.00175620258157
0.00156145420305
0.00140845590956
0.001277517516
0.00116608239258
0.00106410369683
0.000968618750296
0.000883370012117
0.000809811696387
0.00074249823179
0.000677842983627
0.000613735357805
0.000554918408846
0.000501920327895
0.000452607770183
0.000410978141731
0.000373426990398
0.000345459404051
0.000318820208412
0.000296427014044
0.000280501517893
0.000268157653413
0.000261406866836
0.000257002288866
0.000254794646458
0.000253267188222

# 0001_r1

-0.655578533928
0.127331591344
0.0489670033039
0.0280662486372
0.0202580303047
0.0162842085358
0.0136846384918
0.0117102757862
0.0101777178081
0.00893790537897
0.00788405297208
0.0069745794428
0.00617055008318
0.00550307572886
0.00491681083999
0.00437265809497
0.0039043813585
0.00348824958646
0.00310827490815
0.00277294684804
0.00246556722261
0.00220392181406
0.00197520907087
0.00177761009696
0.00159837442347
0.00143744286586
0.00129960266285
0.00117754124633
0.00105648680779
0.000940068281697
0.000838421192578
0.000753055051409
0.000678265448232
0.000607897786705
0.000545121846573
0.00048929457483
0.000441282245901
0.000399273268625
0.000364647497419
0.000335036989231
0.000311081170255
0.000289200393231
0.000271932616777
0.000255940943656
0.000241677766979
0.000234541353779
0.000230531079419
0.000229787675205
0.000229472534752

# 0002_r1

-0.656531486727
0.126570398284
0.0482786033384
0.027297551646
0.0195524813457
0.0156558814131
0.0131089042779
0.0112355366567
0.00973975094204
0.00851350461371
0.0075045213855
0.00670501480241
0.00603512566368
0.00542347360649
0.00490154318402
0.00442047913655
0.0039703898022
0.0035340593994
0.003166253974
0.00284250578044
0.00253420274236
0.00226014769754
0.00200750949989
0.00179235528829
0.00161167207589
0.00144840355492
0.00129364245127
0.00115515562044
0.00103603591131
0.000925787846632
0.000826450843858
0.000737009283654
0.000651934052469
0.000577292793863
0.000511828542173
0.000456328151974
0.000405147396571
0.000360016345733
0.000322677974338
0.000291350478035
0.00026379116189
0.000239413587128
0.000221541987373
0.000207928763699
0.000198741580666
0.000194149401572
0.000192395691016
0.000191632686709
0.000191212189996

# 0003_r1

-0.655131155974
0.128181231891
0.0498439504591
0.0288159083384
0.0209339864566
0.0169493137379
0.0143860258228
0.0125000678237
0.0110326350001
0.00986482033238
0.00882773307279
0.00785870228935
0.00696470432922
0.00617320627964
0.00549379628506
0.00492108254062
0.00439739384592
0.00395111159632
0.003534586279
0.00315553833748
0.00280137357637
0.00249432757906
0.0022254846244
0.0019932953708
0.00179636554558
0.00162284891706
0.00146973297769
0.00133012258198
0.00120233814384
0.00108720033468
0.000987655699519
0.000890177640988
0.000804037109806
0.000720141658883
0.000640750194323
0.000570606628613
0.000511065435891
0.000459712490784
0.000417008177216
0.000380246071499
0.000347911416152
0.000323639487728
0.000309360029465
0.000298145587236
0.000289378622654
0.000280896105268
0.000271733281725
0.000266185593634
0.000264780807788

# 0004_r1

-0.656824341635
0.126205147525
0.0481860501555
0.0273654288908
0.0197295738282
0.015910690514
0.0134610239233
0.011678809618
0.0102677689029
0.00910868382477
0.00809815837765
0.00722023920758
0.00647910815038
0.00581928324862
0.00523749898972
0.00471427050384
0.00422467862516
0.0037789736121
0.00338031752086
0.00301469273272
0.00269354138117
0.00241327900042
0.00215066016969
0.0019278477217
0.00175094323245
0.00157796984031
0.00141846344828
0.00127899862707
0.00115302176165
0.0010424831917
0.000941419063804
0.000852854739881
0.000765859181235
0.000687687428295
0.00061763288077
0.000557108823547
0.000504559047123
0.00046184611639
0.000422148628067
0.00038948962022
0.000358425091065
0.000330573402776
0.000309238169767
0.000292596701142
0.000280050169789
0.000270538309609
0.000265352234041
0.000259491110494
0.00025691794292

# 0005_r1

-0.656535567827
0.12616963439
0.0478464024221
0.0269874882862
0.0192168257776
0.015247883199
0.0127908922383
0.0110064718015
0.00959663941705
0.00844321438095
0.00746122488522
0.00665305363999
0.00596451928277
0.00536517199761
0.00483716350972
0.00436108262956
0.00393855579254
0.00354363245259
0.00317425545732
0.00284214821983
0.00255510600919
0.00231230575337
0.00208121297324
0.00186813913724
0.0016724502097
0.0015006706757
0.00135198290526
0.00122524684625
0.00110467962804
0.00099569444368
0.00089387937954
0.000795666773783
0.000711371181564
0.000634058320331
0.000568581096907
0.000511632307538
0.000461152223384
0.000417165872644
0.00037784158233
0.000345513961335
0.000318719963583
0.000294356326899
0.000274057920689
0.000254507318014
0.00023931922285
0.000227556645615
0.000218612270562
0.000213149317504
0.000211781744487

# 0006_r1

-0.65541044027
0.128226200544
0.0497152015873
0.0286730325752
0.0209212739943
0.0170308919244
0.0145184163532
0.0126629113988
0.0111901236761
0.00996280359257
0.0088907862617
0.00789576767492
0.00695841159377
0.0061538430683
0.00544116842367
0.00479973834471
0.00422954521845
0.00372317117721
0.00330324838852
0.00294504857177
0.00263125954045
0.00232789668187
0.00205391280636
0.0018277082606
0.00163092756985
0.00146947091921
0.00132129683402
0.00119337627607
0.00108212647199
0.000971043209027
0.000869693117063
0.000774974789069
0.000691674886846
0.000620093919695
0.000556418533751
0.000500387038816
0.000454459045018
0.000416311245916
0.000381501642363
0.000350304831022
0.000322651889031
0.000295398114674
0.000274496220511
0.000257203162927
0.000242934434192
0.000227930133218
0.000217453325328
0.00021180975456
0.000210251321421

# 0007_r1

-0.656997835856
0.126386380048
0.0481597405318
0.0273813360685
0.0197340994445
0.0158606336408
0.0133733748677
0.011550633464
0.0100650914699
0.00883330985449
0.00779400046093
0.006910966097
0.00614474249476
0.0054686946022
0.0048837556255
0.00437188632684
0.00392573851904
0.00353102256027
0.00318005012939
0.00286469697725
0.00258096054466
0.00231840812547
0.00208911469906
0.00189633196233
0.00172071795015
0.00155970597159
0.00141081548047
0.00127561285911
0.00114920210765
0.00103009407961
0.000920692312384
0.000827553349762
0.000746341209725
0.000675074303558
0.000610243205869
0.000549083777991
0.000494417906938
0.000448539422185
0.00041032510977
0.000380681874119
0.000354570995581
0.000333928756715
0.000314709326868
0.000294255556788
0.000276340462192
0.000261487842918
0.000252704414672
0.000248035873958
0.000246668282642

# 0008_r1

-0.656741826451
0.126495820973
0.0480620451291
0.0270669166817
0.0192891723025
0.0153465152519
0.0129264890055
0.0111736002747
0.00981908106668
0.00867328929683
0.00768748183497
0.00685358962364
0.00611856797241
0.00546799990336
0.00487603083097
0.00435229439247
0.00389143674443
0.00347979406876
0.00312412073936
0.00280684239495
0.00252899477878
0.00227613019527
0.00204202350593
0.00182214440579
0.00162478835137
0.00144656184159
0.00127970126718
0.00112956876842
0.000999393023084
0.000891537747876
0.000809340740452
0.000742558699001
0.000670274251374
0.000596902390736
0.000531852119353
0.000470130258697
0.000413500693626
0.000371130643527
0.000340125113704
0.000312327916867
0.000288378803568
0.000266900217289
0.000251101053463
0.000240352825223
0.000231693927153
0.000222392350488
0.000216149962192
0.000211481640378
0.000210672108512

# 0009_r1

-0.657093238163
0.126482982644
0.0479497593476
0.0269623927535
0.0192450061266
0.015429523538
0.013029957878
0.0112471677527
0.00979760105312
0.00861509663558
0.00758033839285
0.0067017242555
0.0059718576211
0.00534967341588
0.00480113961216
0.00430409952633
0.00386787082369
0.00347947351352
0.00314333788688
0.00282716620586
0.00253356648325
0.00226622326783
0.00203623936855
0.00183068065892
0.00165096342993
0.00148703967775
0.0013345850717
0.00119795974232
0.00108124420504
0.000976588541133
0.000885709901634
0.00079881430746
0.000722235833431
0.000647149877965
0.00058217324261
0.000528170648857
0.00047755434426
0.000433946070241
0.000397907518745
0.00036239305878
0.000328407403424
0.000299358171497
0.000276630122803
0.000260433057968
0.000245930489212
0.000234258847111
0.000226017144562
0.00022192495049
0.000221564156848

# 0010_r1

-0.655162760593
0.126927610514
0.0484751110495
0.0273812023017
0.0195116590284
0.0155278566675
0.013034774184
0.0112474279216
0.00982211597046
0.00863316147617
0.00768769306615
0.00685065630613
0.0060884174512
0.00542704656214
0.00486343100681
0.00435946345674
0.00390790909157
0.00349611011025
0.00312577764044
0.00278698715727
0.00246778692345
0.00219901779801
0.00196710611933
0.00177525074892
0.00160599994929
0.0014498167537
0.00129417325052
0.00115579935763
0.00103279708594
0.000927057887002
0.000831674883694
0.000746552646514
0.000672173375144
0.000608069541716
0.000547796829783
0.000492111372542
0.000441049832643
0.000395904498156
0.000355171573279
0.000321438100639
0.000290980564532
0.000264185621018
0.000243338996381
0.000223169178098
0.000206138490469
0.000193434636042
0.000185938896995
0.000180911010065
0.000180508881674

# 0011_r1

-0.653612280825
0.128939478902
0.0504348165005
0.0292817560575
0.0213295988671
0.0170229210152
0.0141828778826
0.0121592462321
0.0106290392976
0.00940841488207
0.00837513347042
0.00749593572487
0.00670931774457
0.00601757580518
0.00538143967211
0.0048088420798
0.00429750974849
0.00382802193699
0.00341121066771
0.00306087327777
0.00274507276095
0.00245957064961
0.0021939766277
0.00196447019388
0.00174316832009
0.00154809035709
0.00137357326832
0.00121908060707
0.00108318203864
0.000970004942387
0.000867785317441
0.000776750031717
0.000694692729094
0.000623766090323
0.000566811156235
0.000512802175429
0.000461379043666
0.000409905299156
0.000359372559758
0.000318156555506
0.000283164003788
0.000259873243461
0.000239612843072
0.000225468569278
0.000214430890307
0.000205399296449
0.000201126139324
0.000199328205164
0.000199408956194

# 0012_r1

-0.656180545577
0.12644051971
0.0481105616625
0.0271969433384
0.0194574581428
0.0155706017181
0.0131554257706
0.0114721023543
0.0101258940167
0.00905498980777
0.00814429146378
0.00734459240848
0.00659413824662
0.00593271643361
0.00533850078816
0.00478686414837
0.00431120866955
0.00391151534922
0.0035078276315
0.00313758510203
0.00276849860487
0.00243996053602
0.00216867064135
0.0019380283181
0.00173317569305
0.00155391955305
0.00138047161789
0.00121588037503
0.0010777767706
0.000967019976664
0.000869671764059
0.000783127653726
0.000705192679323
0.000632321719583
0.000569766289697
0.000519040757148
0.000475313803418
0.000438245713155
0.00040284767812
0.000371276420858
0.000346432870495
0.000324856197446
0.000309415634183
0.000295007939655
0.00028222378359
0.000272485291563
0.000266056778547
0.000259750536833
0.000257953118585

# 0013_r1

-0.65646527745
0.126508574467
0.0485774602359
0.02784653962
0.0201888484065
0.0162712946143
0.0138318335547
0.0120498039118
0.0106726953288
0.00949903455385
0.00845666588437
0.00748083268707
0.00662730677642
0.00587237097753
0.00518923306466
0.00460022152889
0.0041026399716
0.00365631554032
0.00326289123833
0.00294025081981
0.00263300620353
0.00236064070247
0.00212552144075
0.00192555013096
0.00175153898557
0.0015919738114
0.00143614296699
0.00129353101893
0.00116106838986
0.00104802862571
0.000944704307855
0.00085238326977
0.000767444042485
0.000690846223794
0.000621118195938
0.000563413300069
0.000512489317477
0.000470451032991
0.000435156141993
0.000406561870049
0.000381221882751
0.000357907466866
0.000336279413908
0.000320604179307
0.000309084128658
0.000301901634873
0.000297196065114
0.000296204760861
0.000294523802072

# 0014_r1

-0.65594447002
0.126614063248
0.0486777187469
0.0279758627475
0.0204307174685
0.016651997857
0.0142701390603
0.0124657438798
0.0109995778121
0.00974498490241
0.00868852214063
0.00774390894897
0.00688093313112
0.00609653655812
0.00540901804264
0.00478707360739
0.00423576040662
0.0037802814526
0.00338650956356
0.00302318494025
0.00270231258354
0.00242390273734
0.0022161398432
0.00202427550005
0.00182796979347
0.00165023932629
0.00148708416807
0.00134307263728
0.00122000749566
0.00110242070651
0.000993475365232
0.000893810652707
0.000807079852741
0.000728580689077
0.000654665404962
0.000587264137917
0.000525509301696
0.000468711194971
0.000422520115674
0.000384290756378
0.000353233105813
0.0003272952591
0.000303930761188
0.000283996000262
0.000267424438001
0.000251462178405
0.000236944454057
0.000229409556456
0.0002280759503

# 0015_r1

-0.656578977578
0.126062892037
0.0477110505103
0.0268461502018
0.0192092714124
0.0154432114515
0.0131335437802
0.0114518012606
0.0100870777372
0.00893094727988
0.00793988803898
0.00707725915033
0.0063029221875
0.00564309059088
0.00504399426337
0.00448988388437
0.00401584257406
0.00360984772113
0.0032415412024
0.00290468199809
0.00260864697428
0.00232070430961
0.00207056584442
0.00184830387222
0.00166241840081
0.00150427734701
0.00134847128372
0.00121140318775
0.00108820148918
0.000977430763796
0.000876260308909
0.00079136047773
0.000715610193244
0.000648141163831
0.00059028452524
0.000537801296518
0.000485248828747
0.000438488156608
0.000400949842834
0.000365729321083
0.000337799185146
0.000312904081022
0.000290078654413
0.000274353995105
0.000260729423778
0.000250683134654
0.000244617955504
0.000240011624807
0.00023872087209

# 0016_r1

-0.655981869238
0.127093053354
0.0486494674728
0.0276754136146
0.0199542248856
0.0160398070517
0.0136263249689
0.011874538363
0.0104942284907
0.00931458424968
0.00824750922428
0.0073062774984
0.00644718422021
0.00570614273643
0.00506664568775
0.00450014006564
0.00400646954656
0.00356112204202
0.00315413120836
0.00279717839064
0.00248909897146
0.00222005224737
0.00198592717967
0.0017882851365
0.00160505248996
0.0014380878083
0.00129342948468
0.00115875999861
0.00103817679687
0.000932452711361
0.000835116959539
0.000748426365729
0.000671725469967
0.000603864017076
0.000546394389633
0.000497251869426
0.000450946809564
0.000407575650752
0.000369189177007
0.00033659905686
0.000308789696108
0.000283871063195
0.000260524938023
0.000239918327168
0.000221713798916
0.000211013168351
0.000203279875525
0.000199172983193
0.000196546862689

# 0017_r1

-0.65728374249
0.125624856752
0.0477296541905
0.0269598050432
0.0194006208818
0.0155915054884
0.013177133775
0.0113965388158
0.0100026388664
0.00883037443575
0.00780977505952
0.00696102149063
0.00625410157394
0.00559891815757
0.00499881622654
0.00447763592449
0.00400683343004
0.00358087196466
0.00318485171314
0.00283636703814
0.00250838577747
0.00221933914414
0.00197271734689
0.00176485885913
0.00158613799347
0.00143793202238
0.00130045908868
0.00117397083878
0.00105563908995
0.000944260110166
0.000844175761814
0.000749848987097
0.000663312374785
0.000590669920982
0.000531614164918
0.000478424221477
0.000429345182647
0.000385787839204
0.000353216948309
0.000328622596233
0.000306987138963
0.000286004739096
0.000268193505103
0.000253977887927
0.000241981423486
0.000233090860743
0.000228051162561
0.000225762912459
0.00022551992038

# 0018_r1

-0.656052026149
0.126366056814
0.0484177582079
0.0276081759702
0.0198637537652
0.015818513008
0.0132463444267
0.0114233108381
0.0099956792344
0.00884468653566
0.00788541346798
0.00706573843767
0.00636259191647
0.00574069055854
0.00518829823648
0.00465586162263
0.00416635706995
0.00371130271176
0.00329850352393
0.00296570087054
0.00267282641923
0.00238217950947
0.00211440297218
0.00188197157964
0.00167832902352
0.00150537508237
0.00136399487278
0.00123601682502
0.00112038922063
0.00101090753653
0.000906486983181
0.000808087928291
0.000718747166591
0.00064370451072
0.00057783430856
0.000520541702297
0.000472368509887
0.000430930186161
0.000393562700379
0.000362077109216
0.000334037777015
0.000312170176919
0.000296419971867
0.000284251349251
0.000277895712858
0.000271576709556
0.000266646413769
0.000261758565767
0.000258877924665

# 0019_r1

-0.656002844343
0.126433584237
0.0483048606232
0.0274586519416
0.0198306759038
0.0160306800046
0.013663026961
0.01188600501
0.0104685922243
0.00929515327348
0.00824799864873
0.00736407249696
0.0065731043195
0.00587998298075
0.00526591638302
0.0047121964553
0.00420858167343
0.0037771499971
0.0034119157388
0.00309388034797
0.00277954431738
0.00248514588295
0.00221807874795
0.00199586744816
0.00179843147246
0.00163384449434
0.00149069046368
0.00136078309109
0.00123871425426
0.00112687588558
0.00102555828392
0.000928051665083
0.000832417324354
0.000748262594849
0.000676998723265
0.000616429616718
0.00056160479823
0.000513759434142
0.000473217408332
0.000435628970029
0.000401147483615
0.000369912420061
0.000343302200575
0.000321366114972
0.000305037423234
0.00029511168595
0.000290528280026
0.000286865012083
0.000286134012587

# 0020_r1

-0.65754003379
0.124771528767
0.0465337118864
0.0257164322774
0.0181651473015
0.0143888354884
0.0120671226323
0.0104212699068
0.00910924603558
0.00798632715106
0.00703500519223
0.00623627448087
0.00558812595592
0.00499815501865
0.00447830060074
0.00400887355759
0.00362802583968
0.00328472341058
0.00295608715853
0.00266408119627
0.00241434655768
0.00218164467256
0.00195498325508
0.00173849655244
0.00153885547276
0.00135517748622
0.00118192209034
0.00103621426801
0.000913375979959
0.000812742333998
0.000734363329156
0.000666074342159
0.000602436818582
0.000548972774042
0.000503164288809
0.000459639942955
0.000420383703055
0.000384906230483
0.000350782657352
0.000319276354057
0.000291698397226
0.000267172098497
0.000248490669561
0.000234425695091
0.000223990449
0.000216129484282
0.000210564213029
0.000206623907477
0.000207187335802

# 0021_r1

-0.655696533164
0.126898483209
0.0482953086459
0.0272329572372
0.0194473453254
0.0155408081016
0.0130855222199
0.011363461799
0.0100442568803
0.0089234658123
0.00791019482159
0.00701375163564
0.00623778545208
0.00554400288976
0.00495316865069
0.00443755281843
0.0039703488806
0.00357391241875
0.00323020513529
0.00289985676388
0.00259470634987
0.00231592109607
0.00206522050994
0.00185026055185
0.0016486548531
0.00146406358945
0.00130047117036
0.00114902855136
0.00101014331848
0.000899441166495
0.000801959191785
0.000716517868977
0.000638515399371
0.000566919816259
0.0004985555937
0.000442775536488
0.000395686179966
0.000356345597798
0.000325969600026
0.000300472528667
0.000279295936533
0.00025879704886
0.000241518305774
0.000225234022371
0.000210013588654
0.000195785864097
0.000185741665471
0.000180708624144
0.000178724443322

# 0022_r1

-0.657460383884
0.124878643661
0.0466497275057
0.0257932102673
0.0182217389271
0.0144571737514
0.0120712598323
0.0104259075688
0.00923330419898
0.00825194130826
0.00740192882587
0.00661611285566
0.00590247882793
0.00528630503838
0.00474858777384
0.004267379873
0.00384546840225
0.00344174320239
0.00308490740707
0.00277605282062
0.00247493135213
0.00220428229519
0.00196547816176
0.0017609765298
0.00158422360428
0.00143218371356
0.00129838284831
0.00117298814748
0.00105935461187
0.000952615761086
0.000857035246852
0.000777483740033
0.00070286618986
0.000631732079366
0.000564540826026
0.000503969455553
0.000453009857352
0.000408692193431
0.000370130269257
0.000336554891509
0.000309938703999
0.000287636743943
0.000269359068705
0.0002551164045
0.000239806535547
0.000229135717542
0.000222254042816
0.000218144819853
0.000217093711774

# 0023_r1

-0.657856606183
0.124893537319
0.0466149892048
0.0258158008783
0.0182382641165
0.0145315585423
0.0122202981022
0.0105371281266
0.00920376728315
0.0081051110055
0.00717457847379
0.00634748623919
0.0056068743853
0.00494138243628
0.00434870945983
0.00387412620234
0.00348983292354
0.00314377350097
0.00284524825247
0.00256025090879
0.00230574320707
0.00206539137153
0.00184853071713
0.0016552763711
0.00148510792142
0.00134016979735
0.00121457185115
0.00109921670625
0.000992695997746
0.00090190180519
0.000819134168303
0.000737644439619
0.000662699093441
0.000600332519078
0.000544394880652
0.00049528163357
0.000452406310477
0.000414410956652
0.000382236318286
0.000350912451396
0.000320738574441
0.000294090271026
0.000269592209014
0.000245354665843
0.000225621988901
0.000215683237141
0.000210917812145
0.000207341223929
0.000204815525201

# 0024_r1

-0.65451956241
0.12808696191
0.0497186917762
0.0286028466637
0.0207579075718
0.0167496974666
0.0142871230199
0.0124453111136
0.0108542157657
0.00951647909647
0.00842796311001
0.00746069361071
0.00659451969388
0.00578809011984
0.00511166619511
0.00453704642486
0.00401890952765
0.00356114544878
0.0031648108167
0.00283048954309
0.00253889635227
0.00229927845964
0.00208551295121
0.00188954196097
0.00171301406372
0.0015563940121
0.00140254379825
0.00125810115814
0.00111963033146
0.000998547027225
0.000888861352431
0.000785273413162
0.000695733513392
0.000618540582267
0.000552569459152
0.000496543194357
0.000448744583666
0.000407917354858
0.00037315901627
0.000340655241989
0.000313590488012
0.000289513171892
0.000269777667215
0.000253242733895
0.000239414663621
0.000226836536233
0.000215734969052
0.00020931433394
0.000208359200688

# 0025_r1

-0.65501328488
0.127344927064
0.0490011850802
0.0280934307528
0.020371668839
0.0164375184057
0.0139630111904
0.0121825226986
0.0106945081548
0.00939688471229
0.00826990912304
0.00730744067271
0.00651820811214
0.0057836118203
0.00511780421743
0.00454808353002
0.00405343247633
0.00363598248262
0.00326353777334
0.00292376189223
0.00262744280089
0.00234549496784
0.00208865141948
0.00186880782763
0.00167744539457
0.00150658608013
0.00135508516259
0.00123588130798
0.00113677532718
0.00105242676017
0.000968874481275
0.00088558513353
0.000802420121481
0.00072322792928
0.000649285826881
0.000583201703645
0.0005273643056
0.000479435896578
0.00043918490995
0.000401974981545
0.000370160452557
0.000342489752046
0.000317548319399
0.000294452385087
0.000279068144502
0.000268558927994
0.000263618753086
0.000261433809212
0.000263837504187

# 0026_r1

-0.654968915689
0.128378263101
0.0497843257993
0.0287352551171
0.0208705549394
0.0168952732354
0.0143750037322
0.0125662622373
0.0111126250699
0.00986663729776
0.00876580781704
0.00779890053752
0.00697684623788
0.00623112411234
0.00561919074885
0.0051021147104
0.00463538468649
0.00417199631503
0.00373251988008
0.00330883588066
0.00294025305892
0.0026172549813
0.00234124139994
0.00211147718335
0.00189515535407
0.00170170034768
0.00152037557416
0.00136224479945
0.00121670029088
0.00108493240055
0.000977727138598
0.000881275021685
0.00079290678848
0.000716284826677
0.000653507954667
0.000599748955348
0.000555418688394
0.000516807449544
0.000475024210669
0.000438437060641
0.000407699072513
0.000379511641748
0.00035603478948
0.000336756652833
0.000320441624068
0.000308701828611
0.000301601022408
0.000297233508946
0.000295801569787

# 0027_r1

-0.655922904355
0.126932877387
0.0485652614988
0.027713188641
0.020038848759
0.0161432482519
0.0136897442062
0.0119158675671
0.0104418231318
0.00919551703882
0.00816162520176
0.00726534297472
0.00650863760113
0.00583369648037
0.00524706048624
0.00471827033588
0.00422898659556
0.0038085232883
0.00341172263315
0.00305023918943
0.00273386924535
0.00245274175857
0.0022093997756
0.00198175884642
0.00177947974643
0.00160610531073
0.00144952687009
0.0012997857521
0.00116008528975
0.00103546337079
0.000923223536201
0.000829695193625
0.000744994577208
0.000666791483676
0.000596501310109
0.000537154499634
0.00048724894957
0.000444551154079
0.000408754145355
0.000373444804046
0.000344976903119
0.00032565630396
0.000306629098089
0.000291017048698
0.00027813288661
0.000268145564131
0.000258519722255
0.000250232151238
0.000247171649405

# 0028_r1

-0.655999598747
0.126718578183
0.0482862154316
0.0274281673691
0.0198075462955
0.0159759354284
0.0134896712714
0.0117121681573
0.0103462179723
0.00916217818073
0.00817150213362
0.00731925172477
0.00657302244778
0.00589962119465
0.00529204040889
0.00475948845827
0.00427442432539
0.00383694514768
0.00345586835013
0.0030999039692
0.00278173316045
0.00249013413508
0.00222408814898
0.0019724797881
0.00176331747706
0.00159542431047
0.00144437247066
0.00131698653085
0.00119646863928
0.00108158262327
0.000978149842167
0.000888950582071
0.000814933409674
0.00074366881706
0.000685458032108
0.000634680982177
0.000586772654767
0.000548802371729
0.000512088201735
0.000472028677295
0.000438017424774
0.000410128072371
0.000387159154796
0.00036440224727
0.000342955242982
0.000322999298038
0.000308016796233
0.000298550623837
0.000296074492279

# 0029_r1

-0.655889211881
0.126573931894
0.0482834669801
0.027483706655
0.0197941757059
0.0158826909121
0.0133534979774
0.0114826999292
0.0100054065734
0.00880082460958
0.00782549412332
0.0070260439494
0.00629183107294
0.00563012858894
0.00500727021131
0.00443670911193
0.00395442735515
0.00354100373069
0.00318310055719
0.00286539228254
0.00256676872231
0.00230555891688
0.00207242764946
0.00187158880249
0.00167552034956
0.00148742234704
0.00131965798772
0.00117299736957
0.00105040762438
0.000948288584759
0.000850629235602
0.000760901645981
0.000684160295927
0.00061450862341
0.000548369096329
0.000489834351927
0.000436145595857
0.000392893131266
0.000355825103883
0.000322978520546
0.000295314859734
0.000273741411961
0.000258519874415
0.000247177507047
0.000239376635871
0.000235243269761
0.000236060215944
0.00024043083128
0.000242537231177

# 0030_r1

-0.655915062665
0.127115582021
0.0485724329811
0.0277549616199
0.0201169779251
0.0162842423777
0.0138630506147
0.0119733672843
0.0105016201932
0.00929623388288
0.00824125454681
0.00730676338527
0.0064719939871
0.00577614365884
0.0051571494054
0.00462615939404
0.00415246984731
0.00372176552458
0.00333108403993
0.00296014605714
0.00262277407178
0.00232423340088
0.00206351361146
0.00182334152562
0.00160750321376
0.0014092735386
0.00122976156096
0.00106399584967
0.000923610583075
0.000798578091878
0.000696018881204
0.000606035136375
0.000527660203705
0.000462102678463
0.000409233632355
0.000367396695061
0.00033524329971
0.000303965554172
0.0002778189002
0.000255096980272
0.000236817773925
0.000218897234003
0.000203594872395
0.000193204251985
0.000185257739389
0.000179701715097
0.000174785907138
0.000169225155381
0.000168608141231

# 0031_r1

-0.658158462341
0.124436760662
0.046441932425
0.0258392548359
0.018451747975
0.0147663760796
0.0124669712821
0.0107253574051
0.0092999996
0.00812346819849
0.00715494721679
0.00635625849542
0.00568048521204
0.00510842181781
0.00460067790486
0.00414986110583
0.00374082016684
0.00334772951208
0.0029968840655
0.0026847991005
0.00240625409112
0.00216041670497
0.0019382102139
0.0017466941638
0.0015681724314
0.00139846834764
0.00125242973749
0.00112330639394
0.00100022566698
0.000896261578918
0.000809081637461
0.00073556847904
0.000669290274136
0.000607353396868
0.000551995042129
0.000505438167413
0.000460595490316
0.000418218705551
0.000377590281346
0.000343309892397
0.000314627989071
0.000289020852088
0.000263383593938
0.000240681399319
0.000222482454486
0.000208995834072
0.000201759211622
0.00019717793126
0.000194583878668

# 0032_r1

-0.65827478501
0.12457019702
0.0465678669264
0.0257814049148
0.0180719653789
0.0141617544614
0.0117164482423
0.0100659243312
0.00883476626803
0.00786248562709
0.00699983564031
0.00622859927828
0.00560089401048
0.00504389835478
0.00456087740246
0.00410299262327
0.00368477441508
0.00329904362392
0.00294644729463
0.00263577694324
0.00236572665435
0.00212599905423
0.00190209612955
0.00170702444748
0.00152575234808
0.00135842492762
0.00121086941497
0.00108261446664
0.000972802915208
0.000878410608626
0.000786357455803
0.000699730442067
0.000624742957423
0.00056090280202
0.000508782428606
0.000463309121326
0.000422763400078
0.000388528533624
0.000356339780414
0.000325464040032
0.000297830140299
0.000276334700346
0.000256101044039
0.000243368093928
0.000231552461059
0.000221183996791
0.000212410404951
0.000207507589322
0.00020609385863

# 0033_r1

-0.658124583397
0.124688279201
0.046640170006
0.0259216458664
0.0183802549517
0.0146169117105
0.0123408132835
0.0107476424927
0.00946325055069
0.00841808197255
0.00756556886864
0.00682268273809
0.0061405393102
0.00547712800788
0.00485400148398
0.00428632440019
0.00379602957781
0.0033762893287
0.00301345107161
0.00270410267221
0.00243148713544
0.00220269982564
0.00199711509135
0.00182204399814
0.00166125593807
0.00150621658463
0.00136401598503
0.00122060689591
0.00108351060743
0.000962838239318
0.000861285696737
0.000770825015656
0.000686567801709
0.00061850421047
0.000561962147945
0.000512094557744
0.000463270715818
0.000419951535865
0.000384833492429
0.000353072682651
0.000325911123153
0.000302336928875
0.000280713844622
0.000266023056223
0.000253851539628
0.000244175935033
0.000236645430311
0.000233526554255
0.00023160107842

# 0034_r1

-0.657302735938
0.125742042958
0.0475905345337
0.0267768276045
0.0191494064928
0.0153375441179
0.0129564787257
0.0111902344795
0.00982566371192
0.00869521155851
0.00770757118775
0.00692357414864
0.00623603286851
0.00562663459224
0.00503923678442
0.00452539691441
0.00405454875516
0.003628878875
0.00325457757469
0.00292469403361
0.00261811266721
0.00234426987949
0.00210490171871
0.00189586614357
0.00170794279965
0.00153234570812
0.00137503567184
0.00123921571234
0.00111248618286
0.000996817968297
0.000893761146749
0.000803363890863
0.000729763236474
0.000662495185079
0.000600043921976
0.00054437952704
0.000494460610232
0.000445486890719
0.000396218768985
0.000353219845576
0.000322511431601
0.000298986902869
0.000279906465355
0.000266955592774
0.000258100006169
0.000250165417193
0.000243919792112
0.000240638147101
0.000239850970862

# 0035_r1

-0.65533556631
0.126747277669
0.0483392811147
0.0273121542739
0.0195220823819
0.0155145493008
0.0130082070364
0.0112426991093
0.00984088169011
0.00872606754724
0.00776193750376
0.00690100515576
0.00611973025066
0.00543965122011
0.00484087125899
0.0043122563442
0.0038409767065
0.00344384752806
0.00310384516076
0.00277596575798
0.00249468005186
0.00224987239339
0.00204272104067
0.00186472549804
0.00170186615839
0.00154278637593
0.00140156854678
0.00128065568807
0.00117267429686
0.00107007250478
0.000963819611651
0.000859284033304
0.000762232812714
0.000679184191657
0.000608078279968
0.000545457362307
0.000488228807916
0.000438132090889
0.000397849826166
0.000365166017902
0.000335713601455
0.000312270065362
0.000292066647298
0.000273575633421
0.000259422510471
0.000249671645718
0.000241338675895
0.000236796613118
0.000236076331278

# 0036_r1

-0.657148032193
0.124959338635
0.0468398927992
0.0261254297038
0.0185488841904
0.0147255503055
0.0123572223622
0.0107071728305
0.00935553748241
0.00825193052056
0.00732415396969
0.00648075470365
0.00574334618888
0.00513887463868
0.00464996036539
0.00420638825661
0.00378798880148
0.00337960735969
0.00301145259732
0.00268071825318
0.00238986651665
0.00213224158607
0.00190310127763
0.00170227415896
0.00153042333659
0.00137421593972
0.0012329022638
0.00109927830854
0.000977242928451
0.000864339700763
0.00076148846208
0.000674200287052
0.000603334106806
0.000543533517492
0.000489689434685
0.000441215170688
0.000398346233017
0.000361839354034
0.000331458170616
0.000306422038273
0.000283678003069
0.000262701394597
0.00024894151815
0.000237280648129
0.000224710124809
0.000215786220791
0.00020902910756
0.000201450548536
0.000199266623452

# 0037_r1

-0.656843007811
0.126766333993
0.0484560091671
0.0275828014584
0.0198651733991
0.0159362227862
0.0134688548663
0.0116348722105
0.0102033686441
0.00900804576198
0.00795874915653
0.00703243854891
0.0062348812275
0.00554479919434
0.00496357553544
0.00444643790534
0.00397656669907
0.00353070445103
0.00313394243325
0.00278809143671
0.00248736155453
0.00222158446748
0.00197120464742
0.00174015519123
0.00154631649454
0.00137185867263
0.00120736418093
0.00107378385931
0.000956023100345
0.000855829231697
0.000769511704618
0.000691243441532
0.000623295295541
0.000551978216247
0.000493762767802
0.000447104607576
0.000404448145118
0.000366148373319
0.000328321111414
0.000296774757732
0.000272041497996
0.000254016503276
0.000237898994434
0.000225329638958
0.000214803493351
0.000205407542489
0.000199880612218
0.000195541186894
0.00019407494206

# 0038_r1

-0.655493815552
0.128233330997
0.0493516043956
0.0281113643388
0.0202362515064
0.0161387110789
0.0135341913748
0.0116787347211
0.0102379679787
0.00902676343504
0.00799450204141
0.00710503432574
0.0063355498599
0.00565351477323
0.00502926552197
0.00447223805561
0.0039995374847
0.00358796267705
0.00319415532029
0.00283481565589
0.00250193426873
0.00222105964589
0.00197878602729
0.00175576488286
0.00156640268592
0.00140670348033
0.00126370302807
0.001124656778
0.00100534058811
0.000908771681391
0.000824242840035
0.000749560511131
0.000677708528414
0.000608275405176
0.00054846581841
0.000496346557965
0.000452372737948
0.000411875409846
0.000375566126068
0.0003422366336
0.000313445729444
0.000289726431554
0.000270747726343
0.000254322819864
0.00024245845809
0.000234713177626
0.000230698499118
0.000226409441611
0.000223522386712

# 0039_r1

-0.657034424882
0.125315800659
0.0470103787575
0.0262111396568
0.0186710137158
0.0148953088768
0.0125036404023
0.0108070815941
0.0094616956142
0.00836877306393
0.00748082230431
0.00669789242988
0.00600222077217
0.00535806267903
0.00477900002644
0.00424342373506
0.003764785599
0.00336548320873
0.00301166359247
0.00271024402111
0.00245332567466
0.00224131129159
0.00205100107487
0.00186875948125
0.00169492933433
0.00153836566741
0.00140088448622
0.00128631217373
0.00117971251581
0.00108102201686
0.000984112544234
0.000896550138467
0.000809804745942
0.000726597432749
0.000653510159353
0.000591169322245
0.000532096840131
0.000482648395277
0.000440411858465
0.000407833561483
0.000381355737646
0.000365270895649
0.000350718748914
0.000340166708609
0.000330554085108
0.000321394346794
0.000313121761867
0.000309519230656
0.000308265066001

# 0040_r1

-0.657131732081
0.125958887387
0.0478786600024
0.0271595157319
0.0196552811077
0.0159598194726
0.013552791314
0.0118086404407
0.0104363542707
0.00924353136194
0.00819525336012
0.00726118679483
0.00645110979411
0.0057605858432
0.00513692948957
0.00460010928539
0.00413593426803
0.00371645136713
0.00333289678035
0.00300245087034
0.00270723342463
0.00243901091547
0.00219205564396
0.00197295597368
0.00177068558846
0.00159256305149
0.00143299134221
0.00129456783802
0.00116757854547
0.00105016630599
0.000945702934853
0.000856229856466
0.000776208424087
0.000713489753572
0.000659556309903
0.000608726103031
0.000562893991411
0.000516872226157
0.000472655177814
0.000429220666533
0.00038575259762
0.000344535385548
0.000309777115966
0.000283617999404
0.000266329952859
0.000253737699729
0.000244244961642
0.000239411602185
0.000238997582548

# 0041_r1

-0.654859538317
0.127701355734
0.0493131291143
0.0282588041184
0.0203880955677
0.0163693234245
0.013793357596
0.0119455349097
0.0104831918592
0.00929846486054
0.00819902675244
0.00723357165939
0.0064147010972
0.00570165162962
0.00510129598969
0.00456066876474
0.0041042566125
0.00372326407347
0.00336730153857
0.00302975058541
0.00271306259799
0.00243051385474
0.00216129734609
0.00191193797724
0.00170286792319
0.00152003263828
0.00136254258367
0.00121881374925
0.00109401538787
0.000981107437136
0.00088852756576
0.000812119417681
0.000738857500831
0.000669276081249
0.000608065210437
0.000552088073567
0.000502697083623
0.000455008945402
0.000412223560353
0.000377075088966
0.000348123463449
0.000328692981931
0.000311594433709
0.000300089228122
0.000293466904309
0.000284692307111
0.000274859290596
0.000268744402503
0.00026465414592

# 0042_r1

-0.657542855197
0.12528091019
0.0471555038094
0.0262570376699
0.0185945972982
0.0147327122097
0.0123287163084
0.0106441358206
0.00925911518237
0.00811924511156
0.00719438157487
0.00641545667922
0.00573514781608
0.00512591225502
0.00459982131316
0.00412562857226
0.00369483263692
0.00333371116181
0.00300260221691
0.00269789199613
0.00242141738981
0.00215630341676
0.0019220464271
0.00172120467298
0.00154395267122
0.00138977948854
0.00124872774524
0.00112373715631
0.00101787510617
0.000924901514651
0.000834221768076
0.00074127859176
0.000656946397717
0.000583223068395
0.000525902646064
0.000477281044432
0.000436726396358
0.000399202205264
0.000364851422219
0.000333978636997
0.000306709322681
0.000282326709388
0.000258324931045
0.00023717896423
0.000220512643351
0.000207912023593
0.000198129557522
0.000191678335375
0.000188179077468

# 0043_r1

-0.654345594743
0.128086748842
0.0497685091461
0.02872851652
0.0208027025589
0.0167398280069
0.0141415505187
0.0122269335183
0.0107344946684
0.0094998959568
0.00841048367447
0.00746934601293
0.00662764336884
0.00585230616133
0.00520502871394
0.00465712936719
0.00419097594529
0.00376754824427
0.00337352935091
0.00302282510882
0.00269978285501
0.0024290063724
0.00219030961646
0.00197373624654
0.00176500216637
0.00156082355915
0.00137266341879
0.00121805437897
0.00109035238055
0.000978976518655
0.00088945360108
0.000810836870015
0.000736005298749
0.000664518249689
0.000599479319331
0.000544867822555
0.000492814678747
0.000448966093466
0.000407810694988
0.000371434338061
0.000342220084399
0.000319256708702
0.000299345445557
0.000283309976884
0.000272289842036
0.000262729976715
0.000252987839545
0.000245367828047
0.000242158973075

# 0044_r1

-0.655061991835
0.127932261152
0.0493218428156
0.0281846267962
0.0202527824262
0.0160668827791
0.0133700476719
0.0114715298826
0.0100494550441
0.00888608783028
0.00789713482997
0.00701724104177
0.00625533260689
0.00554520946593
0.00492877212458
0.00440003346299
0.00393903849223
0.00352115557008
0.0031084138722
0.00274094924727
0.00241619360174
0.00213118923287
0.00188387812319
0.0016734534202
0.00150033283631
0.00135431492817
0.00122676011894
0.00110684374084
0.000997813605781
0.00089945518656
0.000815376633049
0.000745784059948
0.000679149158698
0.000614880063764
0.000559547723428
0.000511973331723
0.00046938007915
0.000428942280518
0.000395812720932
0.000366292532908
0.000342278384913
0.00031791158745
0.000294219491169
0.000274860872488
0.000260566123736
0.000248254807945
0.000240558053598
0.000237492192911
0.000237160516597

# 0045_r1

-0.655835670822
0.126845828445
0.0486013234683
0.0277046744603
0.0199711092934
0.0160295221409
0.0134985252341
0.0116390045806
0.0101933391696
0.0089617928947
0.0078758580555
0.00696187662285
0.00613628070012
0.00540181630536
0.00477604229542
0.004249155163
0.00378371899754
0.00337300981874
0.00301539918687
0.00271594407915
0.00245467735873
0.00221467693422
0.0019889819828
0.00178064193326
0.00159830036639
0.00143629277304
0.00129260207122
0.0011647881427
0.00103916674346
0.000926641987841
0.000829158591487
0.000741345573517
0.000659367854052
0.000590185935158
0.00053137533405
0.000484078013598
0.000437803928963
0.000399838590026
0.000364285801319
0.000329595861531
0.000299664567581
0.000274959198213
0.000256474842236
0.000239335247456
0.000226885074672
0.000218004269826
0.000208887613339
0.000201422303983
0.000199182342408

# 0046_r1

-0.657583855117
0.125537912003
0.0471625216534
0.0263169161021
0.0186504405955
0.0148887888732
0.0125485707968
0.0108125259631
0.0094444668632
0.00829562815565
0.00735925231164
0.00654542054907
0.00582456636639
0.00516237723222
0.00457597137552
0.00407436938696
0.00364104752808
0.00325901871116
0.00291881746263
0.00261866669375
0.00233659154114
0.0020845795694
0.00187596936328
0.00168759590619
0.00151498940663
0.00135369152952
0.00120227080223
0.0010680673416
0.000949916983336
0.000847268935822
0.000760437779204
0.000686474006222
0.00062000609557
0.000560245018667
0.000504833444948
0.000460086525274
0.000422688075794
0.000390003521553
0.000359668909535
0.000334388474431
0.000313480043385
0.000294925785285
0.000276462802092
0.000258281990756
0.000243473479824
0.00023143170303
0.000223343736225
0.000216274553194
0.000213404560933

# 0047_r1

-0.656354126228
0.126234813247
0.0476772233018
0.0267207581634
0.0190587651963
0.0151864510223
0.0127055338213
0.0109479643951
0.00959925971399
0.00852714266847
0.00764640626017
0.00689142626968
0.00617416378516
0.00552432858301
0.00493392950051
0.0044113525096
0.00393399596067
0.00351690361955
0.00314753063995
0.00279754912143
0.00250352736108
0.00222755166545
0.00196669668851
0.00173170679882
0.00153310785401
0.00136918310147
0.00123019873156
0.0011064580564
0.000998629168828
0.000897342037717
0.000810488546548
0.000735463508912
0.000668179469026
0.000607374976186
0.000552821965863
0.000507486482237
0.000466033788258
0.000428714105129
0.000398939901683
0.000368498951647
0.000343951486393
0.00032300962622
0.000306233863575
0.000293095133822
0.000281258032467
0.000272591162446
0.000266455259247
0.000263275829976
0.000261387414351

# 0048_r1

-0.657104046512
0.125595188728
0.0473377121966
0.0264523259931
0.0188584093353
0.0151759011374
0.0128670421338
0.0112089740512
0.00994159020336
0.00883422199406
0.00781435985705
0.00691362563141
0.00610964094264
0.00544524759243
0.00488305452177
0.00438505571291
0.00394782353114
0.003555756363
0.00317508107792
0.00283646215124
0.00253222994212
0.00226078442328
0.00202240978278
0.00179144918258
0.00159377280243
0.00142551973311
0.0012832896845
0.00115485130729
0.00103505189201
0.000929571498142
0.000840188514475
0.000759078129852
0.000682277062566
0.000615038713554
0.00055385528274
0.00050060758429
0.000454212442979
0.000412945983777
0.000377614062579
0.000346026276787
0.000317657557036
0.00029443497045
0.000273223096573
0.000254289191786
0.000239160508142
0.000226374581012
0.000216169662309
0.000209093166665
0.000206936390005

# 0049_r1

-0.657872033275
0.125014569254
0.0469880049992
0.0263140800298
0.0188332524798
0.0150834282511
0.0127006033317
0.0109352441148
0.00958763266435
0.00843300227076
0.00745912307156
0.00665877101156
0.00596335488022
0.0053475477345
0.00479044387915
0.00429439771126
0.00385751176365
0.00346609502281
0.00311752562864
0.00280152133056
0.00252737050768
0.00227974013872
0.00204652531378
0.00184138653138
0.00165814047343
0.00148542998763
0.00133100583945
0.00118722309169
0.00104987966932
0.000922808645667
0.000811029188529
0.000720556979205
0.000644404210866
0.000578666654798
0.000530201309123
0.00048413880015
0.000443444053859
0.000406522830051
0.000373412080083
0.000344986902341
0.000319877739998
0.000296785287444
0.000276905408449
0.000263446886711
0.000249903808627
0.000240028401292
0.000233323937252
0.000229810879357
0.00022861653215

# 0050_r1

-0.655616144636
0.127178596568
0.0492359247953
0.0284002641843
0.0206941164481
0.0166770427192
0.01401919984
0.0120829172746
0.0105350562363
0.00926334404233
0.00817838378146
0.00725714403431
0.0064360266622
0.00573475969862
0.0051042781638
0.00454626434806
0.00404780644816
0.00361085375933
0.003225214296
0.00288375898523
0.00257696209487
0.0023133414604
0.00207613115881
0.00185345128722
0.00165542903859
0.00148526270463
0.00133547562841
0.00120465786637
0.00109057616567
0.000979570528912
0.00088299129838
0.000794255698317
0.000718029919724
0.000648973075063
0.000587585390616
0.000534265557908
0.000491817440849
0.000454177037924
0.000412901939779
0.000373820758864
0.000338927116246
0.000308959598993
0.000282751338869
0.000263033470325
0.000250247591385
0.000238353555039
0.000227972305696
0.000221885545675
0.000220183313353

# 0051_r1

-0.655801203468
0.127282261406
0.0490926471624
0.0281880118563
0.0204084305956
0.0163684522659
0.0137947661542
0.0119954492182
0.0105745279635
0.00936378003924
0.00834127232233
0.00747350836835
0.00670086469613
0.00599314256702
0.00532378936068
0.00472967834405
0.00420151746769
0.00375535717237
0.00335446191154
0.00300672741441
0.00269701241939
0.00242072928106
0.0021777039835
0.00193337568445
0.00171247350873
0.00152176694438
0.00135179849237
0.0012029377875
0.00106623421055
0.000952956914353
0.00085376844476
0.000768237498389
0.000681273916984
0.000602164321524
0.00053966129433
0.00048508141381
0.000433625286546
0.00039137626339
0.000356991688171
0.000328980574281
0.000308957556138
0.00029425622313
0.000283153023773
0.000273883631341
0.000267553623835
0.000262305878406
0.000259956457124
0.000256483588956
0.000254730423411

# 0052_r1

-0.654670130125
0.128703954558
0.050264663079
0.0293038857679
0.0214611706684
0.0173512487573
0.0146655018741
0.0127456989557
0.0112571203987
0.0100164209583
0.00891537764294
0.00789296188851
0.0069702295718
0.00615576900097
0.00545374734573
0.00487113301155
0.004347387598
0.00389831504776
0.00348321350381
0.00312381433733
0.00280607797535
0.00254207546378
0.00230247319593
0.00207935183579
0.00186466575272
0.00167190973558
0.00149044435658
0.00133316841758
0.00119721171202
0.00108009338795
0.000976164862566
0.000876865235685
0.00078498513409
0.000698838349799
0.000619195161688
0.000550201517914
0.000492841639514
0.000446582327177
0.000403920040029
0.000368941947645
0.000337398384232
0.000311254818607
0.000289559943388
0.000269150951049
0.000256001148512
0.000245856461248
0.00023814999831
0.000232668119511
0.000230315575279

# 0053_r1

-0.655133750772
0.127508359091
0.0492206300633
0.028279714971
0.0205336782837
0.0165600798727
0.0139820622344
0.0120479981013
0.0104900407247
0.0091525962812
0.00806138904516
0.00715272857552
0.00632521719866
0.00557528241253
0.0049313582225
0.00438667742811
0.00387417543282
0.00342720344832
0.00305441236316
0.00271896643975
0.00243524688136
0.00218236691575
0.00194720384071
0.00173874913204
0.00156137073767
0.0013961396161
0.00124401545988
0.00110232220637
0.000988384835756
0.00088433547318
0.000792950581351
0.000712500277015
0.000640522112447
0.000582824978842
0.000532720768725
0.000484181142222
0.000443822410289
0.000403411802213
0.000369434290041
0.000339017617316
0.000316771957987
0.000297791957833
0.000281477254243
0.000267917426403
0.000252748098698
0.000238008380576
0.000227506916417
0.000219950334927
0.000218259385997

# 0054_r1

-0.65609248998
0.127362751359
0.0490200305184
0.0280333922257
0.0201719542892
0.0160912511598
0.0134832348482
0.0116223835201
0.0102066418919
0.00905426647873
0.00810772102249
0.00728008604108
0.00652148186845
0.00583093314114
0.00519180515584
0.00460187646213
0.00408052446977
0.00361896230728
0.00321199409077
0.00286361478981
0.00255582556066
0.00229248941916
0.00207152251436
0.00187368818688
0.00169919800303
0.00154046428939
0.00138576094043
0.0012419540709
0.00111127852458
0.000986335573707
0.000876630863873
0.000779098359188
0.000693492701119
0.000616832626478
0.000549310877804
0.000489318588787
0.000438402253034
0.000395723477751
0.000358171407849
0.000325919175515
0.000297442663769
0.000271943196737
0.000250825075554
0.000237134836279
0.000228182352133
0.000220475067031
0.000215779996337
0.000212346523537
0.000212109436885

# 0055_r1

-0.656751860335
0.126194282011
0.0478699880137
0.0270038292866
0.0192671041803
0.0154180103194
0.0130303904494
0.0112624978752
0.00985658261081
0.00862476508485
0.00756251611612
0.00668236693536
0.00592169818832
0.00525271225206
0.00469235810146
0.00420068361701
0.00375299271856
0.00333986616628
0.00295116103576
0.00262280657645
0.00231549317107
0.00203771913073
0.0018000174265
0.00159865024728
0.00142452892704
0.00127264889369
0.00112729630932
0.00100536770285
0.000896976243264
0.000798020584726
0.000710996354289
0.000637858756466
0.000577444354918
0.000524341317095
0.00047170997576
0.000421301870697
0.000377340831557
0.000338985916853
0.000309876528705
0.000287467406813
0.000270300250234
0.00025395167482
0.000240039387123
0.000228881094268
0.000219537127249
0.000211481031246
0.000206204081616
0.000204159462412
0.000202546883895

# 0056_r1

-0.655949132999
0.127606193527
0.0492200293776
0.0282527683095
0.0204581328173
0.0164029184727
0.0137860476868
0.0118464207464
0.0102665848417
0.00892824159324
0.007788570072
0.00684981981015
0.00603304494102
0.0053214045951
0.00472899778953
0.00420890397044
0.00375852406773
0.00336918546509
0.00304525259489
0.00277524036151
0.00252738007161
0.00228945132507
0.00206883568012
0.00186296278439
0.0016839367814
0.00151965971979
0.00137530040817
0.00124574658992
0.0011288259833
0.00101426713314
0.00091245193416
0.000818230230455
0.000737726946192
0.000661745889763
0.000591240154686
0.000530408876004
0.00047577842777
0.000425432174585
0.000381306322244
0.000347894532376
0.00032145836733
0.000296172266712
0.000274319243757
0.000249979901231
0.000228532346157
0.000211880160225
0.000199462804277
0.000193663020541
0.00019290504959

# 0057_r1

-0.657122235678
0.12577197307
0.0475052467116
0.0267435914771
0.0192125388243
0.0154018290194
0.0129363691732
0.0111001886864
0.00968023600625
0.00847954859597
0.00744686570264
0.00660945100088
0.00586371696751
0.00518578155541
0.00461756873403
0.00412573585109
0.00371036153506
0.00333149682636
0.00298066899506
0.00264636761488
0.00233965980255
0.00206193193641
0.00182650978313
0.00163003998033
0.00146143175257
0.00131156865213
0.00117882195649
0.0010701302856
0.000967327817892
0.000870397003399
0.00078675530349
0.000709400709097
0.000635850581211
0.000569201198173
0.000509255616667
0.000456123171467
0.000413657371269
0.000379973905593
0.000349166622847
0.000320365118041
0.000295601474819
0.00027466338414
0.000257735864142
0.000241587567997
0.000228235274309
0.000218773079974
0.000209379914521
0.000201674266519
0.000198430069399

# 0058_r1

-0.656620907464
0.126226888317
0.0477531552506
0.0267658427545
0.0191717952774
0.0154216359963
0.0130777607095
0.0113768599589
0.0100520645553
0.00894094627052
0.0079776663998
0.00708294358833
0.00632094443125
0.00566957164804
0.00510126351919
0.00457193891025
0.00407059349277
0.00364077957376
0.00325105952756
0.00288614574817
0.00257130773045
0.0022823633186
0.00202854029144
0.00180698300782
0.0016039707319
0.0014307900592
0.00128927745072
0.00116166119981
0.00104693659027
0.000944556198409
0.000843270668315
0.000756605932388
0.000678767896049
0.00061632474384
0.000562785597424
0.000513497378508
0.00046399990525
0.000424002079734
0.000386712870618
0.000353766241855
0.000326053617132
0.000305737952432
0.000290499042621
0.000278255428317
0.000266802076101
0.000259104707125
0.00025529572136
0.000253172207115
0.000250776627321

# 0059_r1

-0.656530554825
0.126282528417
0.0480207927956
0.027119499739
0.0193759377146
0.0155273161121
0.0131574248893
0.0114392949553
0.0100619687383
0.00887092651302
0.00787603589122
0.00701363331929
0.00625956335194
0.00561725118078
0.00500388351401
0.00448258205052
0.00401612086319
0.00360560464447
0.00325150065683
0.00294212399999
0.00265670590759
0.00240986634808
0.00217753068394
0.0019551005303
0.00174738121514
0.00155652749491
0.00138021124088
0.00122454644446
0.00108705654599
0.000961409767325
0.000848692620804
0.000754069717984
0.00067424150945
0.000603321147238
0.000535285045887
0.000476373092938
0.000425825556167
0.000384708427854
0.00034982386523
0.000321605987359
0.000299480152115
0.000282112562054
0.000268536298036
0.000258744623659
0.000251398826055
0.000244532676543
0.000240135253454
0.000236522457072
0.000236086143475

# 0060_r1

-0.657161465372
0.125793293984
0.0477063560208
0.0268561853604
0.0189988302051
0.0149493178171
0.0124876651083
0.0108253776525
0.00952496399608
0.00841908944069
0.00744204876738
0.00661514488488
0.00590491893173
0.00530846131917
0.00476107537415
0.00430073102419
0.00386060301508
0.00344913485882
0.00307985144037
0.00276567753304
0.00248272159552
0.00222087356495
0.00199684793762
0.00179588673322
0.00162766479768
0.0014807500078
0.00134508760169
0.00121289207088
0.00108834525273
0.000977795824737
0.000876172103705
0.000787907866485
0.000708819603833
0.000642083015977
0.00058294753191
0.000529514558504
0.000484838288657
0.000443420656417
0.000400509643227
0.000360679953321
0.000323255400696
0.000290276092026
0.000262073577087
0.000240292496138
0.000225912934139
0.000216276252061
0.000206471612737
0.000201135478515
0.000199536763107

# 0061_r1

-0.656135574691
0.127080031761
0.0486891071203
0.0277447052386
0.0199938145565
0.0160758089579
0.01354785715
0.0117391303428
0.010253659869
0.0090197278861
0.00793616447529
0.00697945831754
0.00616124351314
0.00546858569838
0.00486713597292
0.00435421152064
0.00390990140001
0.00351910389737
0.00316611792832
0.00283581886149
0.00254314100802
0.00228027712314
0.00205531137722
0.00185951365963
0.00168164455262
0.00151911941602
0.00135976232527
0.00121205603737
0.00108239755382
0.000968239136518
0.000877571039558
0.000792966106867
0.000710511700485
0.000630419542586
0.000564215102567
0.000511604295027
0.000467099803189
0.000425994006859
0.000389187036811
0.000359507441879
0.000333314390033
0.000310951972959
0.000290669030568
0.000275203671935
0.000264415218391
0.000258502907948
0.000254174759569
0.000250730311466
0.00024938901928

# 0062_r1

-0.654109389755
0.128817256755
0.0501588316747
0.0289589189997
0.0209466756813
0.0167469941665
0.0140848827104
0.0121096562707
0.0105506117441
0.009235360447
0.00813745259457
0.00723671295199
0.00644963290667
0.00573816654255
0.00508919337409
0.00454232097116
0.00406018637365
0.00361455490938
0.00321434342707
0.0028759098252
0.00257641219313
0.00231547404687
0.00208545940026
0.00186796496452
0.00167452605052
0.00150351579238
0.00134812942497
0.00120410456172
0.00107523997126
0.000957774200027
0.000853693135973
0.000766619840686
0.000696308355858
0.000635466935917
0.000584361937701
0.00053105213021
0.000479030330921
0.000435385520089
0.000397300247435
0.000362347826328
0.00033278356942
0.000306841962546
0.000284639757404
0.000267651055117
0.000256271168782
0.000247196155531
0.000239703828336
0.000233877720207
0.000230997041439

# 0063_r1

-0.658040672465
0.124927888568
0.0470229608864
0.0262228036022
0.0185609433311
0.0147144095184
0.0123317485773
0.0106646577249
0.00939452677161
0.0083453112272
0.00746929094606
0.00671912215837
0.00605899116923
0.00546292356266
0.00488757607155
0.00438431863744
0.00394001653905
0.00355226817541
0.0032149713327
0.00289650305289
0.00261939269841
0.00237149269011
0.0021332439095
0.00191573471443
0.00172197325198
0.00155907562153
0.00141271274798
0.00127110183414
0.00114823434093
0.00103950878657
0.00093950635164
0.00084912744593
0.000770395471416
0.000694744413307
0.000623517401984
0.000558291088931
0.000503114356636
0.000456661827736
0.000416410045407
0.000383234318076
0.000355534058068
0.000331734286742
0.000308527159301
0.000289424564507
0.000272130553211
0.000257554351023
0.000246003777714
0.00023961789707
0.000237324340473

# 0064_r1

-0.656669853403
0.125900285802
0.047443333917
0.0265858617614
0.0189512447038
0.0150764278103
0.0126083627086
0.0108547111625
0.00945584441087
0.00828509987621
0.00734133291774
0.00653752254087
0.00583921311257
0.00524295276592
0.00466538287105
0.00416156193673
0.00371403122765
0.00331253730424
0.00296179332056
0.00266057438067
0.00239506465535
0.00214186700681
0.00191857165074
0.00171763971876
0.00153387242025
0.00136324554559
0.00120579597508
0.00107034011659
0.000950032790414
0.000842926677439
0.000754271987822
0.000677236119252
0.000606702745543
0.000545206376631
0.000489893445832
0.000444284683055
0.000404303260497
0.000366250561592
0.000330261783889
0.000300201068422
0.000272781792009
0.000247976900333
0.000229291575861
0.000215530601576
0.000204261921006
0.000197649736805
0.000194343958637
0.000192159380964
0.000192098450354

# 0065_r1

-0.654188214552
0.12866243184
0.0502435950826
0.0290512131469
0.0209526362771
0.0168018506631
0.0142155567602
0.0123797302316
0.0109683941998
0.00978136846674
0.00875764026451
0.00780050431078
0.0069426241548
0.00617750222436
0.00547719416431
0.00486039459294
0.00433462898139
0.00388262819904
0.00348499720689
0.00312019916386
0.00278956326208
0.00251316299026
0.00226159702272
0.00203339921946
0.00183224929891
0.0016552859195
0.00147816583673
0.00131306249521
0.00117100804889
0.00104881495567
0.000944836555525
0.000852502547379
0.000769664981813
0.000696924331826
0.000634232870251
0.000578811988984
0.000525984911219
0.000479092637
0.000436911261004
0.000400215811819
0.000367647040592
0.000339428997641
0.000315187638292
0.000293600927167
0.000279248812626
0.000270234306459
0.000263846940519
0.000257199749125
0.000255806616076

# 0066_r1

-0.654898331278
0.127636252193
0.049026303661
0.0280798226498
0.020197883107
0.0161068068005
0.0134479535297
0.0115371239978
0.0100365075615
0.00885077749287
0.00782939370957
0.00699850146851
0.00626581689406
0.00564108181107
0.00505178936319
0.004509151199
0.00401555562328
0.00358427332121
0.003204407272
0.00286226376545
0.00255995983433
0.00228687472961
0.00203179825476
0.00180541285556
0.00161408955091
0.00145015728824
0.00130459097159
0.00116415562211
0.00103387929002
0.00091787098206
0.00081250996035
0.000718992699999
0.000633721870029
0.000558985250387
0.000494610579423
0.000437179259412
0.000390416988483
0.00035060354549
0.000315057452357
0.000284557291932
0.000256995950721
0.000235824773515
0.000219359351767
0.000207161658305
0.000200106069082
0.000193105729204
0.000187301112338
0.000184822208164
0.000184443381591

# 0067_r1

-0.657668104558
0.125361847171
0.0472846918252
0.0264668531517
0.018929515075
0.0151345284412
0.0126857683601
0.0108472644019
0.00935136954055
0.00817268937393
0.0072490985839
0.00647705165265
0.00579778486203
0.0051724702188
0.00460167202736
0.0040819058622
0.00365450180271
0.00325160648923
0.00286800699789
0.00255855422212
0.00229270587194
0.00206461987381
0.00185412198408
0.0016576622997
0.0014883413331
0.00134048367713
0.00120847895966
0.00109052212525
0.000985408119788
0.000890010168508
0.000801980311545
0.000728452813097
0.000665800143708
0.000602732965829
0.00054419610827
0.000494353962198
0.000452000302082
0.000418256015072
0.000388629283178
0.000362112145027
0.000339180135311
0.000317781076795
0.000296479568535
0.000275471005865
0.000257951133493
0.00024194226613
0.000231055931763
0.000224063603363
0.000222287224529

# 0068_r1

-0.657443052912
0.125198158806
0.0469255303883
0.0260411489773
0.0184545342042
0.0146845085197
0.0123137306385
0.0106334233137
0.00931105827665
0.00819674552338
0.00727485643525
0.00649419956263
0.00579476642784
0.00520329697946
0.00465575573725
0.00416106492257
0.00371699785986
0.00333382156482
0.00299005090374
0.00268178324748
0.00240755465704
0.00214903708205
0.00191829698559
0.00171715591072
0.00154130278879
0.00138132307525
0.0012402642719
0.00111226882883
0.00100362909936
0.000905947494071
0.000815412494618
0.000737346763521
0.0006705243486
0.00061238371828
0.000564525168929
0.000520833770082
0.00047589310258
0.00043373222022
0.000394562982922
0.000355381591861
0.000320185475467
0.000291537491863
0.000263762835674
0.000238197932824
0.000216457563849
0.000200648065684
0.000190431065984
0.000185689371273
0.000185246200034

# 0069_r1

-0.655970404644
0.126674251369
0.0484638283909
0.0275290969093
0.0197754469459
0.0159074457307
0.01347803769
0.0117292089928
0.0103814752579
0.00925118956371
0.0082617523696
0.0073652426955
0.00661954206147
0.0059395459828
0.00531541537424
0.00477526547954
0.00428122246836
0.0038381820663
0.00346499173877
0.00312729916572
0.00279655314205
0.00248741177087
0.00221037706558
0.00196953417192
0.00174929765317
0.00154542914637
0.0013728415894
0.00122385863694
0.00108830117447
0.000972720392833
0.000873894166734
0.000789196933646
0.000705821152419
0.000632531755438
0.000565610850236
0.000512185371748
0.000460247518844
0.000414405757908
0.000379818299592
0.000351409300225
0.000327399995008
0.000307805331276
0.000290843516438
0.000275318287313
0.000263825499998
0.000253620013846
0.000244696484952
0.000238330885271
0.000236367345515

# 0070_r1

-0.657088666764
0.125719932175
0.0475130784842
0.0267212951181
0.0190509174884
0.0152718328191
0.0128687898778
0.0111003900643
0.0096578948716
0.00851684920344
0.00755601757084
0.00675001832951
0.00607188250182
0.00546551799053
0.00490472707706
0.00438607552222
0.00393231704121
0.00352515963748
0.00315587745073
0.0028267161072
0.0025399596906
0.00230134386563
0.00209268206173
0.00189952153423
0.00171502526666
0.00153468099465
0.00137769262175
0.00122421561664
0.00109406453984
0.00098138059667
0.000881525088007
0.000796948452571
0.000718284298427
0.000649642342257
0.000595166192127
0.000544134839294
0.000496238747685
0.000454899183617
0.00042005442074
0.000384507766913
0.000351711719633
0.000324333331429
0.000300552767577
0.000276167187233
0.000254673535653
0.000240976915298
0.000230329456283
0.000222926981196
0.000220721449649

# 0071_r1

-0.656679033781
0.126134629132
0.0478423023103
0.0270841851471
0.0195255433373
0.0157376444906
0.013325019915
0.011565971096
0.0101455643696
0.00897893205738
0.00797906901555
0.00712572698161
0.00633828188516
0.00560533648946
0.00497459278194
0.0044374936395
0.00394764836778
0.00353971006011
0.00318209237814
0.00285134038635
0.00254293562894
0.0022712500334
0.00203388646137
0.00181869089893
0.00161768665426
0.0014404609794
0.00129287857169
0.00116255462303
0.00104716901434
0.00095366067668
0.000870713174945
0.000792111161189
0.000721003803988
0.000651419673778
0.000592275231741
0.000537786445526
0.000487148577942
0.000436738657866
0.000393916988282
0.000358644685615
0.000329873531719
0.000304082279163
0.000280835232193
0.000261887724427
0.000246674320134
0.000230656020984
0.000217143641138
0.000209603165271
0.00020685298547

# 0072_r1

-0.654807349989
0.127658219895
0.0491829673835
0.0281473505675
0.020386141097
0.0164644640892
0.0139164250607
0.0120643718373
0.0106438654348
0.00942524238082
0.00835569100943
0.00746254253529
0.0066733935511
0.00596833893821
0.00536000391414
0.00483921498622
0.00437561347938
0.00395050007234
0.00354070241302
0.0031712212289
0.00284725337558
0.0025608917629
0.00230260740198
0.00208324755854
0.00187347408085
0.00167680991012
0.00149626478419
0.00133102337352
0.00119091185626
0.00107521720689
0.000978394622919
0.000897486405988
0.000828946628986
0.000765922374497
0.000706847754771
0.000649502288258
0.000593966122458
0.000541063845556
0.00048855612974
0.000446252902626
0.000410311998687
0.000380291315529
0.000358425823745
0.00034442474462
0.000332281717372
0.000324278588527
0.000315352389417
0.000310574907254
0.00030868006931

# 0073_r1

-0.654411940488
0.128679162191
0.0500955910443
0.0290430033596
0.0211575595091
0.0170778156106
0.0144801072165
0.0125976196295
0.0110782997145
0.00982221787872
0.00877326839033
0.00784225711361
0.00698813641476
0.00625149130984
0.00562154664568
0.00505946822319
0.00456084282171
0.00412622449031
0.00370971705813
0.00335493749614
0.0030309340635
0.00273230383912
0.00245094529637
0.0021950671231
0.00197303997381
0.00176736221075
0.00158705969471
0.00143422760713
0.00129633183307
0.00116998262076
0.00105977247401
0.000968805398567
0.00088529008967
0.000799527300592
0.000720141762852
0.000650330233766
0.000589463431405
0.000532831898462
0.00048226586273
0.000442843047434
0.000409018536812
0.000380944448871
0.000355117783108
0.000329465308279
0.000304028099382
0.000280983462649
0.000266513994333
0.00025824506017
0.000256406362322

# 0074_r1

-0.65645745198
0.126129780597
0.0477627026559
0.0268170328288
0.0191232417639
0.0152396200442
0.0127860912518
0.0110123958913
0.00962368420726
0.00843038631351
0.00748570768828
0.00668745566567
0.00598105535617
0.00541338123714
0.00490937484916
0.00445631652618
0.0040239564877
0.00361584910529
0.00322736209398
0.00288728437168
0.00259220586399
0.00233119738814
0.00210722270632
0.00190411802648
0.00171327182013
0.00153959359018
0.00137613295439
0.00123195502116
0.00111030495694
0.00100325198893
0.000897466073066
0.000803814748605
0.00072755111581
0.000653868805326
0.000590487974366
0.000530862159474
0.000480510263842
0.000437671425105
0.000400595330174
0.000368761824187
0.000338801643835
0.000310852946229
0.000287962830734
0.000270801687901
0.000256832986078
0.000247960912242
0.000242176900115
0.000236564123637
0.00023340775185

# 0075_r1

-0.657308557494
0.126349702383
0.0482876869325
0.0275763812889
0.0199938607534
0.0161714818004
0.0137469457299
0.0119099692239
0.0104479009199
0.0092231379082
0.00827315966045
0.00746106212533
0.00669430172683
0.00598359302246
0.00532997050825
0.00474167736619
0.00422318905263
0.003762175479
0.00335510297908
0.00299718036563
0.00268404604074
0.00239442103648
0.00215160160102
0.00193924365941
0.00173968095935
0.0015613545284
0.00139826443971
0.00124639214167
0.00111292508833
0.000992779890526
0.00088468772156
0.000776267126664
0.000682169208491
0.000605312752122
0.000538908948214
0.000479282222851
0.000427783096275
0.000383814532545
0.000345115856185
0.000312107981353
0.000282783700762
0.000262063914846
0.000246965005839
0.000233602271386
0.000222821917872
0.000216696910876
0.00021361319093
0.000211895416208
0.000210987935073

# 0076_r1

-0.656561686968
0.126779702322
0.0486375621759
0.0277108378117
0.0198767686366
0.0157991702256
0.0132538026315
0.0114126578995
0.00995340495207
0.00870529350815
0.00767810374187
0.00681155510782
0.0060754498855
0.00540328128976
0.00482395313186
0.00429430415084
0.003855997991
0.00345827040965
0.00307119116743
0.00272813228819
0.00240814678718
0.00212244969904
0.00187941759172
0.00166552584789
0.00146829835597
0.0012994191658
0.00116773813111
0.00105764385724
0.00096724038365
0.000889364218612
0.000811657325283
0.000740094413418
0.000671951671948
0.000601211695156
0.000537283369739
0.000478244644706
0.000426824553129
0.000379269117581
0.000339477846435
0.000309753757635
0.000283947293404
0.000264359254124
0.0002480305299
0.000236536725067
0.000229645334491
0.000225769195285
0.000219259313636
0.000213278191269
0.000210213593722

# 0077_r1

-0.657493327189
0.124923478679
0.046580771638
0.0258654636787
0.0183676491101
0.0146962465487
0.0124539844659
0.0108299615071
0.00952813627289
0.00844754236042
0.00750737604939
0.00671124446663
0.00604012084103
0.00545344655838
0.00489174442802
0.00436317819272
0.00386420355902
0.00341435018851
0.00303260393776
0.00271305374117
0.00242329684043
0.00216901714709
0.00194643861735
0.00174947106403
0.00157520221916
0.00142357502754
0.00128697562084
0.00116663841247
0.00105216903245
0.000940755535524
0.00084176013979
0.000749236497737
0.000668232099028
0.000596045185062
0.000531412292962
0.000471566951548
0.000420560650964
0.000375221837097
0.0003336175721
0.000292883268559
0.000254349851894
0.000222476241754
0.000199005927893
0.000182074719172
0.000170609210919
0.00016301808185
0.000154714285606
0.000147775964151
0.000144833125245

# 0078_r1

-0.654981328438
0.127323767229
0.0488484826545
0.0278395949055
0.0200151061474
0.0160531387467
0.0135578632284
0.0116383003385
0.0100964207684
0.00884246898229
0.00776318255628
0.00683719400725
0.0060421281168
0.0053755871037
0.00476885801608
0.00424906236857
0.00380747338196
0.00338201755944
0.0029998757765
0.00267407641911
0.00238241942925
0.00212343793348
0.00189045485922
0.00168559344634
0.00150896670674
0.00135700101577
0.00121773137823
0.0010912141246
0.000976141786905
0.000868929565978
0.000771233027624
0.000681773452331
0.000605792757499
0.000543468056976
0.000496484383242
0.000454304585457
0.000410730436563
0.000375802178604
0.000348248071352
0.000325912151021
0.000305589827624
0.0002844919544
0.000266240428504
0.000251847687668
0.000242696716259
0.000236281204736
0.000231406603244
0.000230056124643
0.00023075156138

# 0079_r1

-0.656401452985
0.126665240367
0.0484950823409
0.0276518341853
0.0199672829064
0.0160714202014
0.0135911924895
0.0117941399245
0.0103484954685
0.00915690064273
0.00812914634634
0.00724949420485
0.006528110329
0.00587715517541
0.00528745512302
0.00473337070529
0.00423822002633
0.00377193734256
0.00336594948615
0.00302164552806
0.00271002750756
0.0024416458014
0.00220539966586
0.00198594474166
0.00178320682866
0.001597829774
0.00142617787777
0.00127902276368
0.00114481011804
0.00102971236917
0.000926683136478
0.000841447501226
0.000758222565684
0.000678829345517
0.00060917157003
0.000547220677213
0.000490678586012
0.000440501946092
0.000394698728905
0.000356818628106
0.00032820233652
0.000305630439342
0.000290017774562
0.000277960440368
0.000267739102362
0.000260259841815
0.000253835683573
0.000249258231845
0.000247773048988

# 0080_r1

-0.655446048706
0.127400345294
0.0490979070082
0.0279916515838
0.0201430283318
0.0161141606708
0.0135321058396
0.0116605884018
0.0102227519437
0.00905959258836
0.00806324701684
0.00717905281969
0.00639168671243
0.00571013214901
0.00510699238183
0.00459406009959
0.00414005843808
0.00369025641443
0.00326798342636
0.00289855090376
0.00258631377968
0.00231285523652
0.00207372648906
0.0018588092737
0.00166521306303
0.00149417441968
0.00133920990163
0.00119796440365
0.00106992387557
0.000960127693723
0.000858999962737
0.000772615396972
0.000696344587149
0.000627341836799
0.000565643713947
0.00050775478601
0.000456957613198
0.000414204365499
0.000378561245064
0.000352601166179
0.000332219931737
0.000312844963768
0.000298520989332
0.00028591401821
0.000273218383405
0.000262097516591
0.000251852578754
0.000245137249237
0.000242582047202

# 0081_r1

-0.657233364075
0.125265744935
0.0473378747152
0.0265901839229
0.0190619433728
0.0153162126925
0.0130240762412
0.0114230504956
0.0101394661459
0.00899010973349
0.0079741105544
0.00705342662334
0.00623395841739
0.00549861067692
0.00485399080566
0.004345268295
0.00391306487779
0.00351042011535
0.00314448219337
0.00284724752544
0.00258794448573
0.00233759066431
0.00210070102849
0.00188936914865
0.00169258210775
0.00151053048144
0.00135059325045
0.00120803764344
0.0010791112117
0.000960128182861
0.000856482313236
0.000759828063853
0.000672700987974
0.000600568537874
0.000540021352874
0.00048342580035
0.000431155752568
0.000381008467255
0.000338983329805
0.000305054738369
0.000274925191823
0.000248765896892
0.000227544011573
0.000210886713099
0.000200380809816
0.000191013460262
0.000186432769139
0.000183997927728
0.000182715588855

# 0082_r1

-0.65625389811
0.126399590413
0.0481756239421
0.0272647050632
0.0195058870942
0.0155744777729
0.013107694579
0.0113336478848
0.00996539478274
0.00884502266315
0.00790977184704
0.00712226644496
0.00636523518285
0.00567728379293
0.00502971233135
0.00446255722558
0.00399068112745
0.0035612532648
0.00316216627562
0.00279979542126
0.00248409046815
0.00222416843824
0.00200389459164
0.00181347288101
0.00164026704114
0.00147308337674
0.00132414151178
0.00118663500508
0.00106244071875
0.000949108797603
0.000847326317088
0.000752205628841
0.000670751324745
0.000601722026518
0.000547111699974
0.000500405454691
0.000458744262087
0.000423871345873
0.000390868688091
0.000359386731701
0.000328772631297
0.000303400488358
0.000283746316071
0.000269651834503
0.000257675949457
0.000248460000842
0.000242750472605
0.000241302381313
0.000240334975391

# 0083_r1

-0.657357809607
0.126087246997
0.0480335909212
0.027327637642
0.0196736560682
0.0158043493267
0.0133287603071
0.0115311420274
0.0101624353752
0.0089939055363
0.00796225524086
0.00708420567931
0.00630203542646
0.00561688180491
0.00499737166176
0.00445253115733
0.00395645945384
0.00349715256411
0.00311536012248
0.00279594618366
0.0024895970546
0.00219099511735
0.00194168579644
0.00173142342704
0.00154514026498
0.00138079036514
0.00122777206614
0.00109579629991
0.000983111029799
0.000882014107623
0.000786188719254
0.000701838020033
0.000629292952927
0.000567784113818
0.000515598954508
0.000471800512313
0.000432132474039
0.000388931906133
0.000351169390768
0.000316958392424
0.000285015669721
0.000259950744226
0.000239254195318
0.000224845569406
0.000212104188201
0.000200161139421
0.000192731080593
0.00018898369323
0.000187988202158

# 0084_r1

-0.656335233426
0.126530308925
0.048574847298
0.0276941402855
0.0199369855822
0.015848425175
0.0132981614438
0.0114650620173
0.0100139268486
0.00883446556388
0.00780851758772
0.00695452023903
0.00620219324132
0.00556672905094
0.00497097730466
0.00442608678729
0.00395441923827
0.00351552855471
0.00313132639409
0.00279681392258
0.00248622989922
0.00220769636142
0.0019671983046
0.00175712092186
0.0015748715931
0.00141810257999
0.0012777333005
0.00114681096057
0.0010286531559
0.000931319416825
0.000838582074212
0.00074694909192
0.000663022855933
0.000582669197959
0.000515095102193
0.00045578640041
0.000407852700867
0.000365330916158
0.000330184325884
0.000305708540792
0.000286483011899
0.000268381139668
0.000248154069613
0.000226386267337
0.000209085318071
0.000195557861613
0.000186440900448
0.000182047754243
0.000182007007733

# 0085_r1

-0.655697624337
0.126533439828
0.0481734773332
0.0273269035263
0.0195970607163
0.0157554159841
0.0133433966614
0.0116117457391
0.0102069101046
0.00901847524467
0.00803676971841
0.00714093309803
0.00635057748888
0.00567221143598
0.00504640203374
0.00449541542831
0.00401202637376
0.00355855896377
0.00315836382384
0.00278388719665
0.00245515385541
0.00217838424388
0.00191582808267
0.00167259813208
0.00146997990219
0.00129660947839
0.00114953602963
0.0010264872811
0.000916449790334
0.000813943927571
0.000723078886367
0.00065168179456
0.000580218161005
0.000515584954732
0.000462864876931
0.000418048492544
0.000379428261351
0.000349150407096
0.000323131148108
0.00029811678713
0.000276835021336
0.000257413392366
0.000240351450112
0.00022654688804
0.000211093298837
0.000200969756574
0.0001928557086
0.000186260079192
0.000183999449751

# 0086_r1

-0.657735313222
0.125473948876
0.0472364766987
0.0263883235676
0.0188149898092
0.0150194690245
0.0126009213241
0.0108954010358
0.00954923178407
0.00842247843205
0.00748079803525
0.00668898257263
0.0060104781126
0.00542733633377
0.00487561726971
0.00438093266261
0.00392030377121
0.00350814861254
0.00312271778576
0.00276756741315
0.00244226487811
0.00215157359891
0.00190389249073
0.00168267092639
0.00149910122238
0.00134174797633
0.00120162957683
0.00107143771668
0.000959884950076
0.0008629023392
0.000769703284002
0.00068206014345
0.000609012267588
0.000552678632722
0.00050108829062
0.000454914522647
0.000409891845318
0.000372583402065
0.000340740062237
0.000312276631674
0.000287187968646
0.000269497732125
0.000252713919525
0.000237828252707
0.000226931711336
0.000218832871653
0.000212973410323
0.000211492458227
0.000210130258316

# 0087_r1

-0.657825940966
0.125071617592
0.0471476768564
0.0263771472754
0.0187353315771
0.01490343524
0.012488017374
0.0107568469046
0.00947848332262
0.00838876571387
0.00746111447773
0.00663293937006
0.00594029979995
0.00532881347514
0.00477638431046
0.00426768875632
0.00378857625131
0.00335497454563
0.00299605238002
0.00266003554316
0.00237095766045
0.00213338809557
0.00192989218518
0.00174760605671
0.00157721672823
0.00141948899298
0.00127855940383
0.00113657757251
0.00100960437704
0.000903270362873
0.000810320471642
0.000730032214846
0.000656669872252
0.000596031356558
0.000538344533418
0.000488364388071
0.000440908413777
0.000399915135966
0.000368329610713
0.000340443806872
0.000316233831507
0.000292723216347
0.000270498280758
0.000253876539924
0.000244318952719
0.000242666467267
0.000244369957562
0.000248115080426
0.000247551582869

# 0088_r1

-0.659402467079
0.124261955096
0.0460152244599
0.0251573824535
0.0174627525766
0.0136433103221
0.0112865925343
0.00963920497934
0.00837877299096
0.0073821590908
0.00654571096894
0.00581958339963
0.00519743483443
0.00465948464569
0.00417079348444
0.00373002410207
0.00332458105696
0.00297165504043
0.00266189232
0.00239265244674
0.00215655191505
0.00195486692579
0.00177830011528
0.0016023295324
0.00143426555178
0.00129153488147
0.00115850389071
0.00103224037483
0.000922300355068
0.000824956060879
0.000735140931996
0.000660650190267
0.00059536512366
0.000533516834259
0.000477260791685
0.000426147664652
0.000379311941488
0.000340423478918
0.000309425088405
0.000284417759761
0.000262886160636
0.000244024065188
0.00022833270379
0.000216634213732
0.000207755930963
0.000200513594792
0.000195818685373
0.000190471238701
0.000189232527811
