
# 0000_r1

1.48075871307
0.225954721964
0.0892573408878
0.0554834824859
0.0432141158131
0.0367825347238
0.0325956101473
0.0294630988762
0.0268527217527
0.0244589544977
0.0222795753428
0.0203422638735
0.0185898562012
0.0168989349799
0.0153659848468
0.0139528541775
0.0126502084446
0.0115325530491
0.0105414788423
0.00968139839599
0.00896570722771
0.00830047816268
0.00759552790584
0.00694683046319
0.00636780061855
0.00585776286495
0.00538774418066
0.00497598138393
0.00459002156965
0.00422928485871
0.00390998688948
0.00365811081381
0.00342840896244
0.00320160164256
0.00298453716233
0.00278733211298
0.00260846726105
0.00245457286033
0.0023205359872
0.00218057946902
0.00205500037952
0.00196035000134
0.0018756109714
0.00180756174397
0.00175019376049
0.00170471648488
0.00167585561251
0.00164987683358
0.00163615863702

# 0001_r1

1.4803897173
0.224832500392
0.0874864570743
0.053494762144
0.0410831207247
0.0346826024763
0.0304669678145
0.0272757879918
0.0246159449648
0.0223635763865
0.0203232840647
0.0184790403465
0.0168259892478
0.0154902900594
0.0141878140988
0.0129148427587
0.0117988079071
0.0107930055642
0.00991485396227
0.00914793348392
0.00840073954824
0.00774289724389
0.00718221560769
0.0066753954167
0.00616860214732
0.00565325954451
0.00519520986073
0.00478289745048
0.00441723964598
0.00406922137572
0.00374308589327
0.00345881400073
0.00319189238337
0.00295355497734
0.00274509884475
0.00256182837124
0.00238917625448
0.00223570095041
0.00209828790205
0.00197278560303
0.00185572046473
0.00176134771493
0.00168710993716
0.00163415658978
0.00158412427938
0.00155362639267
0.0015348200267
0.00151820881187
0.00150156577845

# 0002_r1

1.4779497889
0.223583501388
0.086478371459
0.0523370102869
0.0397153977051
0.0330850237605
0.0285426307334
0.025148138556
0.0225169257555
0.0203658748245
0.0184388952516
0.0168603823272
0.0155200054629
0.0143100961823
0.0132147214787
0.0121705702972
0.0112081092078
0.0103364723542
0.00956564588668
0.00881318274795
0.00810355469692
0.00745854524324
0.00686184076773
0.00632874394354
0.00585671872011
0.00542285234763
0.00502343223905
0.00465564977919
0.00431406995394
0.00399444950991
0.00369467600352
0.00342662895016
0.00317736304292
0.00295534698186
0.00275141241311
0.00254496333603
0.00235189276698
0.00218239168744
0.0020334154141
0.00190515112203
0.00180381425126
0.00171896447497
0.00165113569863
0.00160250771365
0.00156229162761
0.00153724404352
0.00151371969343
0.00149419352775
0.00148508196974

# 0003_r1

1.48125948339
0.226297472078
0.0891491067202
0.0548995759396
0.0422800759379
0.0358892773541
0.0317602015464
0.0286248033469
0.0260852888545
0.0240125759814
0.0221424671375
0.0203690938378
0.0186759117701
0.0171383386533
0.0157294435431
0.0144240291975
0.0132185356714
0.0121585163766
0.0111311160878
0.0101723834477
0.00928911817827
0.00844746124577
0.00768231010694
0.00698275716598
0.00636583777139
0.0058376294024
0.00536426755592
0.00495057140858
0.00456495232303
0.00422000244887
0.0038924772598
0.00358950902926
0.00335471091092
0.00313291011669
0.00293786014311
0.00275590629174
0.0025870156696
0.00242098841372
0.00226761344361
0.00212961219724
0.0020156003069
0.00191955605788
0.00183723913123
0.00176442264663
0.00170084187706
0.0016504946441
0.00160807453065
0.00158560506653
0.0015765117028

# 0004_r1

1.47631771918
0.222451323016
0.0856316495826
0.0516036968459
0.0393140102212
0.0332067171581
0.0291615327817
0.0262695631371
0.0238817623026
0.0217935566397
0.0199609463065
0.0183571921878
0.0168664856042
0.0154769683994
0.0141579378005
0.0129768652648
0.0118553348142
0.0108837326362
0.00997131227403
0.00914990330382
0.0084551143444
0.00785989040192
0.00724865985093
0.00670046270735
0.00617721257181
0.00567705861443
0.00521619770954
0.00478879033278
0.0043964526186
0.00404723916477
0.00375038699217
0.00348643357343
0.00321680446842
0.00296619395697
0.00273681308337
0.00252445122216
0.00234229352638
0.00219453557449
0.0020653673542
0.00196243918775
0.00187545600912
0.00180812954668
0.00175650368135
0.00170768811488
0.00166414425855
0.00163252336548
0.00161084435295
0.00158998568449
0.00159064525194

# 0005_r1

1.47704866526
0.223659914707
0.0866717437378
0.0526535440176
0.0402465597697
0.0336820775117
0.0294831187074
0.0263794252179
0.0237397926911
0.021531723441
0.0195795733303
0.0178939454003
0.0164513414367
0.0152457207631
0.0141253033616
0.013097944549
0.0121871914036
0.011249758683
0.0103244784442
0.00946245509424
0.00867332041962
0.00798744845381
0.0073422487659
0.00672910840445
0.00613292827526
0.00557345448508
0.00510118258112
0.00470219118052
0.00435536212978
0.00402202688253
0.00370186792847
0.00340238500054
0.00313581959328
0.00290670969325
0.00270479907204
0.00252090047381
0.00235809797434
0.00221363009153
0.00208868810709
0.00197883600143
0.00188316970267
0.00179276891751
0.00171482125679
0.00165144042496
0.00160146756826
0.0015618200095
0.00153543735847
0.00151132401178
0.00149663008275

# 0006_r1

1.48159452812
0.226845798696
0.089356765399
0.0551362787707
0.0425413162264
0.0360015932032
0.0315694000063
0.0282120950696
0.0254224373199
0.0229948762087
0.0208283830581
0.0188804671165
0.0171570929905
0.0156392009653
0.0142415386096
0.012997683017
0.0118949103841
0.0108463261865
0.00996208899428
0.00923419158782
0.00857010020565
0.00786094036552
0.00717043523513
0.00657330470353
0.00602290321773
0.00548810897648
0.00499639703886
0.00456744146373
0.00418979836419
0.00386350805641
0.00358370342379
0.00333304514922
0.00310783982315
0.00290362269712
0.00268628851077
0.00248919326413
0.00233801112263
0.00221548515526
0.00210438190591
0.00200245504455
0.00191164479427
0.00181882511365
0.00173295915135
0.00166586456794
0.00161482461615
0.00157331975697
0.00155135756841
0.00154800429967
0.00154494193726

# 0007_r1

1.47676219742
0.222629076359
0.085476106841
0.0515902520991
0.0391557027011
0.0327230122227
0.0285631241925
0.0255007660417
0.0230128938473
0.020881683206
0.0191465131768
0.0175470820437
0.0161630316746
0.0148716770043
0.0137106048675
0.0126594689168
0.0116824616368
0.0107895989181
0.0100040386072
0.00930109875684
0.00864973142848
0.00802384283087
0.00749121899987
0.00695462133335
0.00640169356293
0.00587905468887
0.00540933275717
0.00497552387465
0.00455541231666
0.00417365180448
0.00383007839309
0.00355726018072
0.00332661598897
0.00310243888874
0.00287218335118
0.00264775816653
0.00244437090298
0.00226710997709
0.00213722308638
0.00203455032473
0.00195045080087
0.00186837131386
0.0017905476109
0.0017158707839
0.00164814833213
0.00159597605673
0.00156101997156
0.00154329292039
0.00153257952882

# 0008_r1

1.47694935457
0.22236651313
0.0851327994438
0.0511472423641
0.0387680946298
0.0324308634971
0.0284328344665
0.025305102797
0.0227521709075
0.0205257990539
0.018627379732
0.0170210386007
0.0155571739989
0.014225882722
0.0130333900983
0.0119666499286
0.0109966214927
0.0101658680339
0.00936762044787
0.00865592775551
0.00802331320903
0.00744294673318
0.00689473346019
0.00634000560228
0.00581260283969
0.00531743413083
0.00483271598532
0.00439025268618
0.00400211851361
0.00368686921321
0.00341614691439
0.00318744671775
0.00297032683239
0.00276269999308
0.0025677511336
0.0023967699853
0.00225020461693
0.00212741347376
0.00202537102443
0.00192196753975
0.00181969044244
0.00172312636375
0.00163671553586
0.00156632871083
0.00150500560131
0.00145263306367
0.00141556071272
0.00139794555849
0.00140147652265

# 0009_r1

1.47775109432
0.222678652497
0.0852536764841
0.0510872204989
0.0386287045381
0.032494625229
0.0285145169277
0.025405315029
0.0227849177602
0.0206184577471
0.0186398117276
0.0168686068853
0.015332947784
0.0140341497058
0.0129132320948
0.0118647688267
0.0109929093348
0.0102053797085
0.00949987576222
0.0088140029223
0.00813994236426
0.00747750046179
0.00685918418888
0.00628978170152
0.00579297946351
0.00534710195147
0.00494416946987
0.00456700038854
0.00424478055408
0.0039442768458
0.00368138300326
0.00344250562482
0.00320036714963
0.00295747282087
0.00274222996027
0.00255722136323
0.00239925325252
0.00226182082444
0.00213952635052
0.00203455628034
0.00193708863879
0.00184546653634
0.00175702807417
0.00169026125458
0.00163787346618
0.0016024986008
0.00158215110649
0.00156818453391
0.00156548943426

# 0010_r1

1.47782946412
0.224568223432
0.0875599092113
0.0535309539675
0.041078072122
0.0346870207624
0.0304162980113
0.0273087942241
0.0246487867295
0.0222682284531
0.0203853031814
0.0186694664749
0.0170266712463
0.0155872235198
0.0143042192607
0.0131178486986
0.0120142142979
0.0109818333445
0.0100283116109
0.00918041006179
0.00842333271098
0.00773867600268
0.00711442585343
0.00654873705735
0.00604728654342
0.00558282846121
0.00512403993849
0.00473633950857
0.00438682677776
0.00405750675714
0.00374412277866
0.00346105800024
0.00321069216271
0.00298660428851
0.00277203179102
0.00258478162809
0.00241839310885
0.00225750975452
0.00212652472086
0.00201507868554
0.00190281259007
0.00181157766795
0.00174103571846
0.00168370761474
0.00163474123786
0.00159473697317
0.00157218167757
0.00155891971925
0.00155262800051

# 0011_r1

1.48197639756
0.22879331223
0.0920712163732
0.0578118867578
0.0450539818538
0.0380129685879
0.0332730987033
0.0296973477159
0.0269348638927
0.0246301822323
0.0225153488302
0.0206728212165
0.0190225988927
0.0175253864469
0.0161923519233
0.0149617901732
0.013833170499
0.0127249631489
0.0116477695396
0.0106652436695
0.00976887087729
0.00895956552873
0.00821961669969
0.00756100016494
0.00691704954747
0.00635446826052
0.00584739713872
0.00537366340546
0.00493569652795
0.00452912573585
0.00414275373269
0.00379696570324
0.0034722340934
0.00317758735748
0.0029235844488
0.00269799108153
0.00251557569571
0.00236093884669
0.00222247302867
0.00209536007422
0.00199399404311
0.00191848144523
0.00184363790368
0.00179444921188
0.00175564917189
0.00172660102789
0.00171237740367
0.00169403251494
0.00166745439105

# 0012_r1

1.4777593152
0.22373614297
0.0866882338353
0.052691560341
0.0401978514735
0.03378114905
0.0295159281731
0.0264703775338
0.023959342476
0.0218863325313
0.020062408902
0.0183841962538
0.0169073009049
0.0155933716768
0.0143265717352
0.0130547475176
0.0119428652371
0.0109575287074
0.0100223010008
0.00916049241922
0.00833051306715
0.00760326490207
0.00702196858393
0.0065116868712
0.00600147742741
0.00554684801126
0.00511223335874
0.00469976719867
0.00432172649174
0.00401628371308
0.00375566843949
0.00348163956378
0.00321706036922
0.00297899433562
0.00277269823761
0.0025985328787
0.00243991822693
0.00229735941829
0.00217786878994
0.00207036153969
0.00196837506514
0.00187420217489
0.00180063638492
0.00173944492376
0.00168233027931
0.00163068898229
0.00159284460381
0.00155951551596
0.00154028699176

# 0013_r1

1.4782801807
0.225238426841
0.0887084499177
0.0550466241752
0.0428086617995
0.036502933236
0.0323962069665
0.029312916294
0.0266676820557
0.0241791187365
0.0218579222198
0.0197186921563
0.0178572262295
0.0162004750429
0.0145778225557
0.0131749544728
0.0120211129312
0.0110198646149
0.0101940020903
0.00948969879776
0.00878270144006
0.00812279744328
0.00753042868197
0.00697388755819
0.00644484617424
0.00594476603788
0.00546730147874
0.00502085135575
0.00458930651422
0.00419852256332
0.00384916393623
0.00353634746445
0.00327153072238
0.00302657042462
0.00281384459438
0.00263275747482
0.00246489406764
0.00231963363974
0.00219118700777
0.00207744304289
0.00196675270674
0.0018686937914
0.00178792428982
0.00172466766806
0.0016759049579
0.0016434480859
0.00162083148347
0.00160915210365
0.00160466656749

# 0014_r1

1.47801486654
0.225177279782
0.0883926044642
0.0545018360969
0.0422030451767
0.0360239978076
0.0320022082183
0.0287888793642
0.0260042363263
0.0236721939821
0.0216758014874
0.0200063677673
0.0183322752936
0.0167126574743
0.0152526308066
0.0139291546523
0.0127471801817
0.0116578525869
0.0106740441089
0.00973718878829
0.00889522765766
0.00814520129328
0.00755011958398
0.00701496820536
0.00648687587392
0.00603312399849
0.0055792211162
0.00517206278739
0.00477641301823
0.00438792236825
0.0040319677876
0.00370033358727
0.00342505903383
0.00318253907641
0.00295884951129
0.00274356742499
0.00254474542901
0.00238484639413
0.00224241958568
0.00210145729042
0.00198293817924
0.00186936276622
0.0017608054549
0.00166930297656
0.0015990661866
0.00154307766826
0.00150594842054
0.00148966231276
0.001492658754

# 0015_r1

1.47810212848
0.224079515876
0.0869723103904
0.0529506688164
0.0405482767729
0.0342549785801
0.030201408433
0.0271578751585
0.0246564479713
0.0225142692329
0.0206119461286
0.0188211734359
0.0171150379248
0.015567475606
0.0142282792902
0.0130061306545
0.0119283391916
0.0109825161745
0.0101315738299
0.00929691498405
0.00852909576207
0.00782121372904
0.00719694647326
0.00658120667261
0.00601838316265
0.00553225718669
0.0050741239456
0.0046604078177
0.00432302934807
0.00402183975348
0.00374528270097
0.00348582057337
0.00323992265179
0.00300758368508
0.00280423568676
0.00261628031707
0.00244481571775
0.00229034926175
0.00216733544495
0.00206451658578
0.00197681451497
0.00189462324271
0.00181420017519
0.00175059760766
0.00169238046343
0.00164212676188
0.00161110155727
0.00160035171699
0.00161222182602

# 0016_r1

1.4789107662
0.223700423118
0.0866814089804
0.0528827391844
0.0407778953505
0.034633653387
0.0305440421739
0.0273350971865
0.0248947098533
0.0227514115308
0.0206487314578
0.0186961267239
0.0169166890643
0.0153794528304
0.0140463770057
0.012919764109
0.0119090332806
0.0109545891376
0.0100278329487
0.0091694914517
0.00841900041989
0.00775060887644
0.00709109014951
0.00645869322489
0.00587989913555
0.00536655926938
0.00493977316407
0.00454907847125
0.00417092793041
0.00383573335638
0.00353750151956
0.00326475574352
0.00303037178753
0.00282754090777
0.00265289819708
0.00250039030658
0.00235762513815
0.00222720289226
0.00211437624976
0.00201772235842
0.00192118909024
0.00183265077139
0.00175805803143
0.00168976519935
0.00164094961169
0.00160499040346
0.00157140078349
0.00155537292612
0.00154978373199

# 0017_r1

1.47544917555
0.222277522224
0.085510305229
0.0516627234642
0.0393753429586
0.0329500679215
0.0287237108283
0.025620542508
0.0233381423249
0.0213990476199
0.0196188925421
0.0180055581878
0.0166447404353
0.0153188108807
0.0140519012789
0.0129367361681
0.0119074575012
0.0109524470956
0.0100528751471
0.00921924889884
0.00843343082551
0.00774009679601
0.0071381090404
0.00657416089665
0.00605021280286
0.00558181704347
0.00515508380232
0.00476540586051
0.00442687550478
0.0041264819063
0.00385674430243
0.00359936923749
0.00335256598992
0.00310738348534
0.00288072512841
0.00267956401098
0.00250057502609
0.00233495653857
0.00218806711081
0.00206429681855
0.00195227688052
0.00186162082792
0.0017898306654
0.00172873795299
0.00167203567376
0.00163226676504
0.00161649121201
0.001617151425
0.00162349001869

# 0018_r1

1.47716292609
0.223588725169
0.0867603172746
0.0529003092275
0.0405951213516
0.0339973899124
0.0297188750774
0.0267028695313
0.0242806438984
0.0222076413425
0.020469923748
0.0188082691259
0.0172689345796
0.015884950031
0.0145640444852
0.0132187178741
0.0119642183279
0.0108735291694
0.00997676349086
0.00920336187684
0.00852714567537
0.00784215736903
0.00718927774426
0.00659359554516
0.00604924973336
0.00559442583562
0.00519234639894
0.00480854869365
0.00447660220231
0.00417660863186
0.00389982426523
0.00363906668048
0.00337913481447
0.0031279457261
0.00289863347326
0.00269208112905
0.00250422327509
0.00232515393017
0.00217464137412
0.00205182825065
0.00195037697232
0.00186938609704
0.00181920556204
0.00177183339999
0.00173635421845
0.00171613928183
0.00170077567119
0.00168856703602
0.00169268119557

# 0019_r1

1.47562754135
0.22228944962
0.0854392268509
0.051727521946
0.0395920406249
0.0334674891819
0.0296040993164
0.026543447348
0.0239904930695
0.0217698796761
0.0197304119967
0.0179243072007
0.0163541182549
0.0150469858595
0.0138923725594
0.0128342582874
0.0118140948084
0.0108552817669
0.00996699977283
0.00922226197955
0.00850850648093
0.00784643304832
0.00721223367888
0.0066393689298
0.00611309318904
0.00563378369603
0.00518861910562
0.0048033626232
0.00443358624213
0.00411195210462
0.0038374197341
0.00356938746608
0.00330562380962
0.00307134258328
0.00287794848491
0.00269608570996
0.00254061572769
0.00240576516793
0.00228315154502
0.00217317928238
0.00206315733865
0.00195528482865
0.00185607007962
0.00177336361744
0.00170947818207
0.00166705875734
0.00164380474119
0.00163790373147
0.0016335284321

# 0020_r1

1.47185678671
0.219148818783
0.082237843254
0.0484104956295
0.0364624176021
0.0305128652419
0.0269155934216
0.0242915837025
0.0221666142343
0.0202764046579
0.0185315285847
0.0169907544668
0.0156052907545
0.0143484567992
0.0132438395358
0.0121930633802
0.0112647262167
0.0104188645814
0.00961075877496
0.00881974774303
0.0080825694081
0.00740497036327
0.00675073733913
0.00614249523449
0.00558855084149
0.00509398846108
0.00464604010548
0.00424596118297
0.00391193153553
0.00362483557432
0.00339697073234
0.00319891318095
0.00299275513773
0.0028111854165
0.00265749978125
0.00252026301536
0.00238566717607
0.00224193709034
0.00209837684863
0.00197444245987
0.00187340456059
0.00177525900316
0.00167560174813
0.00159287500654
0.00152483827045
0.0014689038195
0.00143407530421
0.00141824148776
0.00141232886463

# 0021_r1

1.47840064661
0.22347933297
0.0859877231922
0.0517801130565
0.039269826838
0.0329076557555
0.0289400700925
0.0262290766675
0.0238708609718
0.0217101892657
0.0196568824991
0.0178190579229
0.016211749786
0.0147441654109
0.0133841530892
0.0121666616921
0.0111152805484
0.0102215151784
0.0094182646216
0.0086186363432
0.0079342937037
0.00732116775071
0.0067317052769
0.0061858253916
0.00564196242385
0.00515934965385
0.00473286476659
0.00433959914706
0.00399922594944
0.00371965637172
0.00346490726764
0.00321541484914
0.00298034371307
0.00276748413423
0.00255063253666
0.00236424498882
0.00220247644575
0.00206275210001
0.00194187208983
0.00183882649382
0.001741239002
0.0016488989965
0.00157858065049
0.00151528774105
0.00146684083584
0.00143073488138
0.00140837014563
0.00139726188157
0.00139092156996

# 0022_r1

1.47291041962
0.21965533705
0.0829734335663
0.0493656804726
0.0374896148064
0.0315420453284
0.027745229203
0.0249030292713
0.0227819225515
0.0209860080396
0.0192507441747
0.0175060889325
0.0158677681587
0.0144691424669
0.0132577536205
0.0121093214503
0.0111050573726
0.0101961181148
0.00937626806885
0.00864621348565
0.00794686138171
0.00730094448498
0.00672328311194
0.00620362101804
0.00574642942102
0.00530209468324
0.00488008660148
0.00447941863252
0.00413651867969
0.00382030500667
0.00352751014259
0.00326127744495
0.00300906729653
0.00278442132226
0.00259087000822
0.00242226739726
0.00228173725983
0.00215397028283
0.00203331608598
0.0019156179395
0.00180279457711
0.00171621068373
0.00165307047849
0.00160968687649
0.00156473950017
0.00152922566956
0.00151117222898
0.00149853747146
0.00149516522489

# 0023_r1

1.47419948668
0.220651485578
0.0835968809217
0.0496508247285
0.0374904006613
0.0314594629601
0.0275966212048
0.0246078736115
0.0222517959655
0.020309813009
0.0185614791151
0.0168650363377
0.0152525926021
0.0138127929249
0.0125568080855
0.0115232474112
0.0105889761605
0.0097396848571
0.00894846668461
0.00824554221913
0.00760648954741
0.00697850046341
0.00633153480051
0.00575639131426
0.00524029495037
0.00481418312138
0.00446365041657
0.00412138821161
0.00380663483193
0.00352641537444
0.00328727964887
0.00307013858612
0.00287339628842
0.00268357023043
0.00250029297121
0.00233007184459
0.00217287982184
0.00201936150273
0.00188058773266
0.00176591462691
0.00167938068983
0.0016091356513
0.00154572135876
0.00148792854827
0.00144740179278
0.00141518426326
0.0013877210751
0.00136879507684
0.00135655296905

# 0024_r1

1.47990289079
0.225417146996
0.0882396747421
0.054164375142
0.0415884884174
0.035030766953
0.0308408414309
0.027590530248
0.0247637158068
0.0223007298624
0.0202859002565
0.0185808531284
0.0170243157158
0.0156058999121
0.0143806161354
0.0132139460299
0.0120335599506
0.0109742050061
0.0100244018348
0.00914480345414
0.00838037707423
0.00774240165461
0.00713558218233
0.00661437541397
0.00613690508864
0.00566859359079
0.00519441170285
0.00475452832059
0.0043640045948
0.00403113565585
0.0037021441275
0.00338627474419
0.00311641139537
0.00287501001961
0.00265459441333
0.00247210069034
0.00231208516816
0.002164353822
0.00203465595223
0.00191686993555
0.00180606048815
0.00172483666593
0.00165613303174
0.00159819742298
0.00154296855297
0.00149684664123
0.0014604444888
0.00144558380048
0.00145458720357

# 0025_r1

1.47807198817
0.224871019145
0.0877983302512
0.0539772766992
0.0417740588656
0.0352741800294
0.0310173196063
0.0278938403515
0.0251811804315
0.0228213853322
0.0206984321266
0.0187609633015
0.017192263576
0.0157617155034
0.0144271132873
0.0132231767765
0.0120586913784
0.0110289825525
0.0100742250212
0.00920354088288
0.00842531081786
0.00777902934296
0.00723415236463
0.00676847313734
0.00631206559177
0.00585398356759
0.00540290466263
0.00500230011922
0.00466440425888
0.00434315975449
0.00403578379941
0.0037458457184
0.00348948730313
0.00323892776229
0.00301050018553
0.00282015259566
0.00264194965884
0.00248466236997
0.00234260958531
0.00220375138421
0.00208584224311
0.00198008353558
0.00189157828555
0.00180143986414
0.00173180088119
0.00168014563386
0.0016434423458
0.00162228767459
0.00162760786135

# 0026_r1

1.47942679267
0.22601646099
0.0888186782523
0.0547329772629
0.0423028410495
0.0358642586479
0.0315134793023
0.0282784571095
0.0256312654722
0.0233287835873
0.0213162926886
0.0195223119451
0.0178867898181
0.0164170424042
0.0151156241145
0.0139471459876
0.0128523384457
0.0117539423373
0.0107243862158
0.00976242539826
0.00889839031972
0.00813335396522
0.00748965469067
0.00694267899631
0.00640079522538
0.00586122861713
0.00535385584309
0.0048990968567
0.00447905938642
0.00412124386016
0.00382470715858
0.00357975352333
0.00333946713981
0.00312582805683
0.00292881216547
0.00275076592013
0.00259224848341
0.00245281974087
0.00230177716291
0.00216549804936
0.00204138771305
0.00193726197295
0.00184921718589
0.0017774202881
0.00171851808809
0.00166924919116
0.00163368465956
0.00161147522161
0.00159955806018

# 0027_r1

1.47935169795
0.225076003151
0.0880858088827
0.054069854878
0.0415223849607
0.0350663028216
0.0309196698469
0.0277480640742
0.0251473744276
0.0229109888554
0.0209795834673
0.0192002383252
0.0176420832997
0.0162574974574
0.0150606051935
0.0139650469541
0.0129371920004
0.0119945633188
0.0110638226109
0.0101630899836
0.00934989661079
0.00855941196488
0.00789130654991
0.00725193503918
0.00667981552718
0.00619890381771
0.00577859846701
0.00536639185197
0.00495193080799
0.004569575156
0.0042041419602
0.00388915282713
0.00360921306253
0.00336246256302
0.00314209844637
0.00293898786877
0.00276221304822
0.00260017785812
0.00247417020592
0.00236717575598
0.0022631679252
0.00217733554965
0.00210154223817
0.00203520213134
0.00197547697329
0.0019191061939
0.00185810223556
0.00181335270123
0.00178741789057

# 0028_r1

1.47855658161
0.223953625553
0.086456463728
0.0523578599559
0.0400391498259
0.033757085585
0.029663546757
0.0266031909229
0.0240575172357
0.0218999772921
0.0201663830238
0.0185986552015
0.0171745277322
0.0159198273156
0.0147469622905
0.0136361880648
0.0124507726222
0.0113596390991
0.01040289197
0.00950331832794
0.00869162118141
0.00795700312359
0.00732039777854
0.00678017892731
0.00630212221615
0.00586858306062
0.00543697326692
0.00503390601448
0.004643089575
0.00429486834803
0.0039849634942
0.00371194517058
0.003455319624
0.00323204785875
0.00305510330226
0.00290063848564
0.00274953479469
0.0026184858767
0.00248045951193
0.00234415948637
0.00221360516915
0.00209985130867
0.00199728932242
0.0019023520613
0.0018205346299
0.0017572209223
0.00171610276973
0.00169151079057
0.00168504081523

# 0029_r1

1.47557715558
0.222616212591
0.0861259345388
0.0526384343053
0.0406190436677
0.0344665160758
0.0302847833888
0.0269153556968
0.0242504166134
0.0220046742882
0.0200811424154
0.0184287775071
0.0169850752762
0.0156824862204
0.0144921132188
0.0132721910638
0.0122299361053
0.0113732498192
0.0105605060663
0.00976031764684
0.00897020360657
0.00825488300829
0.00761523230327
0.00707414878808
0.00653815982804
0.00601097826224
0.00551981870598
0.00505841289981
0.00465854142555
0.00431231135261
0.00399406994319
0.00372401552689
0.0034600493239
0.00319954736537
0.00294891255083
0.00272986332705
0.00253572970736
0.00235058957719
0.00218789514553
0.00204925726841
0.00191911507086
0.00181507239952
0.00173935799665
0.00168201972035
0.00164244236563
0.00162810327046
0.00163083752079
0.00163575085449
0.00163830468731

# 0030_r1

1.47933386007
0.224366563487
0.0871374325336
0.0531487578057
0.0409411686992
0.0347346403867
0.0306012957182
0.0273074626916
0.0247167953781
0.0226248492092
0.0206982942548
0.0189035268155
0.0172462114868
0.015844660666
0.0145644523128
0.013373458857
0.01221782562
0.0112385606288
0.0103277897194
0.00947703085618
0.00869186957344
0.00798318710372
0.0073425438231
0.00671097340725
0.00610360613883
0.00556251283845
0.00506483862376
0.00459645785286
0.00418301041842
0.00380166312214
0.00347797384566
0.00319907310522
0.0029495575707
0.00273361856191
0.00254068176917
0.00236871270436
0.00223525671346
0.00211980666656
0.00202319159427
0.00192583154688
0.0018441371095
0.00176235842589
0.00169983536744
0.00163775631075
0.00157977789084
0.00153503822815
0.00150183249114
0.00147047085986
0.00145569256626

# 0031_r1

1.47414942956
0.220675672965
0.0837669997423
0.0501151270976
0.0382761430314
0.0322558445066
0.0283786160596
0.0252854012149
0.0225339816707
0.0203132234329
0.0184350595492
0.0168258205137
0.0154455917773
0.0141903770316
0.0130427768412
0.0120060600203
0.011117508713
0.010232761416
0.00936451978399
0.00854283166065
0.00780832909607
0.0071699299607
0.00659915294974
0.00609821733799
0.00564941247111
0.00521658891702
0.00482042353204
0.00444415106122
0.00409105298442
0.00378018122909
0.00350935713321
0.00326804326197
0.00304825571458
0.00283557832021
0.00264202314936
0.00249008247842
0.0023427935057
0.00218929360945
0.00205093076988
0.00192544869435
0.00182003476739
0.00173383839249
0.00165530842329
0.00158541468758
0.00152313832266
0.00148603150765
0.00146500458609
0.00145222501019
0.0014531492712

# 0032_r1

1.47373704994
0.220140784109
0.0837606863131
0.0501482815835
0.0379604343723
0.0318208354085
0.027966799573
0.0251904515995
0.022999595191
0.0211560016126
0.019324628034
0.0176025149154
0.016090926726
0.0147376200498
0.0135324865521
0.0124012039663
0.011407314261
0.0104837543765
0.0095661417663
0.00879204778059
0.00810249778358
0.00743279409534
0.00678078729394
0.00621177147877
0.00569490821553
0.0052137647934
0.00479955360215
0.00444881392509
0.00414260157014
0.00386609465449
0.00358774402884
0.00331431042067
0.00306425022914
0.00285204173837
0.00265403467232
0.00246061929843
0.00229718477819
0.00214748958931
0.0020055244225
0.00188463796112
0.00176578918864
0.00166806677673
0.00159115726474
0.00152820296976
0.00148043780052
0.00143900211034
0.00141162203711
0.00139709874533
0.00139799956133

# 0033_r1

1.47531090644
0.221451966483
0.0847696696249
0.0505741719942
0.0381767520292
0.0319237074275
0.0280580354662
0.0252671633819
0.0231108417838
0.0213731185804
0.0197502670995
0.0182446593517
0.016839745698
0.0154331978813
0.0140806954405
0.0128434202542
0.011703406586
0.0106933419363
0.00977358159375
0.00896551113092
0.00824739764053
0.0076027318393
0.00706461557302
0.00657858090621
0.00608447208682
0.00561315805153
0.00518184586289
0.00479375167002
0.00443320970776
0.00408884231935
0.00378046300892
0.00348778094035
0.00322194492486
0.00299672674728
0.00279369860533
0.00259807478675
0.00243261306982
0.00228694024551
0.00215990675891
0.0020411487956
0.00192861261449
0.00182695381139
0.00172670935432
0.00165406355039
0.00160514687018
0.00156801718275
0.00153864756858
0.00152013942287
0.00151301395667

# 0034_r1

1.4749284491
0.220730260334
0.0838012419633
0.0500744704777
0.038001777743
0.0318889308253
0.0279532722062
0.02505216566
0.022722583485
0.0207902286379
0.0190279349501
0.0174861351879
0.0160276725766
0.0147401705037
0.0135453586687
0.0124806141669
0.0114205270636
0.0104045445302
0.00947631601199
0.0086835572585
0.0079631730064
0.00733548776772
0.00680652764572
0.00630424227924
0.00579707186197
0.00529547206536
0.00483992786172
0.00446090024784
0.00415273417027
0.00387823374195
0.00362323168865
0.00340788385611
0.00320045040676
0.00297966289592
0.00274807457234
0.00254671767605
0.00238391404214
0.00223702853318
0.00209515194165
0.00197767572741
0.00188342470807
0.00180922843845
0.00174092480454
0.00167948495522
0.00164226848739
0.00160988656685
0.00157452255955
0.00155095031552
0.0015476186747

# 0035_r1

1.4775989112
0.223596752499
0.0865454481972
0.0525192979449
0.0401363038385
0.0339472653463
0.0300905206609
0.0273198168322
0.0248935854569
0.0226736597298
0.0207319058999
0.0189887500636
0.0174647935511
0.0159548667141
0.0145873362953
0.013310785901
0.0121786137953
0.0111925579189
0.0102849048149
0.00934970498809
0.0085610012521
0.00789113064924
0.0073015798167
0.00676667457719
0.00630740423422
0.00588024427076
0.00547755075064
0.00507363885977
0.00473536188662
0.00445218987369
0.00414370340022
0.00383375683581
0.00354922348307
0.0032658631754
0.0030195119866
0.00281585401629
0.00262859406241
0.00245104657103
0.00228609909305
0.00214168588436
0.0020251148557
0.00193357236992
0.00184882363203
0.0017697913045
0.00170459844859
0.00166583920923
0.001653748884
0.00165007529544
0.00164960405469

# 0036_r1

1.47522966196
0.222193535889
0.0853113546394
0.0515671230021
0.0395618624751
0.033279853082
0.0292057822015
0.0261906870818
0.0236742888566
0.0214730679986
0.0194444767074
0.0177115855732
0.0161716323351
0.0148565133444
0.0137681291723
0.0127838640305
0.0118807279508
0.0109045912264
0.00999590743925
0.00918367137705
0.0084610646333
0.00777076879117
0.00712540395038
0.00653901939703
0.00600920835392
0.00555872685669
0.00513161846996
0.00470231082405
0.00431512366652
0.00396742387423
0.00363974217571
0.00332040232716
0.00304580493035
0.0028061382577
0.00259116258953
0.00241057121841
0.00225471136794
0.00211365820986
0.00199801304183
0.00189529311754
0.00180850550031
0.00173618954019
0.0016771634683
0.00161764469981
0.00156617741741
0.00153160806443
0.00150238750242
0.00148201918558
0.00148365748505

# 0037_r1

1.4794156953
0.224463687476
0.0873377719635
0.0536783600554
0.0412661463277
0.0346797873881
0.0302561903681
0.0269311019136
0.0241827329991
0.0218677987057
0.0198849802657
0.0181800318084
0.0167045600371
0.0153726830388
0.0141224102485
0.013009774768
0.011993309917
0.0110468818713
0.0101702194191
0.00935327065533
0.00859729029925
0.0079149246137
0.00726830030784
0.00666833643288
0.00614258103509
0.00566461521058
0.00520361494974
0.00479190041577
0.0044066815066
0.00405864575391
0.00372986079386
0.00341331270773
0.00312979781686
0.00284398584472
0.00259634281987
0.00239983820217
0.00223758044735
0.00209862492817
0.00199085134509
0.00190345336456
0.00182446478704
0.001762352454
0.00170918441831
0.00167263636759
0.0016372933974
0.00160528089797
0.00159014674377
0.00158939732689
0.00158806079202

# 0038_r1

1.48161830831
0.226694070228
0.0891808945216
0.0550300613758
0.0422687257832
0.0352486392507
0.0305818355548
0.027222276571
0.0246403146154
0.0223194819045
0.020294073021
0.0186319671411
0.0171782111223
0.0158595706417
0.0146375168688
0.0134518726206
0.0123679504675
0.0113966585186
0.0104581294045
0.00956140244594
0.0087362186179
0.00801795618129
0.00733543786008
0.00669082985329
0.00612223809935
0.00561690768614
0.00516092003635
0.00473440342181
0.00436419265999
0.00403590905549
0.00371613110226
0.00342768747487
0.00317805398398
0.00295846178752
0.00277102725262
0.00261816231041
0.00248244699464
0.00234841759409
0.0022230045298
0.00210067088015
0.00199193199447
0.00189428727757
0.00181926797324
0.00176382637038
0.00171091145894
0.00167726862553
0.00165495026726
0.00163643049356
0.00162032870865

# 0039_r1

1.47414611371
0.220860066175
0.0839809301721
0.0502711703781
0.0380362174755
0.0317031795187
0.0275700000853
0.0245880657746
0.0220971964755
0.0200475914913
0.0183282547873
0.0168254703944
0.0154432662333
0.0141028513068
0.0128464848515
0.0116976661065
0.0106120250564
0.00963781523894
0.00879081320406
0.00805933588976
0.00742528402653
0.00689972391332
0.00643689098327
0.00598894986668
0.00551547846924
0.00506619725681
0.00470744885918
0.00437235649295
0.0040670377496
0.00377547049572
0.00348461141135
0.00320892116547
0.00294166996264
0.00269715538163
0.00249154000481
0.00231957897689
0.00218297792295
0.00208017400032
0.00198141784258
0.00189267454376
0.00181195261792
0.00174792699466
0.00169301936332
0.00165527921864
0.00162221840052
0.00158843722322
0.00155624986586
0.00153511276645
0.0015189470349

# 0040_r1

1.47669908805
0.223198232037
0.0862572856085
0.052394079259
0.0403433846456
0.0343818167196
0.0303390647274
0.0272652118654
0.024805182315
0.022620249096
0.0205748057867
0.018668269291
0.0169115245011
0.0153731071318
0.0140311060874
0.0129056999993
0.0118522504956
0.01084205263
0.00992365593924
0.00905994379819
0.00831456810083
0.00767491425967
0.00714843495321
0.0066535263795
0.00616785061695
0.00571136931434
0.00527372732527
0.00487892273386
0.00451858715181
0.0041913199691
0.00387919712576
0.00360627940589
0.0033489364002
0.00313976869848
0.00295731236384
0.00277876248453
0.00262507436083
0.00246690160115
0.00231179718441
0.00216099447756
0.00202204170022
0.00191082655453
0.00183256618061
0.00177108108759
0.00171848519622
0.00167875079548
0.00164663310905
0.00162831355705
0.0016174196418

# 0041_r1

1.4782526739
0.224834956619
0.0877117230667
0.0537301866947
0.0414146683582
0.0352047404047
0.0311382752008
0.0281408072957
0.0256098640559
0.0233238809192
0.021145299838
0.0192892704459
0.0176491751766
0.0161121119952
0.0148132495067
0.0136196792224
0.0125259091202
0.0115467172153
0.0106069530201
0.00970787889122
0.00892086646942
0.00819807794384
0.00751803357193
0.00691345831845
0.00641734608215
0.00596250595753
0.00552938995128
0.00510266421489
0.004722103066
0.00437619771903
0.00405988214561
0.00379546560805
0.00352647174605
0.00325769515316
0.00302338159673
0.00281788840041
0.00263683550933
0.00246672719638
0.0023109069156
0.00218342816995
0.00207324571947
0.00197735295414
0.00189620113465
0.00182315999165
0.00177134791474
0.00173093633255
0.00169544099857
0.00167931112147
0.0016790053838

# 0042_r1

1.47490374847
0.221489076648
0.0843682596308
0.0502831331537
0.0380886227607
0.0318803031173
0.027933759693
0.0250634361069
0.0225390327643
0.0203272546759
0.0184183074284
0.0168137911331
0.0153778304765
0.0141280218028
0.0129846011045
0.0119925170538
0.0110353166229
0.0101730841397
0.00938655689521
0.00868061246648
0.00805877167083
0.00744020331355
0.00680755083852
0.00624032773159
0.00576563196211
0.00534843631344
0.00495419763613
0.0045949518535
0.00427679500305
0.00398443341095
0.00371526719034
0.00345376443242
0.00320257607361
0.00296958562128
0.00276929008539
0.00257044076222
0.00238542835012
0.00221631882249
0.00206881661052
0.00194737878317
0.00183559910049
0.00174496114946
0.00167976148489
0.0016257901141
0.00158259521428
0.00154896178664
0.00151962260262
0.00149562146795
0.00147461409311

# 0043_r1

1.47965267012
0.225580008068
0.0884732548531
0.0543684531119
0.0417146576757
0.0350016628747
0.0305850943489
0.0273592664588
0.0245430915579
0.0221945247254
0.0201463917471
0.0184393119774
0.0168800465923
0.0153995826887
0.0141535703865
0.013015473339
0.0120330809644
0.0110533403097
0.010137081897
0.0092986821462
0.0085378255864
0.00790267303523
0.00733338750232
0.00678772455158
0.00623740222642
0.0057378185449
0.0052563699763
0.00481501750639
0.00442292342686
0.00409149789822
0.00380781225597
0.00354576882348
0.00328285149249
0.00303149552643
0.00280357412901
0.00260200720127
0.0024324359197
0.00229389536391
0.00216247455177
0.00203360161964
0.00192457251284
0.00183524185952
0.00176843457481
0.00172524893665
0.00169905662264
0.00167352691643
0.00165394729124
0.0016320709578
0.00162345885001

# 0044_r1

1.48248671236
0.22719968462
0.0894924716934
0.0551940458903
0.0426502637132
0.036073707765
0.0317720534072
0.0286525845721
0.0262277998002
0.024152720349
0.0223133669749
0.0205410484773
0.0187539619693
0.0170298317218
0.0154589613234
0.0140861783615
0.0128973669643
0.0118572553343
0.0108099461718
0.00980984149396
0.00891905273222
0.00814864629484
0.00746414568753
0.00685889733708
0.00637459229243
0.00595048626948
0.00554276983737
0.00512098368606
0.0047176271776
0.00434046038997
0.00397026099935
0.0036407022182
0.00333059977423
0.00305849134015
0.0028406050226
0.00265060743697
0.00248582367447
0.00232891210193
0.00219280681199
0.00208095782502
0.0019792575462
0.00188992245777
0.00180509615859
0.00173203423155
0.00167738281563
0.00163199307164
0.0016002825633
0.00158166781211
0.00157634926978

# 0045_r1

1.47708244083
0.223193158316
0.0857483149753
0.0514473049523
0.0389293150708
0.0326229553567
0.0284769276555
0.0254207966572
0.0230939786868
0.0211872777635
0.0194815387792
0.0178994883032
0.0162509905097
0.0146740634062
0.0133539877903
0.0122698205453
0.0112690575824
0.0103283963679
0.00949320946901
0.00879691956822
0.00814962199094
0.00751222490825
0.00691649407216
0.00634152694888
0.00578166607864
0.00527042458781
0.00484702809458
0.00446448527022
0.00408620939687
0.00372279633237
0.00341371870858
0.00313749842721
0.0028984142445
0.00268649675006
0.00248475542946
0.00230484372177
0.00214715610719
0.00201133661015
0.00188266024978
0.00176513205363
0.00167124894806
0.00160378809233
0.0015511648299
0.00150757369971
0.00148146395057
0.00146602241561
0.00143946719571
0.00141394229882
0.00140966770953

# 0046_r1

1.47600210641
0.222037165712
0.0851104028809
0.0512652157992
0.0389395145786
0.0328074074427
0.0289122671028
0.0259031470091
0.0234388215817
0.0212969879507
0.0194153550211
0.017794538424
0.0163251010606
0.0149508799005
0.0137037646659
0.012531791911
0.0114424169695
0.0104811116781
0.00960558704822
0.00883507673972
0.0080958436062
0.00742040182817
0.00682936367459
0.00629972919144
0.00583068647352
0.00539274309467
0.00497870960169
0.00460059486085
0.00424017540242
0.00390852072237
0.00361457262462
0.00336203924069
0.0031374676095
0.00292158754033
0.00273916854275
0.0025637344406
0.00240924530488
0.00226172717591
0.00211151775007
0.00197494297672
0.00186039245811
0.00176789519676
0.00168220155064
0.00160298982571
0.00153705720122
0.00148575820792
0.00144919503338
0.00142312799446
0.0014154363128

# 0047_r1

1.47527973312
0.22206057386
0.0847714817756
0.0508926012755
0.0386894095111
0.0323542555908
0.0281914898072
0.0251889685974
0.0227427403751
0.020690006036
0.0189785721116
0.0174559023566
0.0159994098429
0.014617069102
0.0133441677605
0.0122443011499
0.0112728358281
0.0103780786533
0.00960537601681
0.00890135525439
0.00823621099841
0.00758540938014
0.00696806043028
0.00636730076874
0.00582675575727
0.00537709639931
0.00496844259123
0.00457260844508
0.00420178587262
0.00384737839662
0.00354489383916
0.00329103350024
0.00305740608038
0.00283484600886
0.00262466253758
0.0024371677319
0.0022546978891
0.00210220047398
0.00198553365369
0.00188658828029
0.00180010655025
0.00173107775249
0.00166593365879
0.00161201268431
0.00156757540789
0.00153438374669
0.00150693072607
0.0014831109688
0.00146582139533

# 0048_r1

1.47460019307
0.221261929578
0.0843704898305
0.0506821673021
0.0386053224721
0.03265304895
0.028855522394
0.0259643179401
0.0236769447866
0.0215937882006
0.019634669796
0.0178529408444
0.0162742713042
0.0149140387412
0.0137677575661
0.0126772570878
0.0117127309614
0.0108191374034
0.00996713598927
0.00921777890923
0.00843635974024
0.00770935355952
0.00705731661846
0.00643813685882
0.00588882907467
0.00542029939626
0.00500728383763
0.0046156079211
0.0042353835162
0.0038940352702
0.00359710548347
0.0033365174607
0.00310127778791
0.00290047373832
0.00271859405502
0.00254154028728
0.00239064148444
0.00225091816581
0.00212086080671
0.00199863273401
0.00188448432958
0.00179379578191
0.00171435481699
0.00164819487031
0.00160162337412
0.00156949204209
0.0015435662168
0.00153041996425
0.00152943231981

# 0049_r1

1.47502322447
0.221591107253
0.0851649569872
0.0517660211885
0.0399197074778
0.0337241925222
0.0296338428303
0.0264756729246
0.0238938932969
0.0216146850674
0.0196629510551
0.0179473131155
0.0165229600855
0.0152688082183
0.0140947930058
0.0130176702652
0.0120904267628
0.0112054358701
0.010419241789
0.00967154917282
0.00890846936058
0.00815526126855
0.00746620341702
0.00685284782853
0.00631748389831
0.00585561652789
0.0054376577993
0.00503862728307
0.00465880834155
0.00427667930011
0.00392607231741
0.00360663502246
0.00332579140729
0.00308681159041
0.00288854330687
0.00268822350917
0.00249123465941
0.00230910219108
0.00216596347433
0.00203760439719
0.00192441982838
0.00181696553726
0.00172891220147
0.00165937452476
0.0015962755311
0.00155240194206
0.00152625434254
0.00151163593045
0.00148571287092

# 0050_r1

1.48013008407
0.225749104982
0.0884181325431
0.053966516456
0.0414250379061
0.0349322737173
0.0305688635568
0.0273493758152
0.0247042820781
0.0224859849978
0.0205681502051
0.0189270351752
0.0173265643261
0.0159027355917
0.0145883491424
0.0133357809362
0.0121705956441
0.0110739516969
0.0100660092461
0.00917795522833
0.00834707831397
0.00761489897223
0.00695716822719
0.00638007925422
0.00590420795105
0.00550348064336
0.00510921954204
0.00469293566801
0.00432541079768
0.00398516320935
0.00369041103953
0.00342693766701
0.00318280298512
0.00295556106611
0.0027647315832
0.00260167565327
0.00247377040285
0.00236589787607
0.00225622690643
0.00214090320207
0.00204553061887
0.00195899462642
0.00187711455803
0.00180761462842
0.00175035430802
0.00169628063885
0.00164676556135
0.00162258166031
0.00160928317214

# 0051_r1

1.4833684715
0.228930157773
0.0912365553714
0.0568609419758
0.0440447425769
0.0371767806889
0.0326536571016
0.0294199239331
0.0269689022185
0.0247956236869
0.022736998151
0.0209037542916
0.0193645260123
0.0179246134914
0.016440234389
0.0150839351371
0.0138438228883
0.012685380538
0.0116584822919
0.0107248359343
0.00982914812273
0.0089994624966
0.00823976513945
0.0075290048018
0.00689768028868
0.00633283774497
0.00582131871072
0.00533284982511
0.00490037659387
0.0045124758209
0.00415342230572
0.00383697927571
0.00350680577223
0.0032111199811
0.00296796138894
0.00276376563935
0.00257919430067
0.00242104820359
0.00227977616779
0.00215039058331
0.00205201171948
0.00197971997035
0.00190275826712
0.0018383708355
0.00179090406536
0.00176043334109
0.00174434643483
0.00173490064266
0.00173500393884

# 0052_r1

1.48395126652
0.229698026579
0.0921875990738
0.0577548032052
0.0449180602437
0.0381362689634
0.0336804698492
0.03051398964
0.0279894439849
0.0258326122484
0.0237295485775
0.0217105568524
0.0196333099457
0.0178385797982
0.0162560748849
0.0147988735937
0.013494284859
0.0124031578802
0.0113734138587
0.0104801891691
0.00963349997407
0.00890555994643
0.00822066455792
0.0075386225667
0.00688739876199
0.00631238516849
0.00579020178919
0.0053298599083
0.00493334228893
0.00459838671196
0.0042831463832
0.00397416788704
0.00366641380176
0.00337624783356
0.0031159389396
0.00288560061435
0.00269960922294
0.00254929151551
0.00240951650733
0.00229275130673
0.00219133358769
0.00210960256824
0.00202123673169
0.00191999158016
0.00183014307582
0.00175895010511
0.00171223199198
0.00169023623664
0.00168868188157

# 0053_r1

1.47921760368
0.225372114923
0.0884145939628
0.0543146017185
0.0418176872971
0.0353236066492
0.0311588262382
0.0279752505938
0.0253551964084
0.0229116514463
0.0208355480281
0.0190321296352
0.0174162479922
0.0159311945223
0.0146477083397
0.013534734921
0.0124205923728
0.0114326611165
0.0106345566751
0.00983296580237
0.0090783990004
0.00833265353755
0.00762601030489
0.00700256403214
0.00644531994518
0.00591615272184
0.0053919664165
0.00490229171443
0.00448204458291
0.00410740957511
0.00376851711754
0.00344014903551
0.00316545241373
0.00293802223708
0.00272649738184
0.00254329400918
0.0023937708287
0.00225871979957
0.00213838955914
0.00203906803568
0.00195308533413
0.0018671043297
0.00178941862338
0.00172397161489
0.00166199498676
0.00161684562589
0.00159111736615
0.00157711323039
0.00156768088074

# 0054_r1

1.48053014555
0.225227726678
0.0879511491395
0.0539490108478
0.0415142826971
0.035109218464
0.0308966728774
0.0276826430594
0.0251734597422
0.0231540550739
0.0215502209215
0.0200726064133
0.0186772592909
0.0172327770477
0.0158445063914
0.0145639553056
0.0133828158118
0.0122366068209
0.0111934759401
0.0102522570387
0.00939120822695
0.00859147188596
0.00783451970037
0.00714643121131
0.00659388127372
0.00610116927639
0.00562380743533
0.00517798188953
0.00478810723501
0.00442669060069
0.00407396289418
0.00377375913006
0.00349656582156
0.00323268715512
0.00299994393056
0.00279446768046
0.00259978718508
0.00242487583732
0.00226512806194
0.00212983659736
0.00201381791841
0.00190027420684
0.00180251152383
0.00172660976348
0.00166345246735
0.00161367800124
0.00158509152996
0.00156679951668
0.00155898564755

# 0055_r1

1.47752011655
0.223232912297
0.0864271648264
0.0525951001249
0.0405127030153
0.0343757213315
0.0304016780031
0.0273120008351
0.0246379171219
0.0222688604762
0.0201813288937
0.0183500701566
0.0166553940945
0.015128944461
0.0137625803185
0.0125888379302
0.011537632833
0.010605207617
0.00977765732257
0.0090328310608
0.00829641454196
0.00762903973855
0.00704178818631
0.00649859949426
0.00598663366772
0.00550280694613
0.00502251959324
0.00456158466788
0.00417473698609
0.00384432080284
0.00356192111236
0.00328676582529
0.00304233108747
0.00283447208538
0.00263299869973
0.00245077362199
0.00229333802148
0.00214901479574
0.00202623238279
0.00192311621591
0.00183127774086
0.00175007401464
0.00167833991998
0.0016255496607
0.00157494242949
0.00153966785797
0.00151801123734
0.00151058013839
0.0015194117833

# 0056_r1

1.48073522806
0.225737318401
0.0883398478793
0.0541081674597
0.041519747446
0.0349954050687
0.0306382847534
0.0272045378208
0.0241558197714
0.0215838464186
0.0193502784624
0.0174848131409
0.0158671705705
0.0144897884218
0.0132676607597
0.0121239287579
0.0110694885518
0.0101443227039
0.00934360768342
0.00863710044844
0.00797430005526
0.00734239863753
0.00675349415308
0.00616710042112
0.00561312625761
0.00514213356138
0.00474290583068
0.00438774506881
0.0040450457564
0.00373596849853
0.00347056130061
0.00321755576119
0.00300925859183
0.0028308950047
0.00267524930832
0.00253403514902
0.00239041027608
0.00224768016301
0.00212508273445
0.00202237165831
0.00192231507392
0.00182143716259
0.00172685185577
0.00163779789741
0.0015764161254
0.00153919714112
0.0015238841157
0.00152287259158
0.00153225642893

# 0057_r1

1.47703437058
0.222627326074
0.0858086352623
0.0521081971137
0.040013333208
0.0337269467536
0.0295939874649
0.0265022379448
0.0239715888622
0.021711635725
0.0196936476898
0.01801043635
0.0164726324429
0.0150433094983
0.0137875692296
0.0127130863005
0.0117284066496
0.0107650571727
0.00980341792282
0.00890065980819
0.00810275923692
0.00737585961201
0.00673158800214
0.00617567400716
0.00568770897093
0.00521626823849
0.00479938677468
0.00445866023588
0.00415502904115
0.00387591944704
0.00361868940268
0.00337763875444
0.00314946347941
0.00294398064243
0.00275528716153
0.00258612254885
0.00243059178273
0.00228544225303
0.00216038562786
0.00204795606964
0.00194351387055
0.00184937882713
0.0017605341436
0.00167378540566
0.00159160128986
0.00153629566383
0.00149062511971
0.00144804727115
0.00142036172501

# 0058_r1

1.47769213166
0.223316064066
0.0860172461687
0.0523457244266
0.0404024488343
0.034232858496
0.0301534998669
0.0268498318496
0.0241509766167
0.0219084864716
0.0200015766113
0.018302461002
0.0168618290417
0.0156094637659
0.0144483534143
0.0133834358924
0.0123533759036
0.0114193308458
0.0105111368309
0.0096474159574
0.00887762319953
0.00807903439662
0.0073326844195
0.00672575155577
0.00623091373745
0.00578701261109
0.00535528407678
0.00492943135957
0.00453108595787
0.00415984421221
0.00380772168066
0.00349654722683
0.00322043207434
0.00298278968138
0.0027796201803
0.0026077541265
0.00244429818983
0.00228969016086
0.00215388583378
0.00202809106482
0.00192269911608
0.00184901416807
0.00177901369853
0.00171845006787
0.00166661933753
0.00162836325165
0.00160172577811
0.00158521460373
0.00157702591452

# 0059_r1

1.4762516828
0.223040227613
0.0857603465446
0.0514988682377
0.0389596259373
0.0326439807757
0.0286417700977
0.0257852821359
0.0233018287429
0.0210284687272
0.0191501874115
0.0176078981889
0.0161770910386
0.0147925935514
0.0134761341784
0.0122444643563
0.0111107441287
0.0101706359735
0.00937107110844
0.00861021183776
0.00791215554765
0.00730612130606
0.00677061855735
0.00627980336679
0.00580869296168
0.00536672812394
0.00496259740469
0.00457204661335
0.00421755234719
0.00389624589542
0.00358333702167
0.003293578918
0.00303459426475
0.00280898278496
0.00261614738809
0.00244783303702
0.00229531474184
0.0021569855661
0.0020362038688
0.00193581131359
0.00185487651496
0.00179009506217
0.00172178867949
0.00166517969341
0.0016155875186
0.0015847859181
0.00156615909859
0.0015558176806
0.00155047391524

# 0060_r1

1.47747530108
0.223988653427
0.0869810800227
0.0529921816467
0.0404211970233
0.0338864242316
0.0295619153916
0.026371993292
0.0237745306394
0.0216067298194
0.019664383737
0.0179099644959
0.0164159540531
0.0150929063875
0.013769446224
0.0125938306226
0.0114477955893
0.0103810837015
0.00944820457106
0.00863887131498
0.00791029479313
0.00725266238719
0.0066768125963
0.0061904087983
0.00576006190975
0.00534297910007
0.00497002455775
0.00461310050082
0.00427550232797
0.00396212820194
0.00365772529158
0.00336327189246
0.00311422390794
0.00291075489704
0.00273604314544
0.00257553909564
0.00242359465393
0.0022821048064
0.00214003363391
0.00201430719934
0.00190496318172
0.00181898675486
0.00175584587623
0.00170164560209
0.00165872513864
0.00162665871692
0.00161355745915
0.00160445404
0.00160113142402

# 0061_r1

1.4809040805
0.225339027333
0.0876070782018
0.0531930321183
0.0405902973416
0.0342947537046
0.0300572133293
0.0268121240896
0.0241361065302
0.0219845722837
0.020046318128
0.0183172661681
0.0167297109423
0.0154386807698
0.0142720887215
0.0131525894124
0.0120596365511
0.0110940798991
0.0102155268607
0.00937852390034
0.00861143565502
0.00792468909563
0.00731112436948
0.00679763946268
0.00633934224563
0.00593187713024
0.00552906648327
0.00510617942424
0.00471788827381
0.00434285050198
0.00402635162235
0.0037365109628
0.00346610181117
0.00321505871092
0.00299206489598
0.00279046440059
0.00260416680352
0.00243259249793
0.00225754277883
0.00210664572773
0.00198015711479
0.00187727692704
0.00179224842369
0.00171749366249
0.00166504487645
0.00164166619328
0.00162701470631
0.00161071852576
0.00161130018228

# 0062_r1

1.48247645003
0.22824437579
0.0906390078446
0.0560036522896
0.0428032542953
0.0355854416572
0.0308645948675
0.0272925951928
0.0243515643325
0.0217703573652
0.0196356054887
0.0179335170792
0.0164291242991
0.0150205574284
0.0137661027885
0.0126710524164
0.0116070341407
0.0106068361188
0.00973878103288
0.00903958306655
0.00840107828643
0.00781010007869
0.00727861456764
0.00676898495526
0.00627573180664
0.00578156419679
0.00535061972488
0.00496008827464
0.00458731584209
0.00423303111066
0.00392820185424
0.00366160922389
0.00340966752985
0.00316922437455
0.00295841444372
0.00273386312426
0.00252153591026
0.00235177462186
0.00220812925423
0.00208185924128
0.00196954142286
0.0018727606632
0.00179125693385
0.00172992691532
0.00168324322387
0.00164973118912
0.0016314190393
0.00162863824983
0.00163412734087

# 0063_r1

1.47501379899
0.221360463773
0.0850707989059
0.0514182881612
0.0390147025172
0.0326709087115
0.0286373366937
0.0258213345649
0.0235311146167
0.0214630215639
0.0196775370327
0.0182176448912
0.0168529973351
0.0154349374947
0.0140900108889
0.0128508144595
0.0116746075473
0.0106594773973
0.00976278304894
0.00894602123514
0.00821687473051
0.00758548282037
0.00696431982818
0.00640909680896
0.00591434278957
0.00546824560442
0.00506075681642
0.00469042931291
0.00438093669226
0.00408155775833
0.00378460028752
0.00350414846248
0.00325141666635
0.0030226748412
0.00281413503906
0.0026207990603
0.00244515612503
0.00229133971374
0.00214811317528
0.00203421442402
0.0019430630978
0.00186355545166
0.00177830507431
0.00170344077057
0.00163981221001
0.0015945137407
0.00155493354481
0.00153184963441
0.00152876464105

# 0064_r1

1.47683801706
0.222947119801
0.0857838165749
0.0520850406023
0.0398824021603
0.0334957796652
0.0292461637942
0.0261638231896
0.0236234701929
0.0213784483471
0.0195635669368
0.0179720876062
0.016504130725
0.0151385600552
0.0138996933165
0.0128542080193
0.0118727087843
0.0109640564111
0.0101548225218
0.00944716156157
0.00875224724353
0.00806882977067
0.00739096102597
0.00675665376585
0.00619979045486
0.00567245319622
0.00517073744972
0.00472168525706
0.00432765571605
0.00397437404415
0.00365548182244
0.00337884519514
0.00312081461887
0.00288629105251
0.00268518462953
0.00250058698519
0.00234232177455
0.00219939295173
0.00206242064995
0.00193486224164
0.00182492920772
0.0017415629197
0.00167200602237
0.00159780760302
0.0015347342123
0.0014843859382
0.00145257462792
0.00143719958828
0.00143447286719

# 0065_r1

1.47986657562
0.226422385233
0.0890729116413
0.0548836862364
0.0422873471555
0.0359588380128
0.0320047359568
0.029117848575
0.0267137499958
0.0245525030824
0.0225410747838
0.0205347664699
0.0187654824067
0.0171462816261
0.0156570124793
0.0143306491344
0.0130762609402
0.0119251786515
0.010825159868
0.00981948151874
0.00886596731286
0.00805602537524
0.00736595220238
0.00674913994266
0.00619306209808
0.0056751661376
0.00516920927279
0.00468680348758
0.0042685235376
0.00393366177529
0.00363588665154
0.00336804784552
0.00312832706815
0.00292243263443
0.00274446030018
0.0025752436211
0.00243393297317
0.00231338335799
0.00221528781765
0.00212015348476
0.00201890030529
0.00192081723279
0.00182734769766
0.00174952885806
0.0016974572989
0.00166149352552
0.00163723583452
0.00160633072251
0.00158673965005

# 0066_r1

1.48013958279
0.225845697942
0.0887110655415
0.0548680269919
0.0419806827241
0.0350694256182
0.030502714424
0.0271500045183
0.0245208525472
0.0225033224836
0.0206830128434
0.0190991394047
0.0175604773718
0.016172262665
0.0148500340716
0.0135827243167
0.0123910131205
0.0112714255379
0.0102299415955
0.00935009130367
0.00860731341549
0.00796620736512
0.00728768860029
0.00662894203666
0.00606755306883
0.00558287283285
0.00514657681842
0.00473784379214
0.00437282557188
0.00404309222949
0.00372728729494
0.00343010961246
0.00314108632906
0.00288856739376
0.00266243475909
0.00245114666899
0.00228743161847
0.00213177799573
0.00198977133479
0.00187549909739
0.00178080401737
0.00169180008982
0.00161355746902
0.00155714516547
0.00151747241911
0.00148943106276
0.00146830464371
0.0014725400816
0.001489401323

# 0067_r1

1.47593834718
0.222918141501
0.0863123301613
0.0525502597452
0.0405504237923
0.0342307755772
0.0298587543871
0.0264412669659
0.0236364748112
0.0213362247062
0.0195279645727
0.0179514320698
0.016532978671
0.0152068409182
0.0139087476251
0.0126680031695
0.0116482129492
0.0107153192929
0.00982176146239
0.00898277191098
0.00822700555525
0.00754527822324
0.00692778132868
0.00634832952315
0.00587510823032
0.00542242981075
0.00500611833581
0.00467673725579
0.0043886132307
0.00411202569982
0.00385171299041
0.00360063588197
0.00337773989849
0.00316727384355
0.00296363502488
0.00277935231261
0.00260408867832
0.00243927504521
0.00228917945448
0.00214868084298
0.00203390219178
0.00192537773949
0.00181326894807
0.00171166154485
0.00162353131895
0.00155302709358
0.00151286008889
0.00149369375511
0.0014856176868

# 0068_r1

1.4758329067
0.221848054067
0.0845265813772
0.0504005472384
0.0380932926777
0.0318572498596
0.0279261971243
0.0250142693995
0.0225732588614
0.0203895073
0.0185273288436
0.0169213277635
0.0154427238005
0.0141327861662
0.0128513932119
0.0117041565312
0.0107244810986
0.00987389485421
0.00909234082038
0.00837566150479
0.00776302461812
0.00717498894872
0.00664003372535
0.00613017443948
0.00565323732641
0.00518579027261
0.00475697765778
0.00438142478925
0.00403708424093
0.00373340247107
0.0034666084962
0.00319883619612
0.00295970078394
0.0027619322408
0.00259064439065
0.00242118497606
0.00225646829422
0.00211244947519
0.0019916836376
0.00188554924107
0.00179128774651
0.00170981321704
0.00163934437175
0.00157389945535
0.00152212771849
0.00148934202562
0.00146805922468
0.00145706200801
0.00145330974851

# 0069_r1

1.47793485725
0.224401684719
0.0871638066625
0.0530611921284
0.040679383874
0.0345250113807
0.0306540800054
0.0276020076455
0.0251084088153
0.0229645788156
0.0210001170336
0.0192885567532
0.0178258549216
0.0163460083334
0.0149363703088
0.0136972670561
0.0126069278032
0.0116041978377
0.0107096831383
0.00991324412405
0.00914154802433
0.00837495647075
0.00764933804227
0.0069845298532
0.00637793025681
0.0058306487437
0.00536129891236
0.00492861443973
0.00452235136373
0.00416348393836
0.00385962011565
0.00362069705661
0.00338935053982
0.00317377996032
0.0029693957345
0.00278227343599
0.00258571680133
0.0024218126961
0.00229614937484
0.00217854330929
0.00206934831281
0.00196512003782
0.00187771189523
0.00180811726392
0.00175317289599
0.00170344748724
0.00166289221057
0.00165220262147
0.00165613072082

# 0070_r1

1.47865860761
0.222911028189
0.0854612858218
0.0515247136573
0.0394746434096
0.0335018956167
0.0295026978571
0.0265149062942
0.0240615941533
0.0220154617698
0.0202159311915
0.0185465409745
0.0170222696676
0.0156659841113
0.0144080773331
0.0131865335194
0.0120992525722
0.0111689161601
0.0103083622312
0.00948210796487
0.00877524659357
0.00816553940326
0.00759554608523
0.00704136968539
0.00651339286529
0.0059930637268
0.00551828087662
0.00506043446363
0.0046153592381
0.00423890906754
0.00393392832387
0.00366845039671
0.00341193077063
0.00317102373303
0.00296082584042
0.00274807670365
0.00255193586948
0.00237428629042
0.00222630748697
0.00208925886598
0.00197339882164
0.00188157063238
0.00180516947945
0.00174108523509
0.00168745530519
0.00164221772653
0.00160518789443
0.00160311233966
0.0016096291584

# 0071_r1

1.47691202789
0.222529098195
0.085113317348
0.051199913348
0.0390688522563
0.0329308374655
0.0289085077704
0.0258775146221
0.0234068294465
0.021450985397
0.0197531108484
0.0182234811839
0.0167398616772
0.0153038669985
0.0140500964917
0.012927985443
0.0118894245209
0.0109404143188
0.0100376531816
0.00916408516607
0.00838141819481
0.00772318203507
0.00712070243263
0.00660195610295
0.00608573306787
0.00561217782247
0.00516094708876
0.00474143381593
0.00438715407461
0.00409076166017
0.00382040212134
0.00356116592002
0.00332115101629
0.00309578438923
0.00289356678544
0.00271119743867
0.002547293307
0.00237060589332
0.0022134484662
0.00207235551087
0.00194875977749
0.00185259385129
0.00176573817838
0.00168734625685
0.00161428842827
0.00155563833851
0.00151666533044
0.00148506047597
0.00146820298064

# 0072_r1

1.48072293652
0.22625485509
0.0888673564876
0.0545884521681
0.0419812263847
0.0356667528285
0.0315108844795
0.0284621275888
0.0257954000842
0.0233642940229
0.02128581526
0.0194693242911
0.0178921016678
0.0164656734461
0.0152041642369
0.0140727760535
0.0130387644424
0.0120209747355
0.0109816227707
0.0100257763283
0.00920028481938
0.00846188601501
0.00779245652736
0.00719264145416
0.00661548326196
0.00609500319337
0.00558664926586
0.00510875420606
0.00469694512532
0.00436159177295
0.00407143262846
0.0037964543442
0.00354672659555
0.00331259467959
0.00309420940491
0.0028936198538
0.00269440792811
0.00249902845313
0.00231617107571
0.00215937343484
0.00204088809108
0.00194380345169
0.00187913889792
0.00182542581652
0.00177769572929
0.0017402875762
0.00170737558558
0.00169847289939
0.00170454412126

# 0073_r1

1.48366601705
0.228117925266
0.0905142444873
0.0563316383007
0.0435989703949
0.0368708346743
0.0325089671774
0.0292356325014
0.0265159863642
0.0241781195178
0.0221867419141
0.0202925267577
0.0184929429169
0.0168588539079
0.0153878188133
0.0141375168882
0.0130921620467
0.0121503375242
0.0112068576818
0.010259363865
0.00941590932641
0.00865397232063
0.00795756021302
0.00735092980853
0.00680415681356
0.00626238494171
0.00578136558638
0.0053867113672
0.00498964020512
0.00461181096173
0.00428654418725
0.00402412874992
0.0037821449772
0.00351288553905
0.00326305318293
0.00304457467814
0.00286180690414
0.00269481198103
0.00253280410378
0.00238671616611
0.00226751918648
0.00217657055402
0.00208988278412
0.00201154485498
0.00195112779687
0.00190247164847
0.001870512601
0.00185725035871
0.00186171163759

# 0074_r1

1.47820656309
0.223483573841
0.0861692974942
0.0520629984633
0.0397811066564
0.0333510507347
0.0292509556035
0.0262405394595
0.0238448005488
0.0217184066169
0.0198746645413
0.0182375408166
0.0167780412777
0.0155680867251
0.0144265413665
0.0132982835316
0.0122220381208
0.0112031903302
0.0102578383991
0.00940563865622
0.00861228772763
0.00792341529243
0.00735473870093
0.00687135259615
0.00641033199257
0.00597461164063
0.00550440604849
0.00507122045433
0.00467387560477
0.00431554502288
0.00396044016077
0.00364804538497
0.00335116626008
0.0030754282109
0.00283136357631
0.00262723312954
0.00245253396608
0.00229973989041
0.00217375668534
0.00205783127584
0.00194683650468
0.00184216490817
0.00175506999696
0.00169268966442
0.00164439755987
0.00160729694231
0.00158645769114
0.00157492177097
0.00158414196098

# 0075_r1

1.47693514107
0.223294738114
0.0864932624723
0.0528022429899
0.0405541000498
0.0342311968825
0.0300405593022
0.0267375910633
0.023941433445
0.0216312703573
0.0198139536523
0.0182582041872
0.0168428644507
0.0155322235651
0.0142741584229
0.0130599044249
0.0119352495589
0.0109300990063
0.0100261039353
0.00919579243112
0.00846473866424
0.00782383194742
0.00728052940073
0.006791761983
0.00628614944495
0.00578203294058
0.00532398190061
0.00491623781808
0.00451518757922
0.0041592525269
0.00384676493075
0.00353534568299
0.00326347921228
0.00304310455404
0.00284291620825
0.00264487156598
0.00247324149372
0.00230579488976
0.00215633977195
0.00203018902791
0.00192482195146
0.00183177916951
0.0017483151304
0.00166648092601
0.00160289358677
0.00155126835242
0.00151675596225
0.00150177655395
0.00149849143265

# 0076_r1

1.47871727833
0.22408656732
0.0871351623129
0.0529025952039
0.0400685716231
0.0334107204916
0.0292463848218
0.0262368088901
0.0237992670484
0.0216848258745
0.0198435551508
0.0181903911879
0.0167254208384
0.0153181800578
0.0140495737351
0.0128543636624
0.0118199403435
0.0109106591246
0.00999502368795
0.00910642263948
0.00827467736693
0.00757167968719
0.00693957780546
0.00638648427187
0.0058824448621
0.00540780078394
0.00498664861597
0.00461027748947
0.00428530352311
0.00399981096006
0.00371648720024
0.00344232531113
0.00318647325312
0.00294425317904
0.00272337897242
0.0025286362548
0.00234673698669
0.00217744796906
0.00203165020196
0.00190521462338
0.00179975110107
0.00170753738234
0.00163575677938
0.00158915532285
0.001561624823
0.00154071019119
0.00151540084188
0.00149134704656
0.00147606123378

# 0077_r1

1.47325734194
0.220155741426
0.0835389914003
0.0501647050206
0.0382922638704
0.0325254616447
0.0288746543566
0.0260254414298
0.0237383760047
0.021760695699
0.0199327758855
0.0183055709167
0.0169313738343
0.0156386712282
0.014353083785
0.013052336795
0.0118127603497
0.0107484806252
0.00989693616643
0.00913991055799
0.00836849364161
0.0076316643491
0.00696935854444
0.00636226921541
0.00580442348459
0.00534056463759
0.00495477697727
0.0046119619212
0.00428755208328
0.00398202580273
0.00370741927155
0.00342852666163
0.00319339164494
0.00298405074524
0.00279959262546
0.0026116983019
0.00242485564429
0.00225179256233
0.00209808274624
0.00194918712964
0.00182029325145
0.00171558077289
0.0016313520493
0.00156863574321
0.00152423758352
0.00149133961502
0.00146649594945
0.00145335144215
0.00145856421683

# 0078_r1

1.47964103618
0.225590134699
0.0884252626196
0.0541961538854
0.0416961453051
0.0353458072443
0.0312704625025
0.0279643298371
0.025298488475
0.023028218863
0.0209212476697
0.0190914298375
0.0175392171972
0.0161040669739
0.0147346049962
0.0135549881074
0.0125785404512
0.0116108782493
0.010689790212
0.00988680173353
0.00913681552144
0.00839698772745
0.00767114588154
0.00697601410683
0.00637890731845
0.00584493033365
0.0053745046826
0.00495100206016
0.00457408779055
0.0042232522504
0.00387853713244
0.00355659679271
0.00325588421428
0.00302586813816
0.00283732782107
0.00266671249581
0.00250047399982
0.00235575637648
0.00223487265765
0.00211994451891
0.00200903288536
0.00190328501702
0.00181148400307
0.00174451092024
0.00169442758726
0.00164908094104
0.00161688679505
0.00159686836901
0.00158724536395

# 0079_r1

1.47619600759
0.222586634433
0.0857354485668
0.0520473032392
0.0401428257475
0.0341480322678
0.0300896068684
0.0269412559114
0.0242829580597
0.0220197685127
0.0199934128568
0.0182148772206
0.0167411113139
0.0153654590976
0.0140635233747
0.0128417032522
0.0117747758048
0.0107652661664
0.00986367899264
0.00908714882312
0.00839720605537
0.00776190471255
0.00714064558118
0.00657772277181
0.00606073421634
0.00556836984809
0.00511867559119
0.00472691475807
0.00437103148981
0.00404005210215
0.00373207890316
0.00347853139181
0.00324827554961
0.00303184534095
0.00284174704122
0.00266231154282
0.00250175471281
0.00233885722441
0.0021783349343
0.00204790018956
0.00195285420779
0.00187950381362
0.0018172987528
0.00177163371543
0.00171940684926
0.001665399995
0.00162241978431
0.00159142315177
0.00157364397082

# 0080_r1

1.47962595881
0.225904139499
0.0887680185651
0.0544547292919
0.041841785234
0.0352951520465
0.030933952456
0.0277002733414
0.0251520639453
0.0230629932035
0.0211620328288
0.0193054023972
0.0175000146011
0.0158708317077
0.0145076507481
0.0132480795964
0.0121213141243
0.0110186482041
0.010016468601
0.00917182982803
0.00841259013563
0.00774074600488
0.00715939429236
0.00662795070727
0.00611952265447
0.00564767542766
0.00520942755052
0.00481310109127
0.00442664688293
0.00406324613593
0.00373318551233
0.00344771432093
0.00319350595866
0.00297821747631
0.00278473613204
0.00260524007127
0.0024609441846
0.00232175378022
0.00218940555633
0.00207701816293
0.00198297730757
0.00188372753762
0.00180548435352
0.00173788164822
0.00167131572189
0.00161451382085
0.00158776955607
0.00157966141412
0.00158555057977

# 0081_r1

1.47525734773
0.221457276877
0.0846924245203
0.0508365301193
0.038707926068
0.0325468319664
0.0286021103784
0.0256579845432
0.0232055324473
0.0210884287162
0.019149365387
0.0173970543142
0.0158020533876
0.0143771136984
0.0130906278693
0.0120672349572
0.0111982061473
0.0103267835902
0.00948465810873
0.00876509426052
0.00810311514458
0.00747842556209
0.00685430816145
0.00629704863139
0.00576858808506
0.00524839791016
0.00478910021066
0.00439570984044
0.00404603251272
0.0037223530437
0.00342229479117
0.00313543161203
0.00286871634538
0.00264764870624
0.00247268745164
0.00231285698232
0.00215845591456
0.00201841119681
0.00189742973014
0.0017887549399
0.00169175763489
0.00161370924929
0.00155567675933
0.00151006842783
0.00147774206083
0.0014537819814
0.00144539624845
0.00145204861358
0.00145120294909

# 0082_r1

1.47593237373
0.222488944882
0.0855932975778
0.0518090232497
0.03957367054
0.0335759021063
0.0297335790347
0.0266213784178
0.0240877745048
0.021950098522
0.0200606022514
0.0184166580791
0.0168590179066
0.0154483745679
0.0141646506094
0.0130107231743
0.0120019501705
0.0110128989483
0.0100844292723
0.00925507506565
0.00847297773107
0.0077290805715
0.00710313117269
0.00656470654906
0.00609046283042
0.00561036391494
0.0051844149925
0.00480291281267
0.00446081746768
0.00414013997574
0.00382292647419
0.00352033737639
0.00322819230745
0.00296496711694
0.0027456106318
0.00256053621581
0.00240473618586
0.00226195584998
0.00213081352302
0.00200078032526
0.00189401648533
0.00181036994567
0.00174417097033
0.0016923697779
0.0016472829613
0.00161051948624
0.00158212297369
0.00155698730267
0.00153581500752

# 0083_r1

1.47944666372
0.224632377288
0.0877625925542
0.0541236263139
0.0418132022929
0.0355577853711
0.0314675558291
0.028384959648
0.0256768937955
0.0233839121982
0.0212609627732
0.0193749839926
0.0178185439253
0.0164386085631
0.0149974782441
0.013588242928
0.0123500847838
0.0112515648216
0.0103337815218
0.00954923292932
0.00875636849846
0.00795945358967
0.0072791442056
0.00669684505975
0.00620742793179
0.0057326039466
0.00523605297134
0.00477561888639
0.00435678750491
0.0039872035535
0.00364157762321
0.00333633081726
0.00308320010671
0.00287017757466
0.00267078544706
0.00249470403892
0.00234892947477
0.00219933548463
0.00205907855246
0.00194760134314
0.00185310719294
0.00176044459368
0.00168376726909
0.00162431697898
0.0015680758155
0.00151913058871
0.00147621412335
0.00144537659911
0.00143797902548

# 0084_r1

1.47803441916
0.224454021757
0.0875694496835
0.0536212411692
0.0411569229293
0.0345127105695
0.0304123753645
0.0274441827985
0.0249604531289
0.0227770554362
0.020741203809
0.0189474145283
0.0172230301818
0.0156852760917
0.014253219171
0.0129482074867
0.0118218737159
0.0108370407998
0.0100307656023
0.00929506287358
0.00858909528739
0.00793650918841
0.00729045682025
0.0066502215605
0.00609587077271
0.0056096015711
0.00517292358342
0.00472673060751
0.00432137002391
0.00397259318159
0.00362685673646
0.00331573129779
0.00305797840136
0.00283202630115
0.00266084907436
0.00251944977312
0.00238291615962
0.00225682625332
0.00214711354378
0.0020491009077
0.00194776048848
0.00184463571742
0.0017477935256
0.00164768358471
0.00156997867789
0.0015167466071
0.00148739710338
0.00148491749789
0.00150351239101

# 0085_r1

1.47825348981
0.223682303463
0.0863703494119
0.0524676217576
0.0400992941893
0.0338205584131
0.0296524166278
0.0265569248394
0.0240123397011
0.0218500188422
0.0200184739717
0.018311976989
0.0167447748587
0.0153496872536
0.0140432619925
0.0129161953874
0.0119186133577
0.0109413908643
0.0100907555814
0.00929708517079
0.00855871246079
0.00786426225136
0.00719563244137
0.00654760468458
0.00598668624585
0.0055122410294
0.00506459381365
0.00468679906551
0.00432169019914
0.00395592418379
0.00361909591456
0.00332552386024
0.00306040422341
0.00283132238551
0.00263124925965
0.00246582091426
0.00232275280396
0.00220780785552
0.0020900700184
0.00198034256983
0.00186975304345
0.00176632457966
0.00166951209277
0.0015948466362
0.00153468507695
0.00149803202542
0.00147958969094
0.00147180583119
0.00147386428042

# 0086_r1

1.47778682869
0.223253508258
0.0859422173616
0.0517406031343
0.0396113699718
0.0335274735387
0.029566321935
0.0266629377651
0.0242724809974
0.0222877337581
0.0204788727916
0.0188022911328
0.0172930505237
0.015871735927
0.0144770627549
0.0132786349854
0.0121586535881
0.0110942409228
0.0101173030776
0.00924153793842
0.00841029026342
0.00767412434628
0.00703973549477
0.0064331920082
0.00593436176494
0.00551954854783
0.0051405340633
0.00479943206172
0.00447496457099
0.00417102928566
0.00389005287665
0.00363332053149
0.00339684332593
0.00317950966374
0.0029742477635
0.00278289993358
0.00260182219686
0.00243898922254
0.00229691828897
0.00217342070504
0.00206600658785
0.00197533373734
0.00189451535149
0.00182602286041
0.00176491678979
0.00171239789288
0.00167868005887
0.00166865760288
0.00166361873671

# 0087_r1

1.47460651187
0.220920659574
0.0844112122787
0.0507083148031
0.0384876852793
0.032342238979
0.0282195846379
0.025019836636
0.0225783999804
0.0206270832717
0.0190263223055
0.0175510314644
0.0161772141121
0.0148993504903
0.0137053646366
0.0125411876021
0.0115075555187
0.0105173545711
0.00963503873827
0.00886170493955
0.00815940094658
0.00752664437845
0.00695090279778
0.00641316064646
0.00591834184011
0.00545237460874
0.00500908704602
0.00459176928718
0.00421994884464
0.0038872692842
0.00358577266941
0.00330846092703
0.00306299811584
0.00284212799631
0.00263435733742
0.00243597702051
0.00226819578996
0.00211385022219
0.00198535304492
0.00187823667037
0.00178650234226
0.0016900618822
0.00160039844185
0.00153451433415
0.00148782048098
0.0014659551714
0.00145792202762
0.00146413904703
0.00147055074174

# 0088_r1

1.47515259194
0.220618633023
0.0833052012634
0.0490164813423
0.0367305145761
0.0307006961308
0.0269096332631
0.0241077272926
0.0219514119548
0.0200975275213
0.0183992186656
0.0168195738851
0.015468562633
0.0142713194497
0.0130805251083
0.011930593026
0.0108979775878
0.00999522428003
0.00910334727664
0.00830525306873
0.00767860923941
0.00712672696689
0.00655012020414
0.0060115381643
0.00554975133666
0.00516814573776
0.00478991018351
0.00442470559793
0.00410720346993
0.00382417881196
0.00355973708441
0.00328695948667
0.00303834560594
0.0028202856692
0.00261847122742
0.00243172508976
0.00226101921209
0.00212081313342
0.0019920986062
0.00186774650796
0.00176361661024
0.00167305622624
0.00160716298021
0.00155544453899
0.00150938288002
0.00147704931472
0.00145191706954
0.00143525056493
0.00142918409398
