
# 0001_r0

-0.849162383885486
0.04575861542253038
0.010729738952446265
0.0034519154621753764
0.00146974691854268
0.0007563330807779566
0.000441796739984736
0.00028157947228570036
0.00019096959339460527
0.00013558045140249186
9.974900265265897e-5
7.539683012713924e-5
5.811046537757325e-5
4.5481671594367115e-5
3.614025900748745e-5
2.910263432739766e-5
2.3622645355359483e-5
1.9243163134659076e-5
1.5597207295682308e-5
1.2556162414038349e-5
1.017070178428173e-5
8.172963410556316e-6
6.48309233621316e-6
5.13475305411636e-6
4.0566713103191476e-6
3.2761397513976313e-6
2.7209672864996008e-6
2.296398760742746e-6
1.9476381852419517e-6
1.5462464888401262e-6
1.251522718810189e-6
1.0511989693855158e-6
8.579524852080911e-7
7.875916895572518e-7
6.86854541428413e-7
6.211270996350021e-7
5.123752958035823e-7
4.4945165652667166e-7
3.739532327897839e-7
2.9881894776358026e-7
2.1321145447558882e-7
1.3091637907037259e-7
1.0038318569569413e-7
1.620235025063659e-7
1.8825871346252314e-7
1.614869634847024e-7
1.0688232582106472e-7
8.927924518845525e-8
4.509415698346473e-8
-1.6634326643727117e-8
-5.1840159776634445e-8
-7.192857276387457e-8
-1.2327031344650938e-7
-1.621668072290327e-7
-1.9943439929978796e-7
-2.2992308305353023e-7
-2.460979065401039e-7
-2.155450536948736e-7
-1.906615045573197e-7
-1.5816417076685696e-7
-8.805567798183439e-8
-5.6809386031234214e-8
-2.2681834022163988e-8
1.2989970473399856e-8
3.771706390822635e-8
5.620510231164584e-8
6.545288221612613e-8
4.6188558849744256e-8
1.2233707502914437e-8
-4.443811851934159e-8
-7.644438093356915e-8
-9.206707914608286e-8
-7.904817498438407e-8
-7.869909095688612e-8
-8.006580832840254e-8
-7.908173529776918e-8
-7.766142767238592e-8
-6.904361825028169e-8
-3.651159407571209e-8
-1.7334642920626976e-8
-1.610764338132898e-8
-7.340694324301413e-9
1.2342478817552153e-8
2.3621220832077863e-8
4.270472934368658e-8
4.372676198861865e-8
3.8858315327243656e-8
4.1027614354655684e-8
4.308796172131883e-8
3.283705086602957e-8
2.6795080189607837e-8
4.49926710309168e-8
5.288546588649325e-8
7.229115352601158e-8
7.793227470998257e-8
8.363975015126303e-8
9.404125761147346e-8
8.890440815763558e-8
9.288035132421079e-8
9.008420756979214e-8
8.210765426479487e-8
7.019529593413111e-8
7.304686517441351e-8
8.025538571231884e-8
8.417553911523192e-8
8.38283105875993e-8
9.032115755423398e-8
9.24181825719315e-8
8.751307851662514e-8
9.322867042358928e-8
9.682029199331924e-8
1.0363332922177722e-7
1.0963614906393573e-7

# 0002_r0

-0.8491819463862081
0.045748633089907266
0.010727429655897203
0.003451576090665203
0.0014701579530634697
0.0007564297640167827
0.00044165232116788873
0.0002812981744769912
0.00019051960797916278
0.0001350802910359193
9.929581329099738e-5
7.508978704038347e-5
5.80386300887126e-5
4.548612145365785e-5
3.6035280866338016e-5
2.8858864780092998e-5
2.3210110927587597e-5
1.865150688377728e-5
1.5147350135459828e-5
1.2288303939643087e-5
1.0141751467506202e-5
8.4026557806598e-6
6.976013320652366e-6
5.787671688908168e-6
4.813025144858064e-6
3.899894130906524e-6
3.16377047488275e-6
2.5975800024462072e-6
2.1446803982516436e-6
1.7921553017347203e-6
1.56735840461662e-6
1.4184817067443041e-6
1.3506735650440658e-6
1.3190922728916872e-6
1.306989740416008e-6
1.2718558463654358e-6
1.2250147613590492e-6
1.183365837565484e-6
1.0594888923502142e-6
8.804597660987019e-7
6.957857155817113e-7
5.840114354259372e-7
4.91411853192352e-7
3.510327353259138e-7
2.799960085604594e-7
2.413454013532708e-7
2.0882717614178071e-7
1.9131629487227678e-7
1.8654116739316847e-7
1.3114787937367347e-7
1.0764105207296378e-7
1.2817958492601136e-7
1.5443684868292002e-7
1.9297350399993736e-7
2.2908318958288192e-7
2.312006907003457e-7
2.0093510705892915e-7
1.357473266134553e-7
7.462287753974877e-8
2.0812763760972126e-8
-4.527128376361784e-9
-6.950538663361844e-9
6.806034843556631e-9
-2.830860191203634e-9
3.112201652164378e-8
5.109460902364428e-8
8.42534326687378e-8
1.0225497157239053e-7
1.219408683961306e-7
1.5961605934885663e-7
1.7919448021685518e-7
1.9359423114572468e-7
1.9219960946883483e-7
1.7290107184873137e-7
1.448847877117778e-7
1.151558441858465e-7
9.89082846487942e-8
5.210207426860091e-8
2.7222690798812644e-8
1.4363121899470626e-8
1.8333132510658765e-8
3.1348170815359763e-8
6.035481594762514e-8
6.901777928532209e-8
6.331191038812825e-8
5.8536725798272455e-8
4.688070911152282e-8
4.1777725487539175e-8
4.7140104956691167e-8
3.7327405734201496e-8
3.3555788429313645e-8
3.817143926786603e-8
2.9196524974095728e-8
2.9757585048631312e-8
1.994007491501605e-8
1.813532991444032e-8
1.5057336470250185e-9
-1.6891784297741564e-8
-4.091445496247884e-8
-5.593412327988561e-8
-6.673168284078721e-8
-7.078382220223664e-8
-6.826409162693588e-8
-7.245923577170128e-8
-8.277090990774188e-8
-8.701837505463363e-8
-9.85099843705891e-8
-1.0771772359909016e-7
-1.2145013271710727e-7
-1.265886528688565e-7
-1.4359915129133336e-7
-1.629722127157373e-7
-1.6898687548778655e-7

# 0003_r0

-0.8491797464342682
0.04575585606027728
0.010729947028370174
0.003452507137718211
0.0014703087075442405
0.0007563822357565147
0.0004416230620414265
0.0002812266238508495
0.0001906841111600711
0.0001351752813601612
9.921717208320897e-5
7.467940961852894e-5
5.747873333228821e-5
4.487325915959322e-5
3.545401270186612e-5
2.8206112552571986e-5
2.2522374050871124e-5
1.7957635805728115e-5
1.443999849527928e-5
1.1616152620535483e-5
9.31689916171855e-6
7.470756565386885e-6
6.114827397886456e-6
5.060237831316683e-6
4.126560879023887e-6
3.3823991707934003e-6
2.7437417204801277e-6
2.2939386049719322e-6
1.9385607177606573e-6
1.6750770234835633e-6
1.3973609487720605e-6
1.1168094818524135e-6
8.974809651049757e-7
7.428748143336508e-7
6.41052437154501e-7
5.344138205948398e-7
4.3790500259786853e-7
3.1350349729161097e-7
2.5748776197100717e-7
1.86539561110839e-7
1.3115205384848716e-7
1.0852344398243519e-7
7.004562808003857e-8
-5.3389061812905856e-8
-1.2002365961952842e-7
-1.7412429113432132e-7
-2.2623293661784832e-7
-2.4184215830441035e-7
-2.583661848633895e-7
-2.3386745091733634e-7
-2.5013081573289216e-7
-2.2137912901997677e-7
-2.1195494339343857e-7
-2.2881353701186557e-7
-2.52053886332279e-7
-2.67225765873548e-7
-2.9193408439921995e-7
-3.0154896852510644e-7
-3.16672749609007e-7
-2.956741420241052e-7
-2.674044423892129e-7
-2.4549568208624344e-7
-1.96304509978871e-7
-1.4278981301653724e-7
-8.881126347730254e-8
-4.643028435429179e-8
-1.9305946115616897e-8
-2.085271950110254e-8
-2.527680685544212e-8
-3.5953996948491974e-8
-3.5770956206206984e-8
-2.4689908345336602e-8
-3.134139060734691e-8
-4.62641242968015e-8
-4.120876404203988e-8
-3.15698552838523e-8
-3.398469020591588e-8
-9.233764416456875e-9
1.8076779709046654e-8
4.5784184054320746e-8
7.801124464469452e-8
9.666612139026907e-8
1.2381638950452735e-7
1.4772988893990906e-7
1.755011372819299e-7
1.8798594995142918e-7
1.8202279643430015e-7
1.7904657965832077e-7
1.7439050448493527e-7
1.5533122706198432e-7
1.301610109391978e-7
1.0274694317119565e-7
7.38786015544374e-8
6.037263384640532e-8
5.0113662211249944e-8
2.8679135068606805e-8
8.473044915912077e-9
5.944738472443921e-9
1.4844852542369027e-8
1.661791170698547e-8
1.6401459842589088e-8
9.974762480192e-9
1.1940741113802146e-8
1.4311879635376964e-8
1.9480860273700154e-8
2.6130522426559248e-8
4.182938981746691e-8
5.394353078949977e-8
5.540417616474723e-8
5.798784805728449e-8
6.017393716753591e-8
6.42515622202654e-8
7.127023297022964e-8

# 0004_r0

-0.8491557485299494
0.04574576335949458
0.010724858482680634
0.003449308877136892
0.001468448430778225
0.0007553052840228227
0.00044065448470593464
0.0002804597837860414
0.00019011401834818502
0.00013498584006479554
9.915460092645212e-5
7.474369470789861e-5
5.753229225616172e-5
4.5004087482325994e-5
3.561380090967901e-5
2.8426036173556052e-5
2.2920156783422342e-5
1.8430400171910807e-5
1.4995263255460623e-5
1.2381201957517984e-5
1.0249613121782546e-5
8.535467516428795e-6
7.110851348025903e-6
5.812317752241535e-6
4.741398156531648e-6
3.882540645107584e-6
3.1898258751738314e-6
2.630342991571613e-6
2.039254323305381e-6
1.626664363237053e-6
1.2730136623973022e-6
9.928523942979798e-7
7.903318320892689e-7
5.918691475099211e-7
4.6992665524459904e-7
4.3768904520524215e-7
3.868225900512548e-7
2.9926718626332144e-7
2.286483305684985e-7
1.344635457917694e-7
2.4132598952546964e-8
-4.268998305094497e-8
-5.114405314968205e-8
-1.2893059018754175e-8
-2.196955677176592e-8
-1.1655488431362519e-8
-6.153943722441062e-8
-7.457422211481638e-8
-1.223225287003419e-7
-1.9624515445970145e-7
-2.2707082743801677e-7
-2.654523814585479e-7
-3.0105655613813236e-7
-3.2398367407866777e-7
-3.198775352680738e-7
-2.550924320303466e-7
-2.2496680191039112e-7
-1.68227151248204e-7
-1.7306688054218588e-7
-1.582354606220542e-7
-1.544816671229042e-7
-1.279629348180189e-7
-9.27900511149304e-8
-8.509973005594021e-8
-6.795848703007188e-8
-7.92627842142628e-8
-8.590314963387285e-8
-6.938004565736509e-8
-5.630570628135989e-8
-5.052211241833611e-8
-4.745823542285032e-8
-5.993932011660483e-8
-7.687205048268895e-8
-8.216913912117537e-8
-9.258154042119633e-8
-1.0291503724100166e-7
-8.312184590262152e-8
-7.064879664438006e-8
-6.0552914836499e-8
-3.250339750462828e-8
-1.6609800774537985e-8
1.2242952396058142e-8
3.104166121218252e-8
4.814452321649548e-8
4.7590894788423004e-8
4.920928092875059e-8
4.658867167595791e-8
5.505403269230066e-8
4.9740316342971736e-8
3.689621138626612e-8
3.624441221598412e-8
1.5576374566426807e-8
6.131328653854822e-9
3.867123402582403e-9
1.366710431992024e-9
5.375066935418343e-9
1.4891455018679388e-9
6.443378510162895e-10
-2.0792641291434463e-9
6.104962465071168e-9
-4.580302194151049e-10
-6.857675986355644e-9
-2.3679229918819453e-8
-2.4579254150478026e-8
-1.9718052683494488e-8
-1.725212316175959e-8
-1.9124167740089856e-8
-3.0638029372682664e-8
-4.9681530836643906e-8
-6.905128436385755e-8
-8.400371405127572e-8
-9.51593777883238e-8
-1.020592496925264e-7

# 0005_r0

-0.8492587257807338
0.04574717647018165
0.010728585946960223
0.0034526445136299753
0.0014709296527462886
0.0007569652325483894
0.0004417913406930648
0.00028104611416975646
0.00019029354088909178
0.0001349082261406663
9.903357474604728e-5
7.453806968998231e-5
5.732042725027038e-5
4.482560267521796e-5
3.554131014860291e-5
2.8338029916297343e-5
2.2714072456034126e-5
1.826902238764026e-5
1.4882665958441754e-5
1.2168463862556396e-5
9.845412401544617e-6
8.029404127479057e-6
6.589689326658772e-6
5.433588223122871e-6
4.517717731185594e-6
3.7578231284832267e-6
3.2517831398694402e-6
2.8157750193612133e-6
2.3820693233235524e-6
2.0184437240130636e-6
1.6837700921995432e-6
1.4130468434846264e-6
1.1860160044761528e-6
1.0600555843117389e-6
9.591123092523442e-7
8.502882205237249e-7
6.984960171518689e-7
5.506626764035234e-7
5.131748908504523e-7
4.136678424920479e-7
3.599923115016945e-7
3.204282439106007e-7
2.5939872787318747e-7
2.3607198447953541e-7
1.5967830457952427e-7
1.1161409478940462e-7
9.932576248984247e-8
3.8016045927445774e-8
1.2954687299524984e-8
2.3187340936018778e-8
3.4127696609110844e-8
1.0191474866537948e-8
-1.8210655117287795e-8
-4.771547653159211e-8
-9.559137567529655e-8
-1.4065756969447923e-7
-1.622507540605299e-7
-1.5445744371912974e-7
-1.5037816432578085e-7
-1.273752406272406e-7
-8.32997778762518e-8
-4.782873743422524e-8
-7.166812094893149e-9
2.9352079872614298e-8
5.008153388549298e-8
5.411437240455796e-8
6.951198931963739e-8
9.790706376856471e-8
9.334340046251477e-8
9.167115172445214e-8
7.21182578048677e-8
7.452076616176748e-8
7.468097279447246e-8
6.269737513029877e-8
6.232168878127434e-8
5.447916638010741e-8
3.455763688863631e-8
2.0714314843312597e-8
-4.4104865094251555e-9
-4.295544036480652e-8
-5.167861458075317e-8
-5.678592216303696e-8
-6.499708334769311e-8
-6.273607780064068e-8
-7.055873127793825e-8
-7.166297616508309e-8
-6.691127952460144e-8
-6.412348542548471e-8
-6.514058145655791e-8
-4.779318719811295e-8
-1.629505822261321e-8
-1.4840792091205382e-9
1.2362641851397807e-8
2.7779311672114496e-8
2.8525722153941595e-8
3.360311278750661e-8
3.738198132978774e-8
2.524827715973907e-8
9.841986409209948e-9
2.217015433245431e-9
-2.8874133349132008e-9
-1.8705729631456376e-9
-1.681888568045811e-11
-1.5780838565714208e-9
-5.016767167169847e-9
-6.2016714691020995e-9
-3.977872466925189e-9
-3.038948139293533e-10
3.8238142178689015e-9
1.8363987900487642e-8
2.582302875556285e-8
3.507217361451527e-8
4.033467209422167e-8

# 0006_r0

-0.8491876328298711
0.04575754147897553
0.010731405975404392
0.0034537158412606067
0.0014713957477775403
0.0007577344748913139
0.0004429106754494788
0.0002823872111951199
0.0001913524172491163
0.00013582163978219
9.988902254528643e-5
7.565455719752532e-5
5.8508639609192686e-5
4.5989207234530354e-5
3.6563366167753855e-5
2.953684271920899e-5
2.4240154593099747e-5
2.0066588298575325e-5
1.6768659409832872e-5
1.4016001674886644e-5
1.1590007237351544e-5
9.678190027269263e-6
8.120647207425662e-6
6.84920766336916e-6
5.837826625645778e-6
5.026543741474817e-6
4.219379176950604e-6
3.5125252144431376e-6
2.930469201796326e-6
2.517981483180661e-6
2.1346118954370545e-6
1.790331338241728e-6
1.5145102275982363e-6
1.291565654926998e-6
1.1264868060317147e-6
9.957311608898907e-7
9.176462274424152e-7
9.161079714229425e-7
8.599818375925183e-7
7.595588829195032e-7
6.598800986460364e-7
5.624927475049385e-7
5.728111095791355e-7
5.853309364663394e-7
6.27306548077366e-7
5.984527874194805e-7
4.814753097727702e-7
3.3271290213664834e-7
2.3864231319921537e-7
1.7151902193515464e-7
1.166409591265323e-7
6.916723894536687e-8
2.37740435158017e-8
2.654740178244001e-8
4.888670092234988e-8
3.5413841058513335e-8
3.284238380552039e-8
3.724801938085899e-8
8.172081322285523e-8
1.2245343790651048e-7
1.2949575650557078e-7
1.6440102186159992e-7
2.1125298548507308e-7
2.184258403954754e-7
2.246329341690074e-7
2.408880859189271e-7
2.235234214700241e-7
2.1503644592744421e-7
2.009898843017381e-7
1.978996075552597e-7
1.5969754248892786e-7
1.5681277855625371e-7
1.1664441053250844e-7
8.446671965982743e-8
5.999793902236573e-8
5.4604512753867146e-8
5.690747642155432e-8
7.68044001827416e-8
7.51388821828963e-8
7.95796622322971e-8
7.438135048030814e-8
7.994048523888563e-8
7.787987841684135e-8
6.799427621866232e-8
5.124300536943414e-8
4.4654623872034e-8
4.549623850785952e-8
3.6990780702069346e-8
3.1713387940741534e-8
3.858436330790493e-8
6.252175632235447e-8
6.937763641007524e-8
5.54544779561502e-8
3.824281199287907e-8
1.6250161896071326e-8
-4.723234658364679e-10
-2.3878630396961554e-9
-4.409481873867629e-9
-1.0642282826563919e-8
-3.0784251953165454e-9
1.1261123804960998e-8
1.734684864413248e-9
6.412554791202969e-9
1.4035228506377461e-8
2.0150796570855033e-8
3.22256217102028e-8
3.362910827663079e-8
3.8133748520754236e-8
3.008027517792121e-8
3.4195559956226624e-8
3.391651974740177e-8
4.3067241945042896e-8
3.696580420018992e-8

# 0007_r0

-0.8492339754491292
0.04575139518427477
0.010728833324758033
0.0034520905419930586
0.0014703853003409473
0.0007567414047671877
0.00044163257271705647
0.00028121858641716777
0.00019063095408943296
0.00013538462240550697
9.942623952667548e-5
7.488654725700421e-5
5.743516951759509e-5
4.4755393651266526e-5
3.518566542293759e-5
2.779078466407795e-5
2.2131231408126702e-5
1.783825109768386e-5
1.4503493510322297e-5
1.1809885953610759e-5
9.642455414381796e-6
7.974894441178282e-6
6.6053021129575734e-6
5.6002286589655775e-6
4.798487742338626e-6
4.11190121086631e-6
3.552097124469942e-6
3.04246387746342e-6
2.6544508162986114e-6
2.299404287661705e-6
1.959836396855341e-6
1.6608626070158423e-6
1.4017245643447602e-6
1.1860442895823737e-6
1.0266943785047389e-6
8.693587567559631e-7
7.998550849907822e-7
7.101227021789169e-7
5.988812343398428e-7
5.152216598831824e-7
3.987167517032304e-7
1.9876466534499374e-7
8.569598350811039e-8
1.9335844051025614e-8
-2.40354213690583e-8
-6.007784469754256e-8
-5.075838237181339e-8
-1.4836354614000009e-8
-1.049126420958128e-8
-3.6208006460052635e-8
-7.0698753509333e-8
-5.4334274356649076e-8
-2.766601586234763e-8
1.392263526323869e-8
3.310914138249408e-8
3.5215587493978444e-8
9.833931384914266e-8
1.228208613997605e-7
1.2266423279627303e-7
1.1115482692549437e-7
9.990281222049301e-8
7.431844203762009e-8
7.01388286995822e-8
6.317750069837543e-8
5.8290132160187017e-8
5.372152481126694e-8
4.292228454657077e-8
3.1174477548349207e-8
3.2144193705945606e-8
3.1086335380560556e-8
2.347077861223367e-8
2.2097682015721082e-8
2.4648973150804567e-8
3.889764906804158e-8
6.090969840737249e-8
6.566372781898333e-8
6.209673396214961e-8
5.06302850972844e-8
5.0280356233203e-8
4.313734914646257e-8
1.5278091173256522e-8
6.656539314492029e-10
-8.02289466260482e-9
-1.2597699303831085e-8
-1.6059870798441543e-8
-3.2598584168558636e-8
-6.196450894904569e-8
-7.410202062737269e-8
-7.019311499405005e-8
-6.031847075690751e-8
-5.1577183733035363e-8
-4.760301663174893e-8
-2.8690010556065967e-8
-2.6451189826170973e-8
-3.4034760152359234e-8
-3.670738246695138e-8
-3.465382249316358e-8
-3.5249063340340323e-8
-2.3228118180531043e-8
-1.3398730831683231e-8
5.301668533460205e-10
1.2519751614782628e-8
3.5230524777568596e-8
5.910197999825015e-8
6.822918115681366e-8
8.09545928310709e-8
7.667947615844583e-8
6.917440163809297e-8
5.690240250945795e-8
4.8096601628931465e-8
3.4462098195682993e-8
2.4957744214605123e-8
2.2160311770126102e-8

# 0008_r0

-0.8491704015023133
0.04575593273468035
0.01072940381931293
0.0034514179292010026
0.0014691560399786147
0.000755295868492418
0.0004403934900022555
0.00027975712813443476
0.00018896763484327778
0.0001332689166417462
9.719687192452979e-5
7.281658244214847e-5
5.5577596875970646e-5
4.334233508537391e-5
3.414225709012524e-5
2.715844372348525e-5
2.176518509473462e-5
1.7728787453903686e-5
1.459655907811695e-5
1.209619218199546e-5
1.0108864294754759e-5
8.485504540082594e-6
7.173194514578171e-6
6.038365490121536e-6
5.021906270988504e-6
4.109581995693277e-6
3.316003017530189e-6
2.743555475648887e-6
2.2058514104897338e-6
1.8098728473496509e-6
1.4547554353010828e-6
1.1650507212500618e-6
9.10107556976167e-7
6.853598966320206e-7
4.245904621627135e-7
3.513164367156184e-7
3.264275013551443e-7
2.653266179475273e-7
2.2358004767596234e-7
1.5925270912648368e-7
1.1933785560735453e-7
9.779059386303856e-8
8.959785191691873e-8
7.637327452042638e-8
3.365329672626974e-9
-9.49253943595491e-8
-2.0896160883604513e-7
-3.072589618748663e-7
-3.590715657863115e-7
-3.507091569471951e-7
-3.510660343687847e-7
-3.5109328223651505e-7
-3.56005044394366e-7
-3.260211460721277e-7
-2.9522117071805193e-7
-2.602875983170805e-7
-2.0118631960834883e-7
-1.498647295382057e-7
-1.0008650568051602e-7
-5.8382646595805854e-8
-2.4313101415163044e-8
9.183370765042902e-9
4.0845740635685115e-8
4.198783193577424e-8
4.860716162293537e-8
6.10708342475873e-8
9.416975157094268e-8
1.170691033090939e-7
1.54884299270118e-7
1.7445045329161593e-7
1.9138402227235713e-7
2.141466198329218e-7
1.8300108451219802e-7
1.5228680019608731e-7
1.279765011774508e-7
1.0590200703712083e-7
9.26017456694207e-8
6.186654291194799e-8
3.984478624998168e-8
3.39937727720505e-8
1.084876966815545e-8
-9.176670667565195e-9
-7.757045434030496e-9
-1.553701968252697e-8
-1.3195754153521061e-8
-1.2693468878287452e-8
-2.294850955473343e-8
-2.124069513678372e-8
-3.494125022050143e-8
-5.1865958364145396e-8
-7.143225741104764e-8
-7.350311825690661e-8
-8.275416496568927e-8
-9.160444691167057e-8
-8.955490349035927e-8
-9.699919534293006e-8
-8.27331787727763e-8
-9.035858185406915e-8
-9.372250189755513e-8
-9.489230333937639e-8
-8.614102409284294e-8
-7.247560276236214e-8
-5.948279198098804e-8
-4.589210365056978e-8
-3.0156740753049665e-8
-1.4727840990925672e-8
9.557122095170253e-9
1.969660753931832e-8
2.928511375774108e-8
2.7711293760511347e-8
2.1130791741927453e-8
3.194352960411305e-8
3.5639113767496016e-8

# 0009_r0

-0.8492174760299015
0.04575837178826807
0.01073141644187979
0.0034526091167370395
0.001470024154073887
0.0007559755752658256
0.00044093157100919667
0.0002805481391116524
0.00018985380110804869
0.00013429939054443205
9.810320693477436e-5
7.335591024234152e-5
5.594235878418202e-5
4.333292157370064e-5
3.404821949888458e-5
2.698346807461096e-5
2.1516066317474494e-5
1.7289831769366755e-5
1.4025767520477225e-5
1.1454728733803672e-5
9.47169427472097e-6
7.960818378204278e-6
6.776061534536557e-6
5.894835296562001e-6
5.065439218778665e-6
4.426730861296375e-6
3.87591465053252e-6
3.391919996579164e-6
3.019366545489818e-6
2.7246581508746373e-6
2.452883083153969e-6
2.1865621526550477e-6
1.9242184603655923e-6
1.7492596443087635e-6
1.5518909267297962e-6
1.3611023951177442e-6
1.1954313863646866e-6
1.0797414843778111e-6
1.0358774081379881e-6
9.65965901278718e-7
9.034952767195716e-7
8.297785038485119e-7
7.543093404414472e-7
6.465083836398021e-7
6.142221463386615e-7
5.725993780108949e-7
5.519537202222228e-7
5.648019489403202e-7
5.453746376139722e-7
5.085766440114696e-7
4.7591502739352124e-7
4.296414041882719e-7
3.954396715440562e-7
3.654425864624941e-7
3.1403410748290427e-7
2.526093784566935e-7
1.9483223181501166e-7
1.8060879779370352e-7
1.419764405958794e-7
1.1799275940650726e-7
9.862373035179492e-8
5.10011302854254e-8
1.2255334823269198e-8
-4.5341724534387264e-8
-8.806186787359179e-8
-9.0252651714121e-8
-8.848454686841295e-8
-6.880498920654198e-8
-4.495549993856481e-8
1.120349093824835e-9
2.0280218503799944e-8
4.0827047437031795e-8
6.937633935624525e-8
7.351226563786529e-8
6.175452176783843e-8
3.420259657190243e-8
-5.423240920977358e-10
-2.5574104253603307e-8
-6.311859652554391e-8
-9.387980362927852e-8
-1.1832837901904641e-7
-1.370884871441932e-7
-1.2910112026638747e-7
-1.1172587997870302e-7
-9.8498763403129e-8
-8.27935885526184e-8
-6.101113737827487e-8
-4.1598127479983214e-8
-2.5859447445634827e-8
-9.979592657064816e-9
4.442463422301663e-9
1.9619410983340226e-8
4.459470620381046e-8
6.239609930215248e-8
8.471999782759543e-8
9.032016996530536e-8
9.636857245649306e-8
9.524759575132812e-8
8.591252819163385e-8
7.68828185468619e-8
7.825146630845168e-8
6.914063944673648e-8
6.181634516934731e-8
5.8122052649963565e-8
6.336716098130728e-8
6.814856749001904e-8
7.294059033223979e-8
8.16941972441644e-8
9.403130602954635e-8
1.1260650603732873e-7
1.1170033384687276e-7
1.0889242427078157e-7
1.0795306052217638e-7

# 0010_r0

-0.8491986009885512
0.045749917712149514
0.010725493490899423
0.003448540547976362
0.0014667698409297704
0.0007531034043665155
0.00043833229585179916
0.0002779714419740235
0.00018745849902222455
0.00013227340919607717
9.656937139297021e-5
7.235931963046267e-5
5.5420768538433185e-5
4.318022747741407e-5
3.439105030958778e-5
2.756451980274191e-5
2.2430199200536512e-5
1.826559948533793e-5
1.49237106891833e-5
1.240768788409979e-5
1.027068732413723e-5
8.45442111464844e-6
7.104842967902285e-6
5.775524938004178e-6
4.673970422814203e-6
3.8760430744647534e-6
3.2219268854730086e-6
2.7616885479309182e-6
2.3754819591025226e-6
2.113418222542529e-6
1.8470992576755647e-6
1.6277189313878293e-6
1.3604294037051795e-6
1.1856334640873087e-6
1.025656215955267e-6
9.458871644123698e-7
8.39100256941682e-7
7.982690264779611e-7
7.866927596026952e-7
7.350641025978512e-7
6.169867424692023e-7
5.655377634624428e-7
5.238696163103125e-7
4.937604274904728e-7
4.0331501857500283e-7
3.224776771281626e-7
2.5103125033624347e-7
1.970890120925574e-7
1.8581819960443867e-7
2.2155457945339814e-7
2.373703457817206e-7
2.4129932543018014e-7
2.1720413946602788e-7
2.3312873144264772e-7
2.3662937793091455e-7
2.2703016223998923e-7
1.999714072601089e-7
1.8453414606950472e-7
1.646114449409964e-7
1.321979138879176e-7
1.0003430407789741e-7
7.158253737682715e-8
5.793967717832204e-8
7.691429991240733e-8
1.1200937451727407e-7
1.1843508174413708e-7
1.1970085155903318e-7
1.1181931824992772e-7
9.105852510183686e-8
7.182945198300051e-8
4.8773061989915215e-8
4.2857406313506794e-8
5.247624324653411e-8
5.2328039561094966e-8
3.128380450208161e-8
2.7456252338110928e-8
4.537640530992303e-9
-2.0315329300190812e-8
-3.6161847182976386e-8
-3.821552101526126e-8
-5.8447014612536037e-8
-7.180216375565173e-8
-8.305174518534225e-8
-8.694456191583322e-8
-7.766344467970361e-8
-7.37841015913792e-8
-6.088502434837406e-8
-4.978481851181805e-8
-3.814651333121022e-8
-2.751944433016941e-8
-2.3868762655263626e-8
-8.711053372993908e-9
4.266143105140588e-9
2.7847941962850088e-8
3.816293128286709e-8
4.768173836493453e-8
5.2870253836723306e-8
5.800409674870311e-8
4.102710742971733e-8
2.9518443201540666e-8
2.5323323840390837e-8
3.6022762607868756e-8
3.2772229945138375e-8
2.6613882505061558e-8
1.7520563644424527e-8
7.47965351363947e-9
1.1803245774811505e-8
1.2773459038232406e-8
1.8421684493892298e-8
1.894047180807314e-8
3.075436473612471e-8
3.7768508823614545e-8
4.337075886611801e-8

# 0011_r0

-0.849163397889157
0.04575381232258725
0.010728357554227425
0.0034515177886590503
0.0014697051437992479
0.0007561762452972315
0.00044118738863926135
0.0002806422538912168
0.00018987719694433595
0.0001343396331394009
9.844424545834109e-5
7.415369596708625e-5
5.701066111568751e-5
4.4629242170518165e-5
3.531157207280889e-5
2.8395669354949185e-5
2.2955569058466323e-5
1.8603923867230285e-5
1.512553050063191e-5
1.2341306834913854e-5
1.0191192767434039e-5
8.525061467628542e-6
7.000546712769533e-6
5.851603215131424e-6
4.978149893163181e-6
4.140152841249949e-6
3.488790847197597e-6
2.8766549150429627e-6
2.3721344935799505e-6
2.1030584664149857e-6
1.8240283234460897e-6
1.5423027902792142e-6
1.2970436979774295e-6
1.0429113574542166e-6
8.392269404505303e-7
6.300889437580333e-7
4.837209508190633e-7
4.472855518037653e-7
3.550626475378356e-7
3.4153558924806155e-7
2.808068211988408e-7
2.0706852664956488e-7
6.878608112547211e-8
1.8948456109715013e-9
-7.592907797948573e-8
-1.1081387776743867e-7
-1.4760637825441423e-7
-1.5545939977066764e-7
-1.2656282453686967e-7
-1.014264756671801e-7
-4.705251657675314e-8
-4.086859225481102e-8
-3.6838022721594735e-8
-5.0569994012899134e-8
-4.09358821408837e-8
-3.004266139453024e-8
-1.3842021271191527e-8
-4.802735680359681e-8
-4.686047580695114e-8
-3.571348367727912e-8
-2.3349639367365867e-8
-3.710298885156412e-8
-3.603964642432692e-8
-3.3560226955831043e-9
2.7273725431816594e-8
6.605256973144621e-8
1.0667258312518014e-7
1.1509895389935679e-7
1.2728278000228094e-7
1.3569478830499544e-7
1.552601583898519e-7
1.7258865532548393e-7
1.7038881326176345e-7
1.4500909077073636e-7
1.0925195973174991e-7
7.044430291354259e-8
4.228760519254721e-8
4.211806390447663e-8
3.8444460490092943e-8
4.5773894939883014e-8
4.011462579841246e-8
2.1321089163800897e-8
2.4634708328073984e-8
1.9573499650174053e-8
2.4632943009864792e-8
1.5392793328974115e-8
-2.0978540744180278e-9
-1.2364609484792862e-8
-2.309189701841228e-8
-3.916933995831473e-8
-3.853944142882413e-8
-3.45585251298674e-8
-2.935255775607048e-8
-2.927243283075365e-8
-1.2639626057421663e-8
-1.577617206024376e-9
8.105602171113972e-9
1.5701339189843875e-8
1.795353727647392e-8
2.6899998004273995e-8
2.9153320337661978e-8
3.244597276467852e-8
5.1228035598983996e-8
8.169221201100902e-8
9.74078906991018e-8
1.045461659501516e-7
1.1257722010699409e-7
1.2315708526253023e-7
1.2116396073461672e-7
1.3127266016985816e-7
1.3957332467679633e-7
1.4097120773419374e-7
1.4473802563334649e-7

# 0012_r0

-0.8492390405956503
0.045746305713595004
0.010725952325742995
0.003450508621454605
0.0014690502352927952
0.0007554878134931802
0.00044066277258129774
0.0002801628457850991
0.00018941173817591127
0.00013399369814856845
9.810672255229049e-5
7.382420077887065e-5
5.654228099818525e-5
4.395158263753458e-5
3.465696042501586e-5
2.7623070538149353e-5
2.2230216752227775e-5
1.808958240455285e-5
1.4757245310804994e-5
1.2137745729701193e-5
9.945839605126449e-6
8.167869862298657e-6
6.733257692593975e-6
5.659399648592274e-6
4.6671731203123644e-6
3.883028062591807e-6
3.22163932017768e-6
2.6685430481478947e-6
2.161252782438586e-6
1.8610750100729766e-6
1.5047556048176302e-6
1.1975618767470851e-6
9.94894159915343e-7
8.416705615791352e-7
7.583055261238515e-7
6.286155066743812e-7
4.4823446548424856e-7
3.605981319755674e-7
3.461925278620432e-7
3.3465789118558426e-7
2.7567981743534594e-7
2.645881944903125e-7
2.3040347969488814e-7
2.0235786230970144e-7
1.5408119493024253e-7
1.3347239710554102e-7
1.1048363648576642e-7
1.097171902989878e-7
1.0274402829935937e-7
1.0047959197781004e-7
7.721046244757565e-8
9.426736405373647e-8
5.956224204705059e-8
5.552393152496315e-8
3.8675285132955257e-8
5.074223804689174e-8
2.0734248114229297e-8
-2.676363730796993e-9
6.5036589027392685e-9
7.667645232914103e-9
1.650112773237443e-8
1.7655463426506394e-8
1.9713446596358125e-8
2.639946664921353e-8
3.656400587230146e-8
4.955912634923499e-8
5.5097965066086576e-8
8.66814443308939e-8
1.0883066930038431e-7
1.3342326013125856e-7
1.6185475060962092e-7
1.7135401024674265e-7
1.8300729739416452e-7
1.9032516402485114e-7
1.7891124022650755e-7
1.4944450074522023e-7
1.3203717165529687e-7
1.2092616617450483e-7
1.1675986702404691e-7
1.0943701827404086e-7
1.0205994934875816e-7
1.018443885851983e-7
9.584605880572068e-8
7.93011907525708e-8
5.8122577349600174e-8
4.377289133018932e-8
3.9874160085320585e-8
4.091087402211383e-8
2.7274553406776602e-8
1.5114436360793481e-9
-1.963291263893832e-8
-2.9156349191590348e-8
-3.8140178696817854e-8
-4.43350654373594e-8
-4.71333279984569e-8
-3.917641472764793e-8
-2.5360178296520894e-8
-1.1392939417472368e-8
6.594482527250372e-9
5.4080893221182776e-9
1.911259419035548e-8
2.2115758301111253e-8
2.1860021188447257e-8
9.624395799398072e-9
5.729491904690232e-9
1.053253028127439e-8
8.366991888673142e-9
-2.2584995899595067e-9
-1.864815286208856e-8
-2.8250197305407485e-8
-2.7978431505304614e-8
-3.2037602876836745e-8
-3.6480807005300695e-8

# 0013_r0

-0.8492367296629221
0.04575403500990709
0.010731748198582091
0.003454943470285409
0.0014728922655952385
0.0007589735298690924
0.0004435182303244592
0.00028242420556617794
0.00019131169660279796
0.0001355725387174953
9.933835775775838e-5
7.466171415254452e-5
5.7378450123608795e-5
4.480551893924256e-5
3.533122198923331e-5
2.8020745073678067e-5
2.245122280337618e-5
1.8196082205512007e-5
1.4777903791762092e-5
1.206845812913538e-5
9.847453347766368e-6
8.06153226655951e-6
6.633436019133685e-6
5.475131247054127e-6
4.481886963532074e-6
3.7630469599430018e-6
3.137719627576906e-6
2.702390131157378e-6
2.227442695902252e-6
1.9072811187130597e-6
1.6472235320014168e-6
1.4230425233764519e-6
1.17083466460017e-6
1.01209854409072e-6
8.950571668786072e-7
7.863076369188338e-7
7.572440605340351e-7
6.942706761075651e-7
5.712094887190928e-7
4.0117486956293716e-7
3.0795199057339056e-7
2.8653559762258514e-7
2.681620177677557e-7
2.436957390296779e-7
2.2509132607337818e-7
1.7874302034948846e-7
1.3828252180188358e-7
8.155831156209396e-8
3.605650488260777e-8
6.8742445453701264e-9
-3.871897707661848e-8
-4.6514008376977993e-8
-3.946067037296049e-8
-8.947601131130904e-8
-7.021774722254483e-8
-9.352912608624911e-8
-1.1338150634542087e-7
-1.2933535076778996e-7
-1.6391241333787197e-7
-1.7609831346951517e-7
-1.920473683599394e-7
-1.7258687413339806e-7
-1.6845629076814808e-7
-1.4584447332546806e-7
-1.1450085885029313e-7
-6.962127941236901e-8
-5.181533115452705e-8
-4.549834214882489e-8
-7.102385334721536e-8
-7.879235104274401e-8
-7.013095085391138e-8
-3.775579535727917e-8
-2.05785081833758e-9
2.659957980887233e-9
6.900290280545905e-10
-2.3507749323255527e-8
-3.0717479977395024e-8
-4.1909752876035054e-8
-3.5613914361765717e-8
-1.7985631140376492e-8
-7.706707608306788e-9
4.308285013443534e-9
6.5937326964393566e-9
1.681423589980741e-8
6.950762842710553e-9
-1.7809185724129331e-9
-3.368736235210689e-9
-9.618498440657733e-9
7.958259564492873e-10
1.519145531153187e-8
3.100821416194958e-8
3.445257301626956e-8
2.8196744348373152e-8
2.2669827097498444e-8
7.526560445198673e-9
7.041165357521927e-10
5.751261902820021e-10
-5.063283830634872e-9
-1.1402574268642119e-8
-1.105146038036204e-8
-2.061628319901655e-8
-3.186191178196322e-8
-3.001892988101127e-8
-3.923110342147551e-8
-3.82128715855822e-8
-4.002624637270478e-8
-2.8192998662426265e-8
-2.6867858639410803e-8
-2.1682944851302634e-8
-2.022694601320357e-8
-2.1062740998739428e-8
-1.7508996845337035e-8
-2.1623823453007834e-8

# 0014_r0

-0.8492067337291502
0.04574716445704567
0.01072718315011242
0.003451404361913511
0.0014698253445089916
0.0007565533105695077
0.00044181197890856707
0.0002814666131490049
0.0001908260766034942
0.00013547245234502196
9.949730083716017e-5
7.504492268336146e-5
5.773686068780722e-5
4.507601943219749e-5
3.555790307300234e-5
2.8329947990330258e-5
2.2799671352281845e-5
1.841913132790036e-5
1.4830431633509715e-5
1.2062772430476961e-5
9.797559305335752e-6
7.99067894792967e-6
6.514294665158414e-6
5.328448663218808e-6
4.438660310314088e-6
3.6815803060108056e-6
3.052153054951519e-6
2.543270050210827e-6
2.0963297745433013e-6
1.7440633963394717e-6
1.5477691664681382e-6
1.4547004749457557e-6
1.3890566981308143e-6
1.3458320713685723e-6
1.2830231608740713e-6
1.123175449843391e-6
9.622064827455521e-7
8.906804157303913e-7
8.225464332762475e-7
6.754786955034044e-7
5.615701409442948e-7
4.7552078111499816e-7
4.2684309689668346e-7
4.0338349144830475e-7
3.4507411265781086e-7
2.9546518327585235e-7
2.715428522604235e-7
2.0235810225052213e-7
1.3349405034995935e-7
1.0094358825977522e-7
9.758583475208561e-8
9.421311961495208e-8
1.1193933641760271e-7
9.03427108121224e-8
4.3492315742694444e-8
1.4686951548886626e-8
2.8882737098195193e-8
4.7326042951437305e-8
8.874360324266976e-8
8.995029358608032e-8
8.63296122880997e-8
5.1522514409626677e-8
2.0226213334993597e-8
3.6026300525967746e-8
4.390811984715977e-8
5.855713702234414e-8
6.088213365735775e-8
7.030263853645229e-8
8.061740299181964e-8
8.579988655805253e-8
9.58574603017705e-8
1.0379543857046124e-7
7.4029495711082e-8
6.463147771886744e-8
3.403338619185703e-8
3.092574751533688e-8
4.14568508433732e-9
-6.091398851435087e-9
-9.149233635771902e-9
-1.8070120533504914e-8
-9.188673505072411e-9
-1.2568197463009635e-8
-1.008046267069516e-8
-9.520691531392633e-9
-1.5353462780619275e-8
-1.2148359828710171e-8
-1.853474904845991e-8
-1.6453788142202702e-8
-1.1488116133031862e-8
-1.005976012189705e-8
-1.3740379161533712e-8
-1.9991497515680623e-8
-7.548592855871098e-9
8.953758216709888e-9
2.629848524378911e-8
2.2404987005148498e-8
3.267668114052426e-8
3.8543577529974564e-8
3.8398599453374994e-8
3.5953660142723605e-8
3.4063828860392746e-8
3.76029834393705e-8
4.4089880358903154e-8
4.8603941937023224e-8
3.478955559844708e-8
2.8522873593009705e-8
1.3083287402128992e-8
-6.922759159254244e-9
-2.041668697124098e-8
-2.2366744079763076e-8
-2.7091179827617445e-8
-3.282604892835869e-8
-4.3826855949692887e-8

# 0015_r0

-0.8491497385414349
0.04575109406303878
0.010726152059348137
0.0034497832384014497
0.0014680182939464654
0.0007543453362863153
0.0004393801865673528
0.000279046593924485
0.0001885019720278281
0.00013314827074104062
9.715099466960416e-5
7.285011285934707e-5
5.5606464551816614e-5
4.309614031013706e-5
3.3856045601587464e-5
2.693455263741015e-5
2.1641686296890094e-5
1.742035329580759e-5
1.4119579214759314e-5
1.1509863637643867e-5
9.49956373251165e-6
7.824572163271916e-6
6.374258196937661e-6
5.203898430218229e-6
4.279699250903246e-6
3.54486689806934e-6
2.9872588465792356e-6
2.446534261839095e-6
1.937763270854314e-6
1.5816527430016886e-6
1.1488749327675406e-6
8.145962534345785e-7
5.137396331626914e-7
2.773140222600596e-7
1.6151900281312504e-7
4.953397686278805e-8
-1.6192558069959607e-8
-1.0666267573197046e-7
-1.9759417266981375e-7
-2.679788309841971e-7
-2.8610162037514586e-7
-3.0657959223814494e-7
-3.3225564043879996e-7
-3.6513759622698277e-7
-3.455794578507998e-7
-3.0661765198427646e-7
-2.568866092303008e-7
-1.933768010644094e-7
-1.0874571585287935e-7
-5.6244002506060176e-8
-2.340373514714577e-8
-3.5166264561204535e-8
-1.2826616901859562e-8
1.53750358569777e-8
1.7458238664531797e-8
4.425369471790698e-9
-6.998576534834537e-9
8.27224361251467e-9
1.6644967216590504e-8
1.209827260316167e-8
1.1940078660421785e-8
1.6122393146385454e-10
-4.1738698130374964e-8
-5.777717813072651e-8
-6.563421552105486e-8
-2.8588492964656415e-8
1.884455771309827e-8
5.329363572402641e-8
6.364954043102603e-8
7.90241209845027e-8
5.479655595838585e-8
4.537873460179015e-8
2.6266483440884004e-8
-6.932906565470107e-9
-2.9338518746044995e-8
-1.5010100253935388e-8
1.20586547381074e-8
2.804198445848999e-8
3.7184747257715486e-8
3.786222146808644e-8
2.8510701165868497e-8
1.753135200831654e-8
3.295491112452366e-8
3.578719193553962e-8
5.0602080347892893e-8
7.332978200107507e-8
9.575149789173855e-8
1.056346725113057e-7
9.408822244035812e-8
8.75145991386753e-8
7.98279007764474e-8
7.274382837814841e-8
6.395180184552378e-8
4.2693975710946384e-8
2.3940302612532546e-8
2.4195457840594015e-9
-2.4028877315082734e-8
-2.924244592481071e-8
-2.0143190621731128e-8
-1.3265658468242404e-8
-8.639572571109421e-9
-5.092973668156558e-9
-7.566237979175903e-9
-7.290058382826774e-10
2.1546172947127803e-9
-6.998650917253031e-10
-1.4440160861936307e-9
-2.5299362133314512e-9
2.3879271777030574e-10
1.3767441594632726e-8
2.388371824837452e-8
3.5814292763086324e-8
3.449629816912084e-8

# 0016_r0

-0.8492707293929636
0.04575770757962776
0.010731731512425454
0.003453149634581048
0.0014707438276546764
0.000756881359837075
0.00044202897577635524
0.00028174983846238365
0.0001911638383262622
0.00013577276894771362
9.964408970267603e-5
7.519013096534297e-5
5.781236253076147e-5
4.5030307293875385e-5
3.552151225757617e-5
2.832358363611345e-5
2.273601156417403e-5
1.8433855529691024e-5
1.4874109909883395e-5
1.2128110537043484e-5
1.0032989212034582e-5
8.343260865500873e-6
6.9655140149853414e-6
5.845992218849107e-6
4.934174881623351e-6
4.1219441071719455e-6
3.485179266233118e-6
3.0236085606604357e-6
2.537506297140467e-6
2.1203108494713888e-6
1.7973397377382908e-6
1.5070668922029308e-6
1.2460827732169549e-6
1.0813034822440531e-6
9.427522485996828e-7
8.040118811121996e-7
6.500394419572682e-7
4.3956813899111037e-7
2.5572608916999673e-7
8.99784277007899e-8
6.254551447794338e-8
5.91061866344164e-8
8.626333312569234e-8
7.514564384897079e-8
3.601355911785543e-8
-1.3566784009234304e-8
1.976552537092059e-9
5.925500801828769e-9
4.58398862065171e-9
1.3335067059532073e-8
-4.5505316181186776e-9
-3.211045353692833e-9
-1.7173492187029102e-8
-3.119930486296669e-8
-3.733525735684574e-8
-5.435777864190072e-8
-9.628440999267242e-8
-1.2443805948472074e-7
-1.3650902314294276e-7
-1.5644517450370979e-7
-1.6361128954439656e-7
-1.9564510771389342e-7
-1.8288821436699433e-7
-1.616060507162437e-7
-1.219617218699218e-7
-1.230488303751584e-7
-9.984300248109469e-8
-9.216090219502873e-8
-5.062123427106213e-8
-1.7995881733239715e-8
9.9261116523272e-9
1.9223168594588234e-8
1.7801370186326927e-8
1.4885441812469833e-8
8.234791055998442e-9
1.2854109610863473e-8
8.317591109757226e-9
1.041459247316186e-8
1.1327617672044483e-8
1.4209344845572231e-8
1.4097650921127979e-8
1.1151929092925399e-8
1.6643650171637755e-8
1.0720137843353153e-8
4.829532727087426e-9
-1.4523332195062017e-9
-3.4244119278168213e-9
1.0175749437083174e-8
1.0127359807409278e-8
1.3543045248391e-8
1.3185176182482763e-8
1.96144646432686e-8
2.2461568459546586e-8
1.682015440529614e-8
1.5513784250826814e-8
2.1782662225295374e-8
2.172515402902491e-8
2.0730650848843133e-8
1.5310964649516784e-8
8.65062027368384e-9
1.691344758271667e-8
3.026124655535362e-8
3.2474771748700576e-8
3.1105848632539355e-8
3.856870928487807e-8
5.026525407147066e-8
6.42883630901085e-8
7.219073928416989e-8
8.470820647786127e-8
9.11961314383103e-8
8.65732470590024e-8
8.521069026123169e-8
8.437428010861683e-8

# 0017_r0

-0.8491817814621845
0.04575783062256961
0.010731159388238914
0.0034534007845952322
0.001470623101572435
0.0007565021212400742
0.0004412654923757731
0.0002805711606875813
0.00018968695652654588
0.00013415054318080416
9.826585717085497e-5
7.391342972162651e-5
5.679199370709919e-5
4.434728002334146e-5
3.5032592826696376e-5
2.7954386476361632e-5
2.2691446114535443e-5
1.8558749417098437e-5
1.5403981688008127e-5
1.2860343424317323e-5
1.0728756856508672e-5
8.987076234625289e-6
7.5584555513153884e-6
6.38858711838566e-6
5.3869537933770015e-6
4.64563137103751e-6
3.993913463147081e-6
3.520565376915696e-6
3.041032139897709e-6
2.6999420303310882e-6
2.3499000832765543e-6
2.074928825786699e-6
1.7463275021376066e-6
1.458128197822687e-6
1.1931526557233043e-6
9.499694121593515e-7
7.43704190444331e-7
6.062766227278393e-7
4.2235999187266533e-7
3.5847611447042045e-7
2.6641757604474777e-7
2.0121184356163264e-7
1.6211735776467958e-7
1.4541366534065924e-7
7.244476001178967e-8
2.5110241879844898e-8
2.6649867826829737e-8
4.2340188923896166e-8
4.681143097758766e-8
2.2577754340457203e-8
-7.783706581782925e-9
3.901787028547053e-10
2.16750637098721e-9
-3.536063334395215e-8
-4.803612705420256e-8
-5.06004193959174e-8
-4.9315866167617914e-8
-6.201927719474119e-8
-3.258274365234033e-8
3.50582514335863e-9
1.5329927970251666e-8
4.0765950308630754e-8
5.965562726702118e-8
5.5379682403940544e-8
2.7550292923809988e-8
3.1885927547675503e-9
-8.31573141663994e-9
-7.186978043532393e-10
3.465003304062967e-10
1.0563998822682615e-8
1.1680880745572286e-8
-3.4679175871330863e-9
-2.250675011994791e-8
-4.842034101057199e-8
-4.177366748314498e-8
-2.761028866715719e-8
-1.364151259260173e-9
1.3793995650636207e-8
2.3280671887092827e-8
2.803220191367939e-8
2.281485980448723e-8
7.90442677449131e-9
1.3096373910494024e-8
2.6965793617401913e-8
3.227664884542025e-8
4.400977615902044e-8
4.718580400409313e-8
3.882116636842837e-8
3.7649161009305084e-8
4.410803165869361e-8
3.8524392389807435e-8
2.220251925205989e-8
1.853894557910094e-8
1.1737276119476882e-8
5.471179447128242e-9
2.6097841806775834e-9
1.4848074864496342e-8
2.050943602384666e-8
1.8762782507713614e-8
-6.511747839849389e-12
-1.2178126771973967e-8
-1.1199650007408354e-8
-9.32916348236419e-9
-1.8571609631379838e-8
-1.6418250019534915e-8
-7.588198074734379e-9
1.7358334809507446e-9
1.2727063069694776e-8
2.5661904979120007e-8
4.3833645770204766e-8
4.846649466766042e-8
5.394420005281723e-8
4.836962131514761e-8

# 0018_r0

-0.8492058790627289
0.04574893452799774
0.010726386409257289
0.003450035517479328
0.0014683144798130622
0.0007546391293779404
0.0004399933632291835
0.00027986727560491475
0.0001896424435486965
0.00013444202616120926
9.85954805697991e-5
7.435277035633335e-5
5.710234737842891e-5
4.454758867542163e-5
3.5253221835529244e-5
2.8205030560705576e-5
2.2818319573159108e-5
1.853682747360237e-5
1.5173035089341624e-5
1.2401055248181371e-5
1.0161022984031304e-5
8.344363447081196e-6
6.853710753507741e-6
5.6599605588786945e-6
4.660095733279652e-6
3.7305581775520496e-6
2.9641013071833618e-6
2.406487419114804e-6
1.9296295999716434e-6
1.6534670045742073e-6
1.3821000456906007e-6
1.2007609455932366e-6
1.0298392106574935e-6
8.423608016169078e-7
7.25544717368756e-7
6.54563209009677e-7
6.432841772139061e-7
6.221547324754887e-7
6.258249088123603e-7
6.206637573529295e-7
6.157102819690519e-7
5.745060002268218e-7
5.078254065648093e-7
5.077075013136499e-7
4.891772922453312e-7
4.4384116766725225e-7
4.160540660499873e-7
3.9058544254440675e-7
3.998936386041239e-7
3.9747061199306986e-7
4.166687699266687e-7
3.771694670388336e-7
3.899934819905249e-7
3.6467483592530833e-7
3.172279849003605e-7
2.969732301470088e-7
2.701281176597655e-7
2.6730980720294064e-7
2.5802889987791277e-7
2.2322742852407067e-7
1.6416821315773958e-7
1.0899707071049368e-7
6.632706833920761e-8
1.189591188425609e-8
-1.0682683397797622e-8
-2.2825842219222064e-8
-1.081989910396665e-8
6.9038393140859935e-9
-1.8013432007524157e-8
-2.312164714484738e-8
-3.1869189971884674e-8
-6.188427334905658e-8
-8.06878417342056e-8
-1.0318686858090825e-7
-8.554407236387494e-8
-8.594350080487468e-8
-6.032916443999842e-8
-5.350838258207236e-8
-5.852172396023766e-8
-7.108976875869383e-8
-6.936183768898471e-8
-6.786271280206338e-8
-7.968202192674337e-8
-9.415891432822451e-8
-1.0970152907383309e-7
-1.1560031778469805e-7
-1.1109434934345134e-7
-1.1160237512351876e-7
-1.1487464733977139e-7
-1.1253696395008556e-7
-1.0694006683933845e-7
-1.1724479577888359e-7
-1.2717897749643312e-7
-1.3297447669609733e-7
-1.3110125357940473e-7
-1.2587447091074387e-7
-1.1720516321138786e-7
-1.0760997809482885e-7
-9.80715720577778e-8
-9.323747066495296e-8
-8.632388649135211e-8
-7.811326077342004e-8
-6.836080429317851e-8
-6.102523213176708e-8
-5.1829986855391075e-8
-3.706572190305875e-8
-2.2417290034682344e-8
-1.719627955464522e-8
-1.0374203192005279e-8
-5.796569177476979e-9
-1.5650989003177972e-9
4.102934815032286e-9
-2.6978771329969217e-9

# 0019_r0

-0.8492685138073883
0.045748507278034437
0.010728655776172517
0.0034518027102924675
0.0014698760894126873
0.0007563313208438069
0.00044136599368975357
0.0002808211142431831
0.00019026344019418173
0.00013501025860728483
9.920550128149592e-5
7.479198039595692e-5
5.744865485283534e-5
4.46630459493799e-5
3.5128379490317906e-5
2.7926750788969064e-5
2.2482502355221118e-5
1.8288103689525724e-5
1.5056096678869093e-5
1.2479019853946934e-5
1.0525231823757251e-5
8.77118794317136e-6
7.256221799483482e-6
6.0508312829639535e-6
4.964215052834428e-6
4.12121755237633e-6
3.4690042044138655e-6
2.9570262397406132e-6
2.477484772776463e-6
2.104075664027815e-6
1.7322934195594247e-6
1.449226726916913e-6
1.197133401831049e-6
9.539775750730184e-7
7.428573092452626e-7
5.990177158645055e-7
4.95791440245339e-7
3.8713951427723886e-7
3.870704951161123e-7
4.0255798849897714e-7
3.5988346268200544e-7
3.2005749024163396e-7
3.4722452057362574e-7
3.1700438862854496e-7
2.3209844166387288e-7
1.707863990348013e-7
1.1179687579471182e-7
7.184944217906803e-8
7.422073293693309e-8
5.052310129473173e-8
-9.302699029456248e-9
-4.92037720562413e-8
-6.811175608854567e-8
-1.2297424897944646e-7
-1.9697112914848256e-7
-2.181049978360121e-7
-2.1176277904828218e-7
-2.108984312143674e-7
-1.8254276194692307e-7
-1.8158117572550068e-7
-1.5065993261521842e-7
-1.6269183174140511e-7
-1.1368906774195943e-7
-5.991410516130177e-8
-2.8262752578704493e-8
1.0274404883875886e-8
4.024313388861968e-8
5.5668122021233235e-8
5.6068472573454965e-8
5.999422318022858e-8
6.104375333628458e-8
6.137590637254354e-8
4.578055853103971e-8
3.530343422143649e-8
1.1806943349091218e-8
1.428710613038593e-8
-7.1953182259920925e-9
-4.280085426529768e-8
-4.402421407010878e-8
-3.408305674723661e-8
-1.093546449919454e-8
3.849619213209388e-9
1.170896348253919e-8
2.236962834798897e-8
2.0923174023109336e-8
5.545401247423512e-9
5.806349176428295e-9
-2.6166280956598178e-9
-2.2103826005743437e-8
-4.2786078957163266e-8
-5.0553334841259164e-8
-5.313983759554401e-8
-5.8432662067986884e-8
-5.5907599226296546e-8
-5.717814783905389e-8
-6.125024972029289e-8
-7.463998217384382e-8
-8.690593549972507e-8
-9.369759861728726e-8
-9.792096830000836e-8
-9.592598421830508e-8
-8.903908056923561e-8
-9.971825604436127e-8
-1.1090586933657209e-7
-1.0999975124875281e-7
-1.0489976229645743e-7
-1.0039546009519861e-7
-9.7925242819166e-8
-8.47667034737693e-8
-6.548144709931408e-8
-5.931871694161705e-8
-5.618685842302e-8
-5.267471651278502e-8

# 0020_r0

-0.8492663714154999
0.045745127962860004
0.010725521302108687
0.003450011117443745
0.0014688505058925248
0.0007554360719995328
0.00044076846235834163
0.0002802412215446114
0.00018961607456641124
0.00013436277725654828
9.849302623900108e-5
7.397148490673586e-5
5.669004956245269e-5
4.418534923510597e-5
3.5103514314938077e-5
2.8176335886738354e-5
2.2854793772297666e-5
1.856243557990431e-5
1.4986910184560637e-5
1.2247574104558935e-5
9.958817247767295e-6
8.214113358878441e-6
6.812008862952976e-6
5.691634063621544e-6
4.800824638866987e-6
3.995984670455608e-6
3.32108070416528e-6
2.684280875804629e-6
2.1272665177276186e-6
1.660024972602758e-6
1.2432930414486152e-6
9.959977159208154e-7
8.790848947010057e-7
7.745403039210401e-7
6.943123476545006e-7
6.592724685862929e-7
5.663685593250555e-7
5.363611089287881e-7
5.478151725347872e-7
5.335678350990143e-7
4.7643880300316795e-7
4.2904853796170986e-7
3.7035267086891205e-7
2.8895903817253814e-7
1.912474369481341e-7
1.8288979611771875e-7
1.687864177603365e-7
1.488120472595406e-7
1.314393704123939e-7
1.1085437352268173e-7
7.726456133384121e-8
4.0612312706863255e-8
3.280232731163328e-8
6.521917943656519e-8
7.045422815501453e-8
8.095434923919335e-8
1.21734412450141e-7
1.4676104217477045e-7
1.5672299682460582e-7
1.63558539815052e-7
1.4680760306756955e-7
1.2450450130521718e-7
1.0443124813843301e-7
1.0459847008154121e-7
9.724033218715307e-8
7.704022706050945e-8
5.1918310230107586e-8
2.421234070124897e-8
2.6835822760658426e-8
2.7498223187953138e-8
4.095866917976935e-8
5.524132333175361e-8
5.589339140963705e-8
5.5250021671400274e-8
7.571265647837446e-8
8.71302504505592e-8
1.0671028698592674e-7
1.1210401288455013e-7
1.1742711903580094e-7
1.0289928360205978e-7
9.181406256964028e-8
7.691917457285757e-8
6.016278689790676e-8
5.858438957792294e-8
5.74850249935961e-8
4.7429996205750167e-8
4.828177560713101e-8
5.65559469690296e-8
5.6850298443525554e-8
5.233129268291667e-8
5.39742555483641e-8
5.4322115369305474e-8
6.402874997945853e-8
7.019348325019e-8
8.220420552767396e-8
9.692302953003639e-8
1.1654598717434577e-7
1.349048520583635e-7
1.4514127819704032e-7
1.5213156176924843e-7
1.5837644514989033e-7
1.5746023392342455e-7
1.6973415203784908e-7
1.7785836594902234e-7
1.8436970902894754e-7
1.7437402616146747e-7
1.5932602189703225e-7
1.417768103207126e-7
1.2518511427828964e-7
1.1630024982025953e-7
1.067930113219728e-7
9.451257855356491e-8
8.870686087202345e-8

# 0021_r0

-0.8491833349241646
0.04575627299707561
0.010729776911646846
0.003451743403056744
0.0014690906947690148
0.0007550599559264045
0.0004398497757802897
0.0002792720682888835
0.00018852228760054355
0.00013294386010323842
9.700007865706545e-5
7.266490502999965e-5
5.562194298954599e-5
4.3036962937710146e-5
3.3747990816610894e-5
2.66983919226543e-5
2.104822005735613e-5
1.6634380552617234e-5
1.3208935971825941e-5
1.0486787483206744e-5
8.246524213907258e-6
6.433490402030006e-6
5.053594891232291e-6
3.821945404919425e-6
2.813064795401353e-6
2.040737699641188e-6
1.483389747095839e-6
1.1278501662656747e-6
8.587881381753676e-7
7.286997640882183e-7
6.498690619692844e-7
5.645060455784253e-7
4.6180339909925846e-7
4.545148994529987e-7
5.197246274788331e-7
5.131484407133693e-7
4.687580482951123e-7
4.4706245388696154e-7
4.0358696909778613e-7
3.629766472230456e-7
3.154997251901833e-7
2.541588947806833e-7
2.172667343382643e-7
1.8706838344097044e-7
1.446194492541117e-7
1.668754774480085e-7
1.4801605615444945e-7
1.1597323708499048e-7
4.021913677097013e-8
1.946928218276882e-8
-9.34330318109618e-9
1.7859034438551635e-8
5.534464149976809e-8
6.892334844258784e-8
6.791066824223692e-8
5.324999510420069e-8
1.4775003297495469e-8
-1.527379425308915e-8
-2.6967764930679206e-8
-3.6344480472904025e-8
-3.1521813519577235e-8
-3.485791415060912e-8
-1.944886438545037e-8
-3.123416853603954e-8
-1.6663884941118186e-8
4.469935436529847e-9
2.690227941328351e-8
2.9761685633407126e-8
3.4114606908736947e-8
2.6831099940314233e-8
1.2252731880314858e-8
1.6417738290121934e-8
-5.777861611219587e-9
-2.5570160184528455e-8
-4.74735170416543e-8
-5.692054935782518e-8
-7.522424528492774e-8
-7.860960689210377e-8
-7.266753035112769e-8
-8.969751926162083e-8
-9.719845274707642e-8
-7.842265194762112e-8
-6.157474701311303e-8
-3.117714524031722e-8
-2.1574851248043386e-8
-1.2159882173987752e-8
-5.854645198433133e-9
-5.969236957793557e-9
-7.044239227871786e-9
-1.2205795456188729e-8
-9.703743983268019e-9
-2.0728839784337876e-8
2.868707555639413e-9
3.081407177926201e-8
5.3302387136909645e-8
6.772100399216213e-8
8.012788254946426e-8
7.839676309253416e-8
5.7089362550613415e-8
3.7072761177790075e-8
3.3277065232895645e-8
1.8134564813949958e-8
1.4109273269197702e-8
1.7680564675861582e-8
2.7388907722667624e-8
2.358928203775833e-8
3.353569409329262e-8
4.132890136967366e-8
4.023312839842517e-8
4.1453253090149424e-8
3.784867316370019e-8
4.1610574615594374e-8
4.3224655538285683e-8

# 0022_r0

-0.8492291313017218
0.045751861377449764
0.010730527705548843
0.0034540217340851965
0.0014723265053250068
0.0007584366124551141
0.0004431962706540858
0.00028244636031312276
0.0001915438899113968
0.00013597238552966363
9.988972180575218e-5
7.522706721247799e-5
5.7717214807824356e-5
4.507578257103433e-5
3.57276654976553e-5
2.865870045335559e-5
2.325853940647916e-5
1.899262906584057e-5
1.557116334841047e-5
1.2925141887767913e-5
1.0644224985274677e-5
8.746228775640737e-6
7.164598615298696e-6
5.866057861095549e-6
4.82735181564315e-6
4.052134050403261e-6
3.3060771004593412e-6
2.6564864295317746e-6
2.156799997519924e-6
1.8120132924485447e-6
1.466493786607238e-6
1.274538381926793e-6
1.1209749100595265e-6
9.718159870762315e-7
9.147282155334669e-7
9.330189696850302e-7
9.496533696815465e-7
9.020421817970676e-7
8.443027518076458e-7
8.210313320298698e-7
7.619430912390353e-7
7.032297848272062e-7
6.124460837790838e-7
5.645307078939363e-7
4.907961169393197e-7
4.1695347321701814e-7
3.2791159929787116e-7
2.33315639251777e-7
1.7468392747389472e-7
9.542052818781735e-8
4.9065686837269863e-8
-5.837490084955049e-9
-3.9183671037691106e-8
-5.9369269322694165e-8
-4.795967460395388e-8
-2.836184915621227e-8
7.360281256467123e-9
6.704559103514403e-8
1.251567895770435e-7
1.198424497276676e-7
8.690140738692351e-8
6.948861007478123e-8
2.9107197157613367e-8
1.4761414955992288e-8
-7.465548547310402e-9
-1.5895695272715764e-8
-1.745445006939796e-8
-5.873206525581594e-8
-8.63808241508667e-8
-1.0324348504478833e-7
-1.278429633962777e-7
-1.347311981541866e-7
-1.1755161344082875e-7
-1.364473489782746e-7
-1.1454429778663016e-7
-9.136416023934607e-8
-6.69343140862e-8
-5.272602480227583e-8
-4.056380818394625e-8
-4.714755137445966e-8
-7.030897448507594e-8
-7.780294783120795e-8
-8.72321942702788e-8
-6.763200672534477e-8
-5.0630385213130335e-8
-4.4289736151270804e-8
-3.026440384092621e-8
-2.3286995509366658e-8
-1.920600799047493e-8
-9.181966037702247e-9
-1.3365358490812912e-9
9.580265535076253e-10
-1.0956628571778322e-8
-1.9592878321270057e-8
-1.5039745847927516e-8
3.81975976811708e-9
9.838519134985632e-10
1.0739159223679953e-8
2.1462707125407345e-8
2.5406509037570546e-8
3.3019851149860486e-8
3.5926933440064344e-8
4.4397261307091376e-8
5.037838566308134e-8
6.414237460249034e-8
6.578683928509393e-8
7.183015956084906e-8
6.69741243748235e-8
6.500069365252626e-8
6.324895872845849e-8
6.283835345069742e-8
7.283989873789741e-8
7.967908682866357e-8

# 0023_r0

-0.8492103973227196
0.04575472360022444
0.010731236434881577
0.003454815626319095
0.001473417763628506
0.000759916039673049
0.0004452294385481526
0.00028491665645311357
0.0001940379051497851
0.00013835922688496872
0.00010212478798146567
7.740417980592666e-5
5.995661584025463e-5
4.711737517808235e-5
3.7584005918785296e-5
3.0096750768961066e-5
2.4156870396058095e-5
1.9520863241808787e-5
1.5671650552649927e-5
1.2690882773438308e-5
1.0269656244893887e-5
8.393112120918956e-6
6.958574497720592e-6
5.769113051817432e-6
4.805145554226404e-6
4.004652955554785e-6
3.3461139632598244e-6
2.7640488384421216e-6
2.2564882667224127e-6
1.8376639023703755e-6
1.4909777432690205e-6
1.236288921546491e-6
9.697200841610508e-7
7.418038461193742e-7
5.820656233003007e-7
4.0097418885450983e-7
3.0260821662545693e-7
2.243157407983993e-7
2.2698974333173295e-7
2.549256631633199e-7
2.639010697247754e-7
2.553071298965526e-7
2.2352454900068617e-7
1.9523617312498507e-7
2.0344336271779718e-7
1.5684741842753512e-7
1.2487385077609322e-7
7.134248611702465e-8
8.18885633268745e-8
4.279662685538539e-8
1.90735255539924e-8
3.6792121580335914e-8
6.959292967145327e-8
1.1673269173535555e-7
1.3618285417615797e-7
1.300620382172204e-7
1.2839039160628725e-7
1.2201062457667102e-7
8.743140119508757e-8
4.212541320258731e-8
-2.7847351384778094e-8
-6.97570652779379e-8
-1.0061138372654534e-7
-1.260345167314801e-7
-1.2372504607199424e-7
-1.0268453149994653e-7
-8.803689529142016e-8
-7.1779233831311e-8
-4.505173108583639e-8
-4.811038989624604e-8
-6.897091355958991e-8
-7.145881586808736e-8
-8.399690001245124e-8
-9.59369252150633e-8
-1.1512723050092819e-7
-1.1918757281520513e-7
-1.329229972273864e-7
-1.3024203348369686e-7
-1.209575394497926e-7
-1.2064188384844236e-7
-1.0639810751260082e-7
-9.839547683566952e-8
-9.575960382141769e-8
-8.963047586277019e-8
-7.492341580577455e-8
-6.031172092041661e-8
-4.134595523811397e-8
-3.044866435483465e-8
-1.7681098965230965e-8
-6.092629607027981e-9
-1.5929700139665557e-8
-2.0038103960871833e-8
-3.7319045335795455e-8
-4.958228012289371e-8
-5.946345473134266e-8
-5.142995990391252e-8
-4.4361127136337034e-8
-3.214755425570836e-8
-2.4229867177891222e-8
-2.024345847398107e-8
-2.341134811012523e-8
-2.4647248245624717e-8
-2.500653504654799e-8
-3.587017403368856e-8
-3.499661439534049e-8
-3.4049155335110555e-8
-1.9977527796065857e-8
-4.208523100753487e-9
1.2770132014907757e-8
2.855860470483279e-8
4.156999308102545e-8
4.621731236542958e-8
4.3799542178567444e-8

# 0024_r0

-0.8491263408393935
0.04575382320539141
0.010729586896476033
0.0034537375491653977
0.0014722311797787323
0.0007585426370339939
0.0004433194116452047
0.00028261839060114035
0.00019180027232251423
0.00013621318094920984
9.977909193547373e-5
7.48785378171067e-5
5.72356056659618e-5
4.4494753778413796e-5
3.501275205580495e-5
2.7765950063027652e-5
2.2236438079322674e-5
1.7985437465760507e-5
1.445978966412264e-5
1.1670581820323953e-5
9.426299885885822e-6
7.723686456204732e-6
6.379081089445378e-6
5.191363166864205e-6
4.272970579589271e-6
3.6743790639857557e-6
3.1710474335978014e-6
2.814894408641323e-6
2.4072197720903366e-6
2.179742228800399e-6
1.994347330643999e-6
1.8474818504979312e-6
1.6785113475898277e-6
1.4781896540561196e-6
1.2661595288165406e-6
1.0632046740874998e-6
8.316189404006974e-7
5.821588042807574e-7
3.745037439282257e-7
2.819516938093231e-7
1.9371109455520564e-7
1.0333142249128481e-7
3.4607410780913436e-9
-7.459454607358303e-8
-1.6472324191378887e-7
-1.5219603156440662e-7
-1.1768454046102444e-7
-6.150738455291316e-8
-9.428446891189635e-9
-3.7841808735444545e-9
2.4554966543289744e-8
3.234155151598924e-8
6.455616936747245e-8
7.943294541031814e-8
8.034765774192365e-8
9.508767732479121e-8
1.1249906063894289e-7
7.506671237606393e-8
6.711224319271616e-8
5.9309973541659135e-8
6.107118487174596e-8
5.409409701003446e-8
5.8357772739939685e-8
2.5772598493487287e-8
3.186720110543553e-8
2.2548913646465638e-8
1.1384135347756925e-8
3.750381810597581e-9
-3.4084660744764723e-9
-7.690747956191977e-9
-2.0719622098293113e-8
-3.8744493913649244e-8
-4.264705506124883e-8
-5.116392792010807e-8
-5.605142851506388e-8
-5.243630514744765e-8
-6.834998394242402e-8
-6.101300608263603e-8
-7.911583671044444e-8
-7.804221647499946e-8
-9.025566693437891e-8
-1.048682104115282e-7
-1.2842634866347276e-7
-1.1883687868888153e-7
-1.1611344466460475e-7
-1.1249867415701846e-7
-9.391563166865112e-8
-7.741777794774866e-8
-6.008605826472106e-8
-3.01434311725139e-8
-9.816121737201001e-9
1.880106298058677e-8
4.029711333456214e-8
5.865244810540583e-8
5.8812756623205676e-8
5.076802765889075e-8
5.814736604961797e-8
4.822181769906511e-8
4.196973140585569e-8
3.517471898025443e-8
3.049035676926458e-8
3.6354323596195174e-8
2.9017880018226244e-8
2.049434667315893e-8
5.773054332237818e-9
-6.099859270516524e-9
-1.6512439660264165e-8
-2.6193060066949416e-8
-4.835385520981878e-8
-6.83278199180685e-8
-7.048321285325219e-8
-7.68112769686274e-8
-7.818116262552063e-8

# 0025_r0

-0.8491906116352037
0.04574248949321687
0.010721585767343906
0.003446804152604126
0.001466118481996433
0.0007532799863487158
0.00043919913370804646
0.0002793237622412846
0.00018916062157996747
0.00013408134238813957
9.838997831297616e-5
7.419064693607916e-5
5.70298729629958e-5
4.4511185508428505e-5
3.520166335853744e-5
2.8194374115041665e-5
2.278010183491164e-5
1.8541322484934733e-5
1.5048845469009926e-5
1.2248801205121884e-5
9.995032916249624e-6
8.16588232646837e-6
6.645679196887509e-6
5.388950670536674e-6
4.379529084546381e-6
3.447250376012491e-6
2.8191921253303816e-6
2.284087886372719e-6
1.8028221969746787e-6
1.3964243606052423e-6
1.0758255192575667e-6
7.301763530969361e-7
4.318977981864453e-7
2.738343519969852e-7
6.806035262422868e-8
-8.152402590110946e-8
-1.5844856766055323e-7
-2.2672431335215417e-7
-3.0218664767062176e-7
-2.679867439296491e-7
-2.6878433997959394e-7
-2.4639215407550743e-7
-2.3220849076495415e-7
-2.2552534885895133e-7
-2.0961078231036871e-7
-2.3300504568889612e-7
-3.130899008540387e-7
-3.427506953418956e-7
-3.6806642901226287e-7
-3.89451202745952e-7
-3.542687403531961e-7
-2.9106639448249794e-7
-1.8336465215358204e-7
-1.1541421069422087e-7
-6.85003164846146e-8
-5.693788889212479e-8
-2.6859854640319983e-8
-8.381215567748273e-9
-1.6718134834744714e-8
-6.404884464661641e-8
-6.938050441768877e-8
-8.217242666304871e-8
-1.0856272995738687e-7
-1.1310139789547279e-7
-9.546311879565167e-8
-9.305508398033553e-8
-8.952490654521066e-8
-8.605614487239976e-8
-6.164992471176469e-8
-2.1224694545546447e-8
4.5860667729475586e-8
9.985748885561067e-8
1.2104099249885852e-7
1.3910225515846178e-7
1.3572561268889137e-7
1.2734690202021394e-7
1.1239401163241818e-7
8.138798104427114e-8
7.219124694866075e-8
5.051457967396739e-8
3.9354100064487896e-8
2.0932495408541028e-8
1.1727419323378074e-8
-1.3491654010372516e-9
5.951741153739549e-10
9.982901285714072e-9
2.4166839149430382e-8
3.2520161409158985e-8
3.1050725329619304e-8
2.8567173997550926e-8
2.2007196500893032e-8
2.50806910674735e-8
2.2769370737217007e-8
2.324784966753626e-8
1.4993146689683532e-8
1.8116101395121524e-8
2.1570883571191745e-8
2.7787597983459145e-8
2.8403021710731588e-8
4.100796079444099e-8
5.317622863484556e-8
5.273633208169763e-8
3.783924504772401e-8
3.062148610259355e-8
2.2287212346687556e-8
1.8802111330450414e-8
1.3063391720275884e-8
1.616625395527623e-8
3.41305942002204e-8
4.2660906741026275e-8
4.78535675690144e-8
5.645231908829725e-8
5.9099575324752306e-8

# 0026_r0

-0.8491730690546222
0.045747924364806625
0.01072750566461606
0.003451552531876819
0.0014699735433181128
0.0007561258480255191
0.0004412056238064062
0.0002808173943438822
0.00019037622764105493
0.00013508199691440143
9.903848067317356e-5
7.455013416779924e-5
5.717761390344047e-5
4.4506986590344994e-5
3.509060879834998e-5
2.796553470291233e-5
2.2443012752148487e-5
1.8119783254663734e-5
1.4620080549041533e-5
1.1977746343750996e-5
9.848416984087255e-6
8.221308031106625e-6
6.98802442571224e-6
5.90264493679716e-6
4.998248725817423e-6
4.113935044144653e-6
3.3460529966851037e-6
2.764976256110714e-6
2.2037168139377113e-6
1.7523295538709107e-6
1.419713962137893e-6
1.1811239977855376e-6
9.03581327171458e-7
6.553902276332357e-7
4.718966198266335e-7
2.741550839382336e-7
1.281385713759961e-7
-1.4414539222858864e-8
-1.1119701397769953e-7
-1.3171282015500467e-7
-5.520423878566335e-8
-7.76517745525093e-8
-5.864804017901408e-8
-6.030141706549598e-8
-8.595515630944504e-8
-9.616785727012385e-8
-5.3176870609231126e-8
-2.3229606751370552e-8
2.3739519065041326e-8
1.1881811914876442e-7
1.734637246496285e-7
2.3495543813699027e-7
2.4254660478228043e-7
2.0593838810067427e-7
1.8252544672995627e-7
1.224549781501947e-7
8.476814188925347e-8
7.966516393735092e-8
6.109695653531044e-8
5.951363373707936e-8
6.009031189368381e-8
5.862709999007224e-8
3.756420477258668e-8
9.441331675865689e-9
6.788939854225716e-9
3.3506160511454727e-8
6.297534053582817e-8
6.23909296635875e-8
5.8190839296959474e-8
5.0130946171812894e-8
4.7798888480110465e-8
2.002495377916213e-8
-1.987742418916629e-8
-3.784699103954413e-8
-4.695309934748895e-8
-5.937395832398836e-8
-5.501861563456404e-8
-6.564166907523432e-8
-5.6585113144289237e-8
-5.049450438378799e-8
-4.032437466327158e-8
-4.448258465170343e-8
-2.5306617642616726e-8
-2.113136608676604e-8
-7.161128523585905e-9
-6.906236021454019e-9
-1.0368708569172793e-8
-2.073660498449087e-8
-2.2910721435741806e-8
-2.458700370936362e-8
-3.7204666768707944e-8
-4.1462691109054635e-8
-4.5088884875300604e-8
-4.929399086350437e-8
-5.953816602182444e-8
-7.460132699309119e-8
-9.04684092709976e-8
-9.449949797435254e-8
-9.829403521814165e-8
-1.0720282733912598e-7
-1.1191209705333353e-7
-1.1779741505872689e-7
-1.1586952994015479e-7
-1.189483669463518e-7
-1.106709371579772e-7
-1.0451353519105713e-7
-1.0275937133549891e-7
-1.0856908343700821e-7
-9.509002641912719e-8
-9.696957195613047e-8
-1.006504247397901e-7
-9.683373192052855e-8
-1.0141482855974883e-7

# 0027_r0

-0.8492348440955351
0.04574685538092544
0.010726062054163868
0.0034498295170838945
0.001468294861065096
0.0007549355200200993
0.0004403226685399026
0.00028014756537714453
0.00018955149957597712
0.00013433861239562538
9.870074097216317e-5
7.470573092660492e-5
5.7736374310441425e-5
4.518441617117552e-5
3.585486150164415e-5
2.8869991370486995e-5
2.33733938406226e-5
1.9074839409769585e-5
1.5561742943127035e-5
1.2689831249792359e-5
1.030935678471381e-5
8.55163997690596e-6
7.134963186694113e-6
5.989217753490374e-6
5.061717908858815e-6
4.253299297104236e-6
3.577884676806788e-6
3.0019981617469838e-6
2.5699057413449433e-6
2.18117072616653e-6
1.8352878126293532e-6
1.5982441737232408e-6
1.3792891617299148e-6
1.168765066348826e-6
1.0351206015641277e-6
9.545795079962277e-7
8.997416389731611e-7
7.297679001801974e-7
5.67744055016999e-7
4.826683806922206e-7
4.049911579553945e-7
3.968025313064775e-7
3.6623404496148867e-7
3.285997921891622e-7
3.149307794736515e-7
2.870409822500485e-7
2.458669829745226e-7
1.978984477741843e-7
1.718738504374512e-7
1.7390905246642709e-7
1.703053293497559e-7
1.6403457948283682e-7
1.7492411403956433e-7
1.6242253355908026e-7
1.3853244343689687e-7
1.2859244845962859e-7
8.873574143568529e-8
2.574483972600079e-8
-4.790091680449035e-8
-1.1684119975405067e-7
-1.593830475652762e-7
-2.0872220037770294e-7
-2.0144592745919452e-7
-2.0428462570036882e-7
-2.4291126741443447e-7
-2.493436958315166e-7
-2.516860755676497e-7
-2.4364998746150145e-7
-2.1658820583159004e-7
-1.899688856876987e-7
-1.662014684109828e-7
-1.5227037700491744e-7
-1.5140619024268087e-7
-1.5374456196894005e-7
-1.5450704126780462e-7
-1.3817869081398773e-7
-1.1304556629329602e-7
-1.0805665499528525e-7
-9.021465074055848e-8
-5.658205805466575e-8
-4.286679786105541e-8
-3.140397868116123e-8
-1.8667956586368465e-8
-7.467345408788757e-9
-1.1872503573994502e-8
-1.706920235983367e-8
-1.8387062141353174e-8
-1.665968819915726e-8
-2.238389093334711e-8
-2.4403971651534916e-8
-2.353037865485508e-8
-1.9824492911935355e-8
-2.2875152183395382e-8
-8.576574324278053e-9
-9.883284164494177e-9
-1.82394693952047e-8
-2.0367673960714433e-8
-1.677597823072661e-8
-5.701919834475055e-9
7.267269032650192e-9
1.504739802053053e-8
2.139211998144894e-8
2.5928587666939738e-8
2.457293083761926e-8
2.9001086353282676e-8
3.804654986938086e-8
4.788602009478864e-8
5.912584750711245e-8
7.000673761243959e-8
7.905779885180413e-8
8.215139284761549e-8
8.037839167500667e-8
7.721930797077779e-8

# 0028_r0

-0.8491842398582313
0.045753127773889776
0.010727171153574367
0.003450153768295343
0.0014680829104898338
0.000754261059881535
0.0004395163956378034
0.00027928895472002313
0.00018862590945027463
0.00013336223713571082
9.763830178120295e-5
7.34506014900911e-5
5.6521370923324814e-5
4.4213650348266165e-5
3.510480373680585e-5
2.8195517549938023e-5
2.2800674473957457e-5
1.864844336537497e-5
1.530667535983928e-5
1.2663851742823158e-5
1.0360800983323124e-5
8.47816978645439e-6
6.982717483629321e-6
5.763412152360816e-6
4.745547351304359e-6
3.960453691909072e-6
3.3441908994307012e-6
2.8771264353371113e-6
2.4930441225198032e-6
2.094517803762153e-6
1.6699056542083977e-6
1.2882494615977198e-6
9.792399805735688e-7
7.559334711363399e-7
5.475442299505064e-7
3.3588526072276547e-7
2.6165962645023464e-7
2.2113075649461407e-7
2.3958001896939384e-7
2.863786668784394e-7
2.9212762938323046e-7
3.4677464435895185e-7
4.408875857236055e-7
4.692461624394979e-7
4.6398642942847885e-7
4.4817084572509463e-7
4.690960398409425e-7
4.876429871732489e-7
4.778939655408461e-7
4.7563353688484274e-7
4.562516778296754e-7
4.381802487661582e-7
3.849206963969071e-7
3.624864297864436e-7
3.0247081942069743e-7
2.866604868969841e-7
2.8711074525041765e-7
2.7347690018866157e-7
2.6050373178172254e-7
2.52264356022111e-7
2.1674190933251584e-7
1.8838114330781382e-7
1.6619701276059832e-7
1.58689745872939e-7
1.5865148490510433e-7
1.6133281871279975e-7
1.7269132995494558e-7
1.858587895103199e-7
1.8956581303646636e-7
1.8308349765605984e-7
1.9007272823163477e-7
1.9787634933863158e-7
1.7993984518402945e-7
1.684381904362139e-7
1.5740746123689233e-7
1.4300745972128114e-7
1.13142896067914e-7
7.98602380036783e-8
5.592631285578635e-8
5.8049137485717226e-8
4.250937567817806e-8
2.8580671581006855e-8
1.2150965767511704e-8
2.224331054927258e-9
2.6685034000147965e-9
2.0464303406908122e-9
-2.94196292855192e-9
1.6477975563922651e-9
2.4802902465361014e-9
1.930104756486205e-8
4.183017756843289e-8
6.767772292313983e-8
7.555214808230314e-8
7.792087094420407e-8
9.195154888860496e-8
8.389316832318667e-8
7.99010496845062e-8
6.304528335904862e-8
5.3760554855014497e-8
4.18509718794614e-8
2.9954463158093336e-8
1.827853811725813e-8
2.076803077971274e-8
2.660086302569922e-8
3.0491656621541986e-8
2.57341071456946e-8
2.9266505074555914e-8
3.630805792979931e-8
4.8008247350443734e-8
5.1388468025425157e-8
5.291950904714691e-8
4.8662941360691e-8
3.712184161277624e-8

# 0029_r0

-0.8492152832009429
0.04575013731638009
0.010728141854973682
0.0034519168858966683
0.0014703463148388696
0.0007566099252997782
0.00044148739617473046
0.00028091838045075706
0.00019024475763245387
0.00013468076347607327
9.867790727125857e-5
7.406566742463204e-5
5.6550523212286246e-5
4.388576420137529e-5
3.443409203945411e-5
2.727468124525353e-5
2.1956211156108154e-5
1.7785088885254612e-5
1.4341889311856415e-5
1.1595887560829501e-5
9.361163804361863e-6
7.593209772917658e-6
6.240426171884333e-6
5.0358424466347e-6
4.0173869860376335e-6
3.1636912042594176e-6
2.4059475468003792e-6
1.7385985520456231e-6
1.3457927347940038e-6
1.0226005692544392e-6
8.032243618857103e-7
5.063523310241241e-7
2.47470612355758e-7
5.443463764311975e-8
-8.899093908802321e-8
-1.1632417682743462e-7
-1.4609005346424673e-7
-1.9434278235443618e-7
-2.343726519863132e-7
-1.8562596451242232e-7
-1.8299484507134498e-7
-1.5670149113355163e-7
-1.1077067400773435e-7
-8.334829381404746e-8
-1.2713191770415362e-8
4.5655330301757096e-8
8.075440459369366e-8
1.129911342095663e-7
1.553871001270577e-7
1.2615633049291099e-7
1.4189487433830028e-7
1.6115156994903492e-7
1.4541541934920801e-7
1.2172375120410324e-7
1.4151933925893355e-7
1.749339818454768e-7
1.9115090093026208e-7
2.010314516644716e-7
2.0083410061406162e-7
2.0009777794030772e-7
2.1118848484813685e-7
2.4394133608334966e-7
2.624137577687063e-7
2.736456785281454e-7
2.3571571742527168e-7
2.207942843989786e-7
2.1457632525555184e-7
1.9024131551711882e-7
1.8351646608440708e-7
1.754735044183859e-7
1.4719834748002387e-7
1.1471089081914771e-7
9.560245320478035e-8
7.565110451819469e-8
7.544749066832085e-8
1.0179603178204101e-7
1.3225332372862795e-7
1.5286849064436302e-7
1.4708226654755675e-7
1.3411689989117084e-7
1.0758771965668787e-7
1.0259200637535393e-7
9.887687485296023e-8
7.393731329790605e-8
5.620009073846063e-8
4.691457663430127e-8
4.128077057529908e-8
4.1941052165031004e-8
3.3277926018223594e-8
3.136531179354033e-8
1.6454876902287998e-8
5.5136854479303375e-9
-7.908624389750245e-9
-1.4250151745262546e-8
-2.88498371702443e-8
-4.276222452760201e-8
-4.926037409280869e-8
-4.746009837998451e-8
-5.3630682212813114e-8
-5.181644266862575e-8
-5.07762062161644e-8
-5.6170387733420624e-8
-7.541104869567474e-8
-6.674259612591596e-8
-5.429044074375733e-8
-3.658561653722862e-8
-1.4608503863816484e-8
-1.3569542239514831e-8
-6.147374965603911e-9
-8.650039345319817e-9
-1.2737066755472485e-8
-1.0863310703782099e-8
-1.1875377854238206e-8

# 0030_r0

-0.8492122447889542
0.04574956633719942
0.01072689042918023
0.003450388689561489
0.0014686585108798992
0.0007549017431478885
0.0004401628525184105
0.0002798687047171857
0.00018909377098871516
0.00013359887378853585
9.755970365927091e-5
7.308116532322524e-5
5.59603115219097e-5
4.3548170028233115e-5
3.4311038989204894e-5
2.7356677541607926e-5
2.1959007007815797e-5
1.765635277304973e-5
1.4373092380734096e-5
1.1821979955378624e-5
9.72407459482763e-6
8.004052424334074e-6
6.619628395048856e-6
5.354000817981524e-6
4.392440157023163e-6
3.619305005456488e-6
2.973347389191436e-6
2.473875106454741e-6
2.003549786639935e-6
1.5791084749623676e-6
1.3022554000072775e-6
1.1695132533971582e-6
1.0017130181092582e-6
8.53117392632413e-7
6.945851412291386e-7
5.404793620723047e-7
3.9260897975442193e-7
3.2297234392299557e-7
2.862716072038458e-7
2.820748740169978e-7
2.8762519878211045e-7
2.8885701710584554e-7
2.594516809059401e-7
2.0245974142044358e-7
1.7457719053304479e-7
1.2617767371464494e-7
9.858190911976151e-8
5.7606750137569236e-8
3.603493519198728e-8
3.391644527544234e-8
-1.4497386597259182e-8
-2.6186657872990022e-8
-7.625089882325276e-8
-1.335683192427541e-7
-1.5796260278844813e-7
-2.0873151553125325e-7
-2.2051816840505874e-7
-1.904031039177997e-7
-1.6737601824765866e-7
-1.728119723628648e-7
-2.1599252542185967e-7
-1.8976843146289256e-7
-1.740144682417023e-7
-1.727947304608009e-7
-1.861846791394273e-7
-2.0163348078234407e-7
-1.841951208820418e-7
-1.7676963821492886e-7
-1.6665807134923317e-7
-1.5401791383990503e-7
-1.5292369179719683e-7
-1.3057389922457656e-7
-1.238713655652357e-7
-1.2888711616000853e-7
-1.1051225876626204e-7
-1.089800256838174e-7
-9.588801325021198e-8
-7.564163526490522e-8
-4.3794284599278344e-8
-2.0614835824202005e-8
-1.7933359317260304e-8
-1.8021042685354766e-8
-1.5319165115929885e-8
-1.0374469815147101e-8
3.813062331432533e-9
-3.103569657404191e-9
-2.3782101743541423e-8
-4.693579261136361e-8
-5.228641915655449e-8
-4.209024008465701e-8
-3.911773937428421e-8
-3.263009709430472e-8
-3.6644028202136554e-8
-2.7847084411012075e-8
-2.2280154087872582e-8
-9.8117511571211e-9
7.980737111226267e-10
1.6930188662918342e-8
2.3858266028801707e-8
3.080519327109826e-8
3.5972291012014014e-8
4.027164590262841e-8
4.954650957106184e-8
4.991372547566848e-8
5.92050093686119e-8
6.190563829794931e-8
5.3246646085763965e-8
5.407355211236071e-8
6.738756249479594e-8
7.206645276716181e-8
7.711058049594807e-8
7.875740351301374e-8
7.400039534951069e-8

# 0031_r0

-0.8491764753833804
0.045751703824000366
0.010727410174172296
0.003449822135557182
0.0014673530084587747
0.0007532494440141122
0.0004382974551410185
0.000277830722621587
0.00018731112451324865
0.0001322528246549332
9.659404457593146e-5
7.246981616130882e-5
5.5403568661170586e-5
4.3076257891281435e-5
3.392025154381917e-5
2.6930851489956172e-5
2.1537418952785926e-5
1.737674545733767e-5
1.4182532856687033e-5
1.1702192892861588e-5
9.75274422434959e-6
8.091638048955505e-6
6.736226074527229e-6
5.604417480206221e-6
4.733833862060161e-6
3.8226864333261315e-6
3.121597794374819e-6
2.527291025485561e-6
2.0420355145179674e-6
1.6613275568145747e-6
1.4136736024000423e-6
1.1634722082093287e-6
9.410757054172619e-7
7.748086429374491e-7
6.563853730010471e-7
5.538071997687483e-7
5.032516318323319e-7
4.227367409376699e-7
3.887548885988377e-7
3.3084785177076013e-7
3.168829257798307e-7
2.8526102060223e-7
2.7234096315880387e-7
2.2818867271770714e-7
1.5425909346463664e-7
1.2368297377479183e-7
1.2855130571761771e-7
1.4153175594429664e-7
1.6915146308130276e-7
2.051770664964806e-7
2.131813040394738e-7
2.48693344077979e-7
2.473509492236181e-7
2.3921133608162545e-7
1.543214871698861e-7
1.0259429208057859e-7
7.152523503608706e-8
-7.027302244831418e-9
-1.0506764500934027e-7
-1.4263733124606992e-7
-1.6550148729728325e-7
-1.641489605521625e-7
-1.8396517900460305e-7
-1.8845725979210396e-7
-2.1175721046332964e-7
-1.9908527230365167e-7
-1.9721793424360198e-7
-2.0662773690321837e-7
-1.9598518619028966e-7
-1.9859740414443823e-7
-2.0244884436057182e-7
-1.9486663803022934e-7
-1.7470981127702145e-7
-1.8061322199369396e-7
-1.8839085700159384e-7
-1.9319900662639431e-7
-1.9341393139188422e-7
-1.7870202475623794e-7
-1.556067204682485e-7
-1.54299155644666e-7
-1.4279030926614546e-7
-1.208716960881564e-7
-1.0297630328204667e-7
-9.715208474285833e-8
-8.770495107326185e-8
-6.248667161362004e-8
-3.511643774063681e-8
-2.123322652558536e-8
-3.6056910643730954e-9
1.2227346720113226e-8
2.1804741002981697e-8
3.28257028438863e-8
2.038957716403557e-8
2.5325562190536826e-8
2.879166576889274e-8
1.357880519270489e-8
9.764717918870884e-10
-8.34397010108368e-9
-1.09589435982619e-8
-2.3150899710611655e-8
-3.5660460193551804e-8
-3.728513529759992e-8
-3.282447013412518e-8
-3.1126679588137186e-8
-3.359733242568353e-8
-2.4989162003362315e-8
-2.303339469112599e-8
-2.5814846372641683e-8
-2.215037447597026e-8
-2.6050921437779434e-8
-2.846285028504585e-8
-3.061525086582952e-8
-3.115462114886491e-8

# 0032_r0

-0.8491563599406879
0.04575577714424617
0.01072794556481513
0.0034500699151771307
0.0014682498021761446
0.0007547680170318638
0.00043997600756422774
0.00027970444626750285
0.00018912472722577633
0.00013389294665254724
9.81201287974211e-5
7.367755502127588e-5
5.6408631605045553e-5
4.393677498697949e-5
3.462070810201506e-5
2.758018969882715e-5
2.2099614491857253e-5
1.7789085021570996e-5
1.4411858412312645e-5
1.1692392550192187e-5
9.738698450412712e-6
8.049744745763347e-6
6.80592761300684e-6
5.710648596973442e-6
4.768506020291996e-6
3.9592863856672e-6
3.3834846748201316e-6
2.866650809259977e-6
2.5365859831485565e-6
2.293523189803984e-6
2.0581969888920326e-6
1.844484368863621e-6
1.5445563235155168e-6
1.3064977159127847e-6
1.1603540724881635e-6
9.82934338001846e-7
7.968189531774698e-7
6.426459651535165e-7
5.572493986069978e-7
5.802884239594615e-7
5.321135759649493e-7
4.831425667090155e-7
3.781143413299224e-7
3.23853479114049e-7
2.818027421286677e-7
2.3598219535981588e-7
2.0608691233126636e-7
1.9417247387202936e-7
2.0756438846192002e-7
1.8553635187595029e-7
1.6786055100672632e-7
1.0882852278184046e-7
2.260474871714567e-8
-2.4988996768538154e-8
-6.549208934876691e-8
-5.5928052549301084e-8
-4.7447682819394256e-8
-4.982492454314634e-8
-9.305212966729908e-8
-1.1520169582570263e-7
-1.1768709639350213e-7
-1.2710817470326506e-7
-1.1141197556466092e-7
-9.533749203012772e-8
-7.150953256331441e-8
-7.578995630533212e-8
-6.731999202131952e-8
-3.982066535747176e-8
-7.994748916814027e-9
3.356563367552067e-9
5.1522824585761546e-8
1.0089895361766054e-7
1.1973411903109523e-7
1.348154475128512e-7
1.3780304526560416e-7
1.3272412740176226e-7
1.4295245461309582e-7
1.4254791076399344e-7
1.625970252180305e-7
1.6978238933553584e-7
1.5357978167421544e-7
1.451951060166151e-7
1.359036047455878e-7
1.0507672637192156e-7
1.0763981348942978e-7
9.479319238279145e-8
7.974533381967117e-8
5.8637710462644915e-8
4.2969315070539677e-8
2.9469755518946474e-8
-1.1443536301150396e-9
-2.2726066802467297e-8
-3.60682782427296e-8
-3.742802648051451e-8
-5.136882042188822e-8
-5.657681889730277e-8
-6.192828321223585e-8
-7.092819078656742e-8
-7.922566321470721e-8
-8.672062917936313e-8
-8.953032817299119e-8
-8.104350955708491e-8
-7.517199877329308e-8
-8.153445593809963e-8
-7.409219784526203e-8
-7.876206438445283e-8
-7.264207873599555e-8
-6.042899302173702e-8
-4.4619023177553076e-8
-4.172619303765293e-8
-4.897805057809831e-8
-5.4634334228466344e-8
-6.098147604839441e-8

# 0033_r0

-0.8491543778695988
0.04574689972111597
0.010725432600559288
0.00344987256582053
0.0014684960810548797
0.0007551975058302085
0.0004406172202703933
0.00028027504714462525
0.0001897089569045139
0.00013423691102892665
9.809502576877272e-5
7.382828721415046e-5
5.669947664206538e-5
4.42689633650981e-5
3.507407319270762e-5
2.810344101730239e-5
2.2680714213710708e-5
1.8286634412645045e-5
1.4827047633806618e-5
1.2107529183518262e-5
9.79760481797829e-6
7.868263446106091e-6
6.367209393901044e-6
5.0562028009875625e-6
4.07824428053391e-6
3.308429265793728e-6
2.66516822920171e-6
2.1339465306609695e-6
1.6907236118042164e-6
1.2532527657184425e-6
9.801370547312678e-7
7.889991133794747e-7
6.229722825746717e-7
5.412052269587905e-7
5.009287985301491e-7
4.676560453814123e-7
4.1378659292709013e-7
4.444929824372633e-7
3.373498665444834e-7
1.7630591085741154e-7
1.8430848793174294e-7
2.3146673878762364e-7
2.385145044541914e-7
2.639072922806717e-7
2.405657222901691e-7
1.8647451483043207e-7
1.4423888413342786e-7
1.0724417617620955e-7
4.837277484302425e-8
-2.5579554345687753e-8
-4.9600647245993666e-8
-8.133763596124215e-8
-9.573240746427908e-8
-1.1044776218257359e-7
-9.969071797479798e-8
-7.258024603503106e-8
-3.9058360402499065e-8
-9.937247654743107e-9
4.102344951009032e-8
5.935878342769221e-8
5.93358367933156e-8
8.171405620765408e-8
9.626201050815665e-8
1.0314966125062554e-7
8.88992138151025e-8
8.729859904441982e-8
5.1298053554160335e-8
3.228879664276986e-8
2.782378693348442e-8
4.408287399253676e-8
5.363631886816561e-8
4.214474227267998e-8
1.5467899332334552e-8
1.4600656317456677e-8
1.7983082540094163e-8
2.5717760630094676e-8
1.4638233894928261e-8
1.5141707077803493e-8
4.794671628174491e-9
2.9591864783956522e-8
2.4230077143940267e-8
2.5966875168763344e-8
2.2283156057519376e-8
1.591594480264762e-8
2.3774623140977416e-8
1.7154132198171847e-8
-1.0852959395457018e-8
-2.550793413728387e-8
-3.3089664891812726e-8
-3.3519091242212324e-8
-4.352241129798077e-8
-4.9356289634788446e-8
-4.621421429368418e-8
-4.0450965450582645e-8
-4.5364284566729416e-8
-5.3169722144026594e-8
-5.4882533989344424e-8
-5.149037389239956e-8
-5.973363620954405e-8
-7.005703569211828e-8
-8.49863920419143e-8
-9.157472834761743e-8
-9.442741034114355e-8
-9.021537670035002e-8
-7.987815109552721e-8
-8.331170338043765e-8
-8.227171812785955e-8
-9.015350391236892e-8
-9.088996686099939e-8
-8.84089364810607e-8
-7.59229777942671e-8
-6.095136506665905e-8
-6.137102975244397e-8

# 0034_r0

-0.8492562374754931
0.0457425593902119
0.010728174248517285
0.0034529381588171803
0.0014713177123070918
0.0007576479224762261
0.0004426607335551747
0.00028220631749163776
0.00019149761424007907
0.00013596668733824484
9.976384250907879e-5
7.512971113340819e-5
5.7747714766628414e-5
4.508822825251525e-5
3.55363384688986e-5
2.8260113832856177e-5
2.269767283378964e-5
1.8382745318747947e-5
1.4899450454600066e-5
1.2043290793698066e-5
9.834218406765344e-6
7.925822525442094e-6
6.414637632572623e-6
5.2229891012516035e-6
4.240138356509163e-6
3.4408094321567926e-6
2.7859269632653694e-6
2.2635706550418563e-6
1.842428578116208e-6
1.5595034603121203e-6
1.3768603337854595e-6
1.1795181748960727e-6
9.506033134414964e-7
7.770297589367356e-7
6.247669296589187e-7
4.6488311665240594e-7
4.402113805663238e-7
4.436870721325872e-7
4.805837887764655e-7
5.049377201166516e-7
4.697117797798301e-7
4.5423654189265115e-7
4.735384723938792e-7
5.10124397284526e-7
5.30626429129474e-7
5.250938888719603e-7
4.975179357920014e-7
4.571505887297886e-7
3.8863330830406174e-7
4.2432814088877935e-7
4.7489787032114185e-7
4.605536203471775e-7
4.092561832630257e-7
3.826467544461338e-7
3.440712599527374e-7
3.1148851513212836e-7
2.871406029797026e-7
2.443227224630512e-7
2.2457263658509824e-7
1.9017159128700726e-7
1.5148247807284774e-7
1.1964820516286873e-7
9.427622565707875e-8
8.144513947103469e-8
4.877734191743118e-8
1.652950199617683e-8
-2.3756297262486805e-8
-4.7457712691891155e-8
-5.274374450935055e-8
-6.67507500347482e-8
-8.288662311234954e-8
-8.018079867530503e-8
-7.878912552317887e-8
-9.549693532792564e-8
-9.321559804381775e-8
-1.0100180846501439e-7
-1.0474223309617083e-7
-1.0564404136064829e-7
-1.1348103411765845e-7
-1.1474755269334916e-7
-1.1762248627089434e-7
-1.0484629088268735e-7
-7.861135754575986e-8
-6.216170884463376e-8
-4.4164801904262727e-8
-3.9982057890215695e-8
-4.1773372471516956e-8
-4.2057874032656725e-8
-5.1282469635415036e-8
-4.981907936418088e-8
-4.63812357036226e-8
-3.8602566923693015e-8
-2.1981354174281513e-8
-1.746431552911376e-8
-1.2539939950423303e-8
-4.53192350794276e-9
-7.664959833848867e-9
-5.1123116830477355e-9
-1.1291954143560486e-8
-1.9442371233031253e-8
-2.5114094458928168e-8
-3.7122165748155095e-8
-4.2785084085874135e-8
-5.547208113886626e-8
-6.477264208291601e-8
-7.735436288423712e-8
-7.31488954015632e-8
-6.84314172121239e-8
-7.243213658879645e-8
-7.943648262206522e-8
-7.95532105149774e-8
-8.873132343686096e-8
-8.3548217567646e-8

# 0035_r0

-0.8491979735924166
0.045753259614216245
0.010729859887335783
0.003453171726923762
0.001470950911490134
0.0007570695888093111
0.0004417697113587397
0.0002811145840216957
0.00019037794246417748
0.00013491503767375156
9.899184675477329e-5
7.463870707752873e-5
5.7511618801762807e-5
4.501143737240383e-5
3.581003659497217e-5
2.859382770183867e-5
2.294927378422648e-5
1.8513859245289937e-5
1.496991180353491e-5
1.210037748101456e-5
9.654516591829877e-6
7.727922632568961e-6
6.3248017364247315e-6
5.271761563690879e-6
4.467174377572735e-6
3.766866351301324e-6
3.2253958448189147e-6
2.7798957439522427e-6
2.4665310207034624e-6
2.3193131698933083e-6
2.115332393746051e-6
1.9752481843753686e-6
1.8755287359084727e-6
1.7807673092021316e-6
1.6511263901502668e-6
1.5654099103724379e-6
1.4375856367573404e-6
1.3695066194815013e-6
1.311990501123777e-6
1.2538459905478538e-6
1.19893704058611e-6
1.137903650618205e-6
1.014356539889534e-6
9.495378696916697e-7
8.397608838439847e-7
6.790467888771752e-7
5.198414333310929e-7
4.393475451149389e-7
3.1347334938138716e-7
2.5062471904840245e-7
2.061142711061496e-7
1.2331576043020816e-7
3.1306608020697645e-8
-4.6886198070481874e-8
-9.330608286922551e-8
-1.6677884741667082e-7
-1.9932282638388096e-7
-2.328665113284093e-7
-2.22145430159411e-7
-2.1124949702206808e-7
-2.0963067663887444e-7
-1.8244795151652482e-7
-1.4961676625953156e-7
-1.2785345244305644e-7
-9.755547127108559e-8
-1.0130520410263662e-7
-8.595046695139493e-8
-8.812866711725487e-8
-7.651660987563163e-8
-4.434197010764877e-8
-4.160567769268643e-9
-1.2217616354917387e-10
8.829998877537685e-9
4.451976840590589e-8
5.8223856484752244e-8
7.422624989947564e-8
9.214064243715261e-8
1.067525504641818e-7
1.132432733287314e-7
1.1135175820898107e-7
1.1185278009002854e-7
1.131023449152007e-7
1.0819362903254147e-7
1.1352750906676733e-7
1.1607603071567729e-7
1.1723669209366076e-7
1.1338185191403531e-7
1.1121374808503593e-7
9.984150942711363e-8
8.716166671003753e-8
7.712630868903424e-8
6.912974551286286e-8
6.332797492956986e-8
5.3322527217695414e-8
5.943504951535194e-8
5.973578078055544e-8
4.584046572756617e-8
2.7008237855985135e-8
1.3378384601501641e-8
1.4712602383851523e-8
2.966579527886828e-8
4.983995766073549e-8
6.901845045841454e-8
8.492440817929554e-8
8.753057870938096e-8
8.520956207408944e-8
8.733740683970538e-8
9.104942148646165e-8
1.0131036720602382e-7
1.0352902152454987e-7
1.037683282999592e-7
1.0070509619278566e-7
1.0142663437124007e-7

# 0036_r0

-0.8492192631840104
0.04575040430605768
0.010728858806506592
0.0034527179364104146
0.0014711705772935378
0.0007577172073206826
0.0004429456604009509
0.00028252974108423045
0.000191841423199278
0.0001362945990379393
0.0001001223669103362
7.543470360419418e-5
5.809129477493667e-5
4.539429090214845e-5
3.572927701544911e-5
2.832148319416675e-5
2.2538898581471875e-5
1.8077373694009463e-5
1.451298976558072e-5
1.1620829408032874e-5
9.188637137723825e-6
7.25617688586636e-6
5.671992161586381e-6
4.5479530829158994e-6
3.736812226828749e-6
3.0496851623016203e-6
2.5552815664593017e-6
2.0588772278359944e-6
1.6282169641322685e-6
1.2408660751915863e-6
9.273261637859277e-7
6.507003244004275e-7
3.6653944347008776e-7
1.3362333682515446e-7
3.9137878884725685e-10
-5.810719547047216e-8
-1.0904922652819331e-7
-1.2705571134562704e-7
-1.8547573756346462e-7
-2.660224794999469e-7
-3.410626472052484e-7
-3.5754355130819117e-7
-3.7646123036625825e-7
-4.1173719356378914e-7
-4.314978302958338e-7
-4.683029440188004e-7
-4.151929264089376e-7
-3.8907249857931e-7
-3.909287966387911e-7
-3.640161888144831e-7
-3.1737677602331766e-7
-3.356770078710059e-7
-2.869899860828967e-7
-2.9782277601418067e-7
-2.7980576709263985e-7
-2.8912170784202204e-7
-2.614984807128731e-7
-2.355179533904577e-7
-2.253772883491501e-7
-2.1764187924021433e-7
-1.7355511152131289e-7
-1.2580827205283722e-7
-9.292821231443833e-8
-4.6209051127894425e-8
-3.3613268781733646e-8
-1.503082480534707e-8
3.972784364650344e-9
1.600083346969118e-10
2.684202030911176e-9
1.4103982656751029e-9
2.1947084231079404e-8
3.9343838991351764e-8
3.3786434000142846e-8
2.0093034842228147e-8
6.116124038639461e-9
-1.1738508104646375e-8
-4.609912666854027e-10
2.3478045684582958e-8
3.4236156727709874e-8
3.658210875935774e-8
5.293220366985082e-8
6.31603283820673e-8
5.364375480186739e-8
3.75751304977484e-8
4.449393054858228e-8
5.633865134240474e-8
5.6605954468456e-8
5.003837552554811e-8
4.808364140524731e-8
3.768904471800236e-8
3.5725368035553654e-8
1.9964618679416083e-8
1.771684545595422e-8
-8.04646802584679e-9
-2.370621656230136e-8
-4.426904042209995e-8
-6.048365491407847e-8
-7.469166101291018e-8
-8.111717045865383e-8
-9.087302784020944e-8
-9.205124537752124e-8
-8.996069876357327e-8
-9.17402225964617e-8
-8.158064443009368e-8
-7.205967152769407e-8
-7.422077007403486e-8
-7.742734606082851e-8
-7.073065486846311e-8
-7.022398584147212e-8
-7.011820726697035e-8
-7.655444875273688e-8
-8.964529274876976e-8
-9.553611138203417e-8

# 0037_r0

-0.8492111519081276
0.04575076056964113
0.01072689022909776
0.003450148980609277
0.0014679317395046726
0.0007541382862713651
0.0004394472309882748
0.0002790730276495491
0.0001883726771372268
0.0001327912965863828
9.67650453323584e-5
7.24630353605417e-5
5.523467225220679e-5
4.2661261145458973e-5
3.331864203803858e-5
2.634346356830834e-5
2.1005330668828195e-5
1.677574441857797e-5
1.3405532667191969e-5
1.0731026010245094e-5
8.635959997947177e-6
7.00889599484494e-6
5.780421745779065e-6
4.711728074395447e-6
3.993928181959659e-6
3.3944120802001647e-6
2.9513691123534944e-6
2.4668403781705484e-6
1.957792136435262e-6
1.5992642484865224e-6
1.3263702100930282e-6
1.08747093051809e-6
8.400581585278369e-7
6.546493561875216e-7
4.728023079830804e-7
2.874864155894045e-7
1.434377740172957e-7
3.1869024941133775e-8
-2.3174486021086418e-8
-7.103173910216359e-8
-7.885476021275942e-8
-1.47233605232536e-7
-1.5904658099122958e-7
-1.8112266566933738e-7
-1.398252327965752e-7
-1.0590285267587993e-7
-4.3386228500870496e-8
-1.4917001327650596e-8
-3.6170968461389537e-8
-6.209205069658863e-8
-3.3557689491116266e-9
4.0294098074121817e-8
5.819205991166256e-8
5.549956527066851e-8
1.5559653577898452e-8
3.764469086700128e-9
-6.819186066973851e-9
-1.1831299357555362e-8
-3.8183149123496546e-8
-7.710197128840807e-8
-8.404524890633392e-8
-8.6004081776137e-8
-9.069997203792847e-8
-1.0549943234422601e-7
-1.1269807997805463e-7
-1.2321293440209885e-7
-1.1121821542138854e-7
-8.203904413338832e-8
-4.691703325211015e-8
-1.228085983718579e-8
1.7513294245056353e-8
8.209740034711245e-9
-1.0467946002584957e-8
-4.437788373481933e-8
-5.302947492313074e-8
-5.4251194490156535e-8
-6.240988627219946e-8
-5.622113198279357e-8
-5.373133849078675e-8
-3.0116682570519904e-8
-4.099387226273681e-8
-5.839891251940329e-8
-7.715543957551009e-8
-9.006081022138407e-8
-9.056876909054629e-8
-7.749946008489937e-8
-7.390920372934215e-8
-6.559296160006652e-8
-7.140711227726408e-8
-9.870971890784553e-8
-1.2031729784894737e-7
-1.2632679367014333e-7
-1.3674321623309805e-7
-1.4053640764371812e-7
-1.3789798010654818e-7
-1.4297790740187926e-7
-1.1561833340088038e-7
-8.799566670183364e-8
-5.9852439098152e-8
-4.007623799151623e-8
-3.06322228191277e-8
-1.1235300877655326e-8
2.9680908610105557e-9
1.4577794771161009e-8
2.342237321518248e-8
3.4731921397325183e-8
4.868965505591246e-8
5.577641495741229e-8
7.053385162937999e-8
7.716859040020698e-8
7.643784251558783e-8
7.926178680470517e-8
7.807120489117011e-8

# 0038_r0

-0.8492114705677759
0.04574879913896513
0.010728890967087738
0.0034521518679845836
0.0014701078996784563
0.0007562935843205746
0.000441464880668112
0.0002809948296704474
0.00019030560775551563
0.000135198296523476
9.952229887775738e-5
7.528260886755871e-5
5.792114989801089e-5
4.525003776106325e-5
3.577198580235506e-5
2.8767117099292178e-5
2.3332217086319935e-5
1.915293824326356e-5
1.5768894635431704e-5
1.3077378534181289e-5
1.088146922024803e-5
9.082134234445266e-6
7.553776810367483e-6
6.253794440933728e-6
5.149180141614844e-6
4.225752696082291e-6
3.483333217099382e-6
2.9396708643326597e-6
2.4604584366557183e-6
2.068854123449017e-6
1.731783946174891e-6
1.3669906213466637e-6
1.0374940691934337e-6
8.65459562629139e-7
7.073725846889808e-7
5.566320969555613e-7
3.77912513540643e-7
2.994563590268827e-7
1.7982077465952172e-7
1.0855788116482318e-7
4.6781880756414156e-8
-2.563274273904319e-8
-8.18880837804305e-8
-1.1184824712707837e-7
-1.5135682975425215e-7
-1.6697433497581855e-7
-1.3872933455544616e-7
-1.1101949400038438e-7
-6.342303701881442e-8
-3.048673863895889e-8
-4.314044281522575e-8
-1.9268113398228388e-8
-8.210175298019386e-9
-4.707652324204613e-9
-4.585282007752053e-9
-1.529741570058883e-8
1.7042921643331572e-8
2.556796559221774e-8
5.603169259422912e-8
7.526247842661385e-8
8.581176535943227e-8
1.2811274753065287e-7
1.6091059849427245e-7
1.7578264590183597e-7
1.8363362901777368e-7
1.7699395271638284e-7
1.537581285915145e-7
1.4223363903909448e-7
1.3702344211568393e-7
1.4154005077599365e-7
1.3576039305008028e-7
1.4569779750646616e-7
1.445651339846645e-7
1.2013355130097724e-7
1.2011020153552302e-7
1.1753522968937972e-7
1.1447343785031351e-7
8.326097881247024e-8
6.835932666081822e-8
6.021427901565059e-8
2.8926905578092622e-8
1.0236925878497646e-8
-2.9171787554096926e-9
2.519452328625957e-9
-7.184534329178421e-9
-1.806808850171022e-8
-2.701429310311102e-8
-2.7228555303715057e-8
-3.759471765512426e-8
-2.1707719186520885e-8
-2.255425288407628e-8
-1.5627131241695647e-8
-1.2278025312191275e-8
1.1755464660193433e-8
1.713164569754191e-8
2.1139976393644743e-8
2.2534933299404367e-8
1.4571222242670286e-8
1.0955777583025454e-8
1.3340033156575454e-8
7.830538683836147e-9
6.282567912500041e-10
-1.8518067971761301e-9
5.132608190133486e-9
1.2871189156728004e-8
1.447275230277048e-8
1.1134612165799821e-8
8.772124894630633e-9
1.4144151508195495e-8
7.377162720833206e-9
3.035859069345872e-9
-7.981680859104163e-10
-5.912283919517029e-9
