
# 0001_r0

1.0312820920432428
0.07866048442892641
0.014933639755391363
0.004207354179127645
0.0016693104342474254
0.0008332096734246302
0.00048037528116296824
0.0003041609383407056
0.00020552012098372285
0.00014550886998663664
0.00010680029999144741
8.06139448164376e-5
6.207239139726478e-5
4.8459173356647476e-5
3.832870885918742e-5
3.0618082129466955e-5
2.4616184352789537e-5
1.986215199777944e-5
1.6038639891884296e-5
1.2927854517355149e-5
1.0363872040777216e-5
8.243870808633974e-6
6.525207202276441e-6
5.211850800704705e-6
4.147458915366734e-6
3.3271164196804036e-6
2.649760571101369e-6
2.178159541471782e-6
1.7794184545636122e-6
1.36258849059397e-6
9.803219449761334e-7
6.761287635008742e-7
4.81558804605487e-7
3.5935697909794783e-7
2.7856870799242526e-7
1.638222823390288e-7
1.0780384128982463e-7
3.087264245803939e-8
-1.9884312875154062e-8
-1.4976061037261096e-8
-5.180870349786622e-8
-9.370616867140767e-8
-1.0431699317210179e-7
-1.0144491250067647e-7
-1.1378794218557992e-7
-1.5062662043661882e-7
-1.6669881881314314e-7
-2.3610925410249864e-7
-2.8087868772880553e-7
-3.1972497598893204e-7
-3.4008157633965943e-7
-3.4578773942953023e-7
-3.345081924115739e-7
-3.234841618170823e-7
-3.0564697413671066e-7
-3.1055216347890803e-7
-2.8584202484484295e-7
-2.4337350753823454e-7
-1.8985929094260915e-7
-1.348549023998349e-7
-7.480711119879237e-8
-4.3618274697900735e-8
-1.325797784799031e-8
1.2025237726603318e-8
2.3554308326070474e-8
3.7099635554807455e-8
3.2710712842289287e-8
3.953594860728959e-8
3.014749283811671e-8
2.3764245513958972e-9
3.754099138023575e-9
1.4479367387360233e-8
3.84160494074251e-8
7.054251480776787e-8
8.594319823136015e-8
9.732495026328342e-8
1.1151962310787872e-7
1.114407438281199e-7
1.1475689557794759e-7
1.1776716030719019e-7
1.1026837385668222e-7
1.0648267150278056e-7
9.964228599717731e-8
8.759660383865223e-8
9.781098325444066e-8
1.024691877193604e-7
1.0579298402761384e-7
1.0940335999287926e-7
1.0982677949111812e-7
9.644150563961618e-8
8.637459382654847e-8
9.387431220357907e-8
9.129370187685331e-8
9.314657425316565e-8
8.270316845320957e-8
8.3092004933678e-8
8.23603469860483e-8
6.688487206628665e-8
4.112314070568558e-8
3.300608031836803e-8
2.6320933120044874e-8
1.1223189081847893e-8
1.712737159518391e-9
-6.435655745287673e-9
1.0005245220342773e-8
2.0365274410265022e-8
3.051869829356646e-8
4.3135560533880514e-8
4.5702222027300374e-8
4.9419881114385275e-8
5.603595721832542e-8
5.895386454091105e-8
6.04935898252729e-8

# 0002_r0

1.031285956527292
0.07865385769760495
0.014932523481646849
0.0042080681505030455
0.0016706649357918373
0.0008342912834785946
0.0004811163222336069
0.00030466110910606773
0.00020573677173128078
0.00014564490558038054
0.00010694235226947628
8.078083164181995e-5
6.240909628991203e-5
4.893218370997269e-5
3.873069290226344e-5
3.0936274330501624e-5
2.4811578483216858e-5
1.999835331303437e-5
1.621699631072906e-5
1.3247855760229229e-5
1.0992881587530386e-5
9.155353898048105e-6
7.686400596133802e-6
6.466691385584143e-6
5.417539109389509e-6
4.44104342993192e-6
3.6401005301620447e-6
3.052570706653096e-6
2.563172482486043e-6
2.1632129817192918e-6
1.8407597550585414e-6
1.6068300667986384e-6
1.4728215000744876e-6
1.382007525740445e-6
1.2799167232879095e-6
1.2535117105704137e-6
1.1580967577292026e-6
1.092281487937179e-6
9.94537418562867e-7
7.861542961602943e-7
5.989884091817535e-7
4.448692880645897e-7
3.69567911149743e-7
3.224539893440146e-7
3.224524847900022e-7
3.1585348391454824e-7
3.6931419571249303e-7
4.1214966530751155e-7
4.305871795177271e-7
4.176559644671428e-7
3.9805714008652977e-7
3.736682176691309e-7
3.9221514936590175e-7
4.2530422480908534e-7
4.114737922927731e-7
3.864222844430988e-7
3.446825209502569e-7
2.910612591753006e-7
2.7092791770768e-7
2.4371523573240185e-7
2.236974216264516e-7
2.0987715712826226e-7
1.9760400582930338e-7
1.747599954720714e-7
1.6824015270533519e-7
1.5594754967770012e-7
1.4848130978597855e-7
1.2285804161501494e-7
9.099464549014647e-8
9.965268461339339e-8
9.415905915594246e-8
9.59888931487376e-8
9.05043444487609e-8
1.0034095362660158e-7
7.870992235280654e-8
5.557220649780296e-8
3.346664568124725e-8
2.200448247691585e-8
1.0485949156544593e-8
-3.5199522242395083e-9
-1.284249426109929e-8
-7.124248354393878e-9
1.8175977665400683e-9
9.417830579603487e-9
1.3574741164812146e-8
1.004389559929165e-8
-1.6597826611044814e-9
-3.212595905097609e-10
5.452674426250805e-9
1.0331391513364505e-8
1.68895911000055e-8
2.4476872467431655e-8
2.3527879254491673e-8
2.6759107488960492e-8
2.7365634133330253e-8
2.4525481542500744e-8
1.9064322533219914e-8
1.0492755940594828e-8
1.1510349641416508e-9
-1.5802260078055553e-8
-3.9136223114737384e-8
-5.6207069286379696e-8
-6.665981608528919e-8
-7.942520957820787e-8
-8.765295763965878e-8
-9.710391926568702e-8
-9.64636522944314e-8
-9.866252269011675e-8
-1.0065469788349012e-7
-1.028891901713507e-7
-1.0828188375206699e-7
-1.1438903360521311e-7
-1.0824142445918972e-7

# 0003_r0

1.031289185559943
0.07866055383850139
0.01493461550567072
0.004208480660758156
0.0016703881693524256
0.0008339900380374023
0.0004808734867093024
0.00030449627563112255
0.00020562309883357568
0.00014538334504882208
0.00010642027084221296
8.00767610756144e-5
6.155234063231159e-5
4.8028612208067635e-5
3.7827040372759764e-5
3.0077837834960664e-5
2.4089233491344924e-5
1.9311439684974277e-5
1.5538886391341476e-5
1.2522486753508783e-5
1.0169586170426578e-5
8.258776525131917e-6
6.78560690584773e-6
5.6027707045165795e-6
4.569457650509899e-6
3.676318645935544e-6
2.962060539715118e-6
2.3692307032840286e-6
1.8968615521280168e-6
1.5860195164981278e-6
1.274039726061428e-6
1.039982598346757e-6
8.657557294668909e-7
7.55409829889564e-7
6.728737205676163e-7
6.229022397780384e-7
5.56972115866222e-7
4.7389118585598336e-7
4.3536021818627197e-7
3.908597604719891e-7
3.0022574465357565e-7
2.40339527026227e-7
1.8289462902537565e-7
1.151726885017241e-7
4.813557845391485e-8
-4.582564728374525e-8
-1.2272185621045975e-7
-1.885298925298923e-7
-2.2939838696502643e-7
-2.6900185478458935e-7
-2.975647875228383e-7
-2.674002295253769e-7
-2.4309501698496747e-7
-2.4653881704468314e-7
-2.4610451114872815e-7
-2.498269367678842e-7
-2.4339793051603167e-7
-2.0869184874845513e-7
-1.7871429861697823e-7
-1.486265110808472e-7
-9.631563677300701e-8
-3.607907600894212e-8
4.199367056063989e-9
3.861961030007761e-8
8.260638679716717e-8
1.1255871182120945e-7
1.2938489782866455e-7
1.435169173808851e-7
1.4900471233525698e-7
1.4445731898184716e-7
1.314953219365262e-7
1.2820669756045999e-7
1.4036298994770094e-7
1.5062297989804486e-7
1.4053235164670342e-7
1.4144105660368556e-7
1.411308266059924e-7
1.464466592289212e-7
1.5363859179897303e-7
1.5960046546602984e-7
1.7117700910062892e-7
1.7369390205704813e-7
1.7201769344544888e-7
1.632720439298685e-7
1.5367753057662421e-7
1.3454565441797787e-7
1.2355039066012153e-7
1.1657905802590028e-7
1.0220557543551169e-7
8.710792223406474e-8
7.80601658074678e-8
6.42414620935285e-8
5.0396614744184943e-8
5.686451096048617e-8
6.752356659337915e-8
6.438648556334486e-8
4.969360547790406e-8
4.037412024743526e-8
3.749881814929815e-8
2.0188980323046676e-8
2.468693755881749e-9
-1.4558973223484326e-8
-3.2938579789213124e-8
-4.721830972849444e-8
-5.838039002890157e-8
-5.406172987758986e-8
-4.530941398839078e-8
-4.0205439496613034e-8
-4.014881128382151e-8
-3.045222111921887e-8
-1.2172521892892196e-8
8.832760124476496e-10
1.0272909349785178e-8

# 0004_r0

1.0312522604345051
0.07864781998533601
0.014928551524553848
0.004204563929041714
0.0016677174851281419
0.0008319141808774438
0.00047890042060907625
0.0003027615359289651
0.00020422803344226245
0.00014446884679009247
0.00010583951477130971
7.959162665611051e-5
6.116032115818574e-5
4.7773934680967543e-5
3.760406778605258e-5
2.99206576953756e-5
2.4006592991662776e-5
1.9342001163219598e-5
1.5644132763209685e-5
1.2797200581824445e-5
1.0536691480555764e-5
8.740029554175018e-6
7.236449389393471e-6
5.946696580336095e-6
4.8917077396801525e-6
4.118701603636973e-6
3.51381416486949e-6
2.9843290344421703e-6
2.4700145656131695e-6
2.0829253719014364e-6
1.7454358604244106e-6
1.5030259471389323e-6
1.326558554135463e-6
1.1459917536787014e-6
1.0059431435043072e-6
9.525126554096727e-7
8.389769349314387e-7
7.013687817641571e-7
5.759767483736734e-7
4.094293131634054e-7
2.8702856402578853e-7
2.4682135045310504e-7
2.3176000944376232e-7
2.2824923595261237e-7
1.9531090212451727e-7
1.6873785193181346e-7
1.1647997271412513e-7
7.704021536453167e-8
4.8480655663780104e-8
5.5529048437317634e-8
5.6531767959304386e-8
1.8379845526423704e-8
3.848209992020087e-9
-4.075448036309035e-8
-8.22235814641818e-8
-7.621523065516131e-8
-8.430023721103388e-8
-9.509772901011088e-8
-1.1409799338064636e-7
-1.2283730017622463e-7
-1.078511490850264e-7
-5.348313338107975e-8
-1.455955625836323e-8
5.4163454422827825e-9
1.0778835426277643e-8
1.4378067122204538e-8
-8.140764526295073e-9
-1.2642995937796072e-8
-8.40680882231791e-9
8.645930675441588e-9
4.394426248824385e-8
3.359098527546775e-8
9.122356599022724e-9
-3.038564142770647e-9
-1.9097014609141558e-9
3.4698175163040284e-9
2.983563811600944e-8
4.4321843819305335e-8
5.0000597927835086e-8
6.036780996299594e-8
6.140608874725558e-8
7.167704134713773e-8
6.608574240735215e-8
6.285511205237682e-8
5.510581553737401e-8
4.591370064058862e-8
3.2382263553551807e-8
2.8055544662305894e-8
2.7581799186345095e-8
2.4289187364888327e-8
2.4687343971891055e-8
2.585269018221107e-8
1.894675948009167e-8
1.9168976597330854e-8
1.7275704347899173e-8
1.4931433334381776e-8
1.549404474199188e-8
2.1686628509765284e-8
2.091202207661321e-8
2.5087796048728042e-8
2.4702442518045374e-8
1.5088442448961788e-8
-6.261662515048648e-9
-2.7325426654939065e-8
-3.862270501396555e-8
-5.22441689677682e-8
-6.700757853207905e-8
-8.576635470348702e-8
-1.1808467776840446e-7
-1.451293207116027e-7
-1.6249328058563782e-7
-1.7818304051620892e-7
-1.8176236955336416e-7

# 0005_r0

1.03136367216211
0.07865790647469931
0.014933592458984488
0.004208100855106621
0.0016702395309797988
0.0008336908404056301
0.0004804093706912614
0.00030411266389714884
0.00020531071954822902
0.0001453106963644041
0.0001066109895462574
8.034837136100935e-5
6.169521280198434e-5
4.81763138557339e-5
3.8173923720356283e-5
3.0542662931553565e-5
2.4568789601246166e-5
1.9784265754701545e-5
1.601738696095092e-5
1.2990587067465778e-5
1.0502679854321648e-5
8.472728019154503e-6
6.90819999778728e-6
5.6567331109476795e-6
4.5852746014079375e-6
3.782004038691369e-6
3.1542479232688196e-6
2.641895572939282e-6
2.164826713369584e-6
1.775015305782207e-6
1.3564334312279479e-6
1.029447776080043e-6
8.237195702750739e-7
7.452256768359082e-7
6.667090607595302e-7
5.472207003707375e-7
3.832858133091071e-7
2.4189975210636057e-7
1.5373141564460974e-7
8.579120204486831e-8
2.0116769365603385e-8
8.957165761370055e-9
-5.904325409879639e-9
-3.46198330424459e-8
-3.807342674103795e-8
-6.110570069545217e-8
-6.92119149874653e-8
-1.0764850841024234e-7
-1.6716358912816492e-7
-1.9254896801302808e-7
-2.45771303131017e-7
-2.6428454170227384e-7
-2.877973373051061e-7
-3.21016322901544e-7
-3.3215744216254643e-7
-3.5631601433244587e-7
-3.406586786463148e-7
-3.3447507574730116e-7
-3.018897619344964e-7
-2.609025857887669e-7
-1.990229596140091e-7
-1.4853316766997624e-7
-1.0714860224584319e-7
-5.041130877424466e-8
-4.078644639054305e-9
6.049309676867597e-9
2.08739094664852e-8
1.0108357841348934e-8
-4.911215737132872e-9
-1.868732416981855e-9
3.5488215379283314e-10
1.2569098579158804e-8
3.1611428594574356e-8
3.8550191186162465e-8
5.1854140637798955e-8
5.9549177102285845e-8
5.587012945052239e-8
4.859720532971265e-8
2.7537908483836266e-8
7.058097313983468e-9
-7.38675908416927e-11
-2.7948661771274134e-8
-4.837954137449423e-8
-6.483259253837317e-8
-6.092656433546846e-8
-5.306579582654875e-8
-4.060832643683863e-8
-2.079907837081875e-8
-2.0391438529860513e-9
1.8439565327593813e-8
3.748676942453045e-8
4.829719701960178e-8
5.877722735700168e-8
6.937876649649028e-8
7.279983519453466e-8
7.196588300603047e-8
6.923207476489493e-8
6.526427247928073e-8
6.563159150826523e-8
5.117448265660884e-8
3.2924911298456605e-8
1.0644326661222591e-8
5.469381680892804e-12
-5.3898809739790535e-9
-1.0026003052299519e-8
-1.160677410736798e-8
-1.3351952946721266e-8
-1.3422114944306586e-8
-2.0579294319925525e-8
-2.2910043793422712e-8
-1.9119255764192575e-8
-1.4712258526846305e-8
-1.1730331181272854e-8

# 0006_r0

1.0312977203257148
0.07866057795340961
0.014934551867395144
0.004208602275148603
0.0016705600660189136
0.0008344040758792857
0.00048134960965109366
0.00030490459532612487
0.00020590207517134736
0.0001457548047471974
0.00010691690839535199
8.064317881161549e-5
6.21595533966198e-5
4.868199888709538e-5
3.869727305594622e-5
3.1198788876646246e-5
2.5497135098103223e-5
2.1136503877032796e-5
1.761377615406584e-5
1.466338195222102e-5
1.21781262471681e-5
1.015533414998441e-5
8.437571715685443e-6
6.975398998383698e-6
5.782795447112427e-6
4.8151458700958405e-6
4.003823828194952e-6
3.334890886593253e-6
2.8231611199522167e-6
2.3757097815565584e-6
1.9703489582801705e-6
1.5654251463632639e-6
1.256345418147433e-6
9.261295245079522e-7
7.099563297415316e-7
5.570883041740277e-7
4.3356555164433997e-7
3.731071275212458e-7
3.1792107404564407e-7
2.478805436953313e-7
1.9989481076821418e-7
2.0102449960427603e-7
2.1432629937366783e-7
2.783436672123845e-7
3.121859396099181e-7
3.1980328710706063e-7
3.113646502268488e-7
2.6438105106828916e-7
2.0484391285233392e-7
1.765061408641929e-7
1.6874841768816025e-7
1.5254124987785475e-7
1.579618169443363e-7
1.5320329205040905e-7
1.682721869572928e-7
1.6585870164743763e-7
1.5477568404947003e-7
1.5259888143990785e-7
1.7377348359995866e-7
1.65990581944536e-7
1.4852209676990992e-7
1.4728427762320492e-7
1.3605796924933932e-7
1.1031065008086036e-7
9.680003964084725e-8
7.689709458450323e-8
4.320765369252586e-8
-1.5004370181615738e-8
-7.134117864546775e-8
-1.0508212570608328e-7
-1.1912283109401345e-7
-1.1872237356779848e-7
-1.3434873458594607e-7
-1.3559113313016622e-7
-1.353987330112917e-7
-1.2997790335346322e-7
-1.251934347954834e-7
-1.14465733434832e-7
-1.109786574846886e-7
-1.0857158142343237e-7
-8.959429235828777e-8
-5.7047753888438895e-8
-2.5629510019269564e-8
-4.996720053653911e-9
1.674519258617827e-8
3.044868354815703e-8
5.4718062594360234e-8
6.963095325153908e-8
8.074884757069712e-8
9.220206548145189e-8
1.2072138349581685e-7
1.2117138404397163e-7
1.1123019049392242e-7
1.0047305859884028e-7
9.375584879504946e-8
8.698358119928117e-8
9.260769477276623e-8
8.245291791089617e-8
7.79303671002428e-8
9.290318725762159e-8
1.0778431096093897e-7
1.172176197920248e-7
1.2107903471323114e-7
1.2573545649267197e-7
1.1774585314626974e-7
1.0570123573906419e-7
1.0252266159384772e-7
9.718688910274932e-8
8.5836932496024e-8
7.577762012106833e-8
5.5035525110672545e-8
5.1842630826442256e-8
5.458131764809029e-8

# 0007_r0

1.0313485202089185
0.07866153075977998
0.014934520612178608
0.004208436509417051
0.0016705757285910038
0.0008343206299852651
0.0004808363721957184
0.0003042686358291597
0.00020544226692463153
0.00014533348912184745
0.00010641150582730406
7.988483603893578e-5
6.111310904860564e-5
4.737471718291538e-5
3.708931765648532e-5
2.9226369932718015e-5
2.3202863757050492e-5
1.863065118426306e-5
1.5054945923874586e-5
1.2289588704307058e-5
1.009324032161574e-5
8.33234170406132e-6
6.781968141698491e-6
5.5447936891778305e-6
4.543254860795929e-6
3.7238362145041092e-6
3.039052129203471e-6
2.5034281606248957e-6
2.0514531014226413e-6
1.7195579630637715e-6
1.5117328771511454e-6
1.33981068453964e-6
1.2336075178969477e-6
1.1436735305355206e-6
1.0513608356296088e-6
9.784433397225939e-7
9.35536949012335e-7
9.266441363167953e-7
8.829240198099809e-7
8.445784600395973e-7
7.763989619286496e-7
6.550584824682216e-7
5.062656955069668e-7
4.2534823261624757e-7
3.635217316053924e-7
3.0719553025685187e-7
2.590328018727299e-7
1.9829818876604867e-7
1.1031449838023456e-7
1.9968103359306304e-8
-2.5430093363527056e-8
-1.3961000336989706e-8
-2.9799033171441852e-8
-3.9185947452113064e-8
-6.730136423420315e-8
-7.34605914702534e-8
-7.584510205086655e-8
-6.710963479515323e-8
-7.478967812653707e-8
-8.79484583832286e-8
-1.1342801068755493e-7
-1.4179702648040887e-7
-1.431324082689829e-7
-1.2489541756701083e-7
-1.0825777070394133e-7
-1.1164386702417691e-7
-1.0247269151432924e-7
-9.648943786469161e-8
-5.8870074669900604e-8
-4.1120323409898626e-8
-2.9571477811350768e-8
-3.247786811042913e-8
-2.745938075808157e-8
-1.4543557345972234e-8
-2.192745590298359e-8
-1.1497430132276038e-8
-8.358490894278452e-9
-5.371003650805794e-9
-7.332992070082057e-9
-9.268613201333924e-9
-1.4640327925847243e-8
-1.936588060506654e-8
-1.4638384194518797e-8
-1.0540298701588041e-8
-4.944847984601649e-9
1.3468992700861355e-10
1.6071627630157083e-8
2.557331828084154e-8
3.1645447272121434e-8
3.0293056449455485e-8
2.5080656095776078e-8
2.8483695489658118e-8
3.2764240960811996e-8
3.4946496084348375e-8
3.705503215965748e-8
4.825029976497211e-8
4.316706359284179e-8
3.5716168783025494e-8
1.8977303126195937e-8
6.693630477483938e-9
1.3675045610482648e-8
2.4967957012976355e-8
3.3290779417895235e-8
3.834957480272754e-8
4.188544236023174e-8
3.653620812194526e-8
1.728584512024927e-8
-1.4186064706367088e-8
-3.669484868816703e-8
-5.4091074790215554e-8
-6.868150467259359e-8
-7.747058179064452e-8
-7.332735607210155e-8

# 0008_r0

1.0312796837471094
0.07865965390320892
0.01493396007318557
0.0042075329046303836
0.00166927410497613
0.000832960783651272
0.0004798844312821687
0.00030324442999312074
0.00020422207832545642
0.00014381180496012287
0.00010486780340511538
7.849769547786241e-5
5.99379394309422e-5
4.6659766931338974e-5
3.669877464477937e-5
2.9140663979638028e-5
2.3342651015346945e-5
1.889541944671939e-5
1.5378021374121044e-5
1.2582710703055564e-5
1.0355114248594324e-5
8.654209875886737e-6
7.261590698564907e-6
6.114744499383044e-6
5.077963227442616e-6
4.288243840864853e-6
3.5367762380765774e-6
2.9039816431930147e-6
2.3875627046117742e-6
1.941978350789208e-6
1.604778121573966e-6
1.337128973708375e-6
1.093930195372536e-6
8.593104200843642e-7
6.171071094717357e-7
4.745433556284741e-7
4.1674624220358955e-7
4.15840501362523e-7
3.591246963488899e-7
2.922664595970567e-7
2.6619311560089523e-7
2.2427445013622355e-7
1.6672556942254652e-7
1.6000688842405114e-7
6.411319910712837e-8
-4.433330958950488e-8
-1.1808780446718662e-7
-1.7561155763211756e-7
-2.0903733410037228e-7
-1.939554332230885e-7
-1.9732646375907418e-7
-1.9510394287138652e-7
-2.086040306357616e-7
-1.8902794820223284e-7
-1.421800344167852e-7
-1.1330304646341023e-7
-8.460827018371575e-8
-4.982324568901061e-8
-5.2387585395563416e-8
-7.078162779813941e-8
-4.571253287636327e-8
-5.757501817652387e-8
-7.367776162422788e-8
-8.059392107241928e-8
-7.397231707529912e-8
-5.443908539794219e-8
-2.4217565155674027e-8
-2.2331104420506248e-8
-1.7316935073873057e-8
-8.733751977711341e-11
1.5827192999253058e-8
3.166335247261273e-8
6.987212635702841e-9
-2.6696184455281796e-8
-3.25987081149741e-8
-2.9867740702260455e-8
-2.836604802063025e-8
-3.562892632104491e-8
-3.985406939947196e-8
-1.2401827019347416e-8
-2.5838858698388816e-9
-1.3207216133191641e-8
-1.259932468253117e-8
1.571645780376569e-10
2.354206016371606e-9
9.015944583062648e-9
1.3697183462970928e-8
7.731602301094778e-9
-2.8961272414226643e-9
-2.2603727059774517e-9
-7.402931189251357e-9
-5.922563254543532e-9
-1.260247242084288e-8
-8.646879385195873e-9
-7.903828335131328e-10
1.479943499126183e-8
2.7546296405907664e-8
4.0042701285744676e-8
3.873109670974766e-8
4.2136277976700695e-8
3.6853939117138255e-8
2.704055831256738e-8
2.2038192838508242e-8
1.6184068513998664e-8
1.8383524863153968e-8
1.98409416224623e-8
1.6351490112565536e-8
1.1461186797493245e-8
1.341708192358066e-8
1.5522724318806897e-8
2.065181692450833e-8
2.4286545955621772e-8
2.7304465775873273e-8

# 0009_r0

1.0313364652059576
0.07866537216861433
0.014936053897344054
0.004208362920691118
0.0016696362165653158
0.0008330971168491959
0.0004799290201498106
0.00030372113129485386
0.0002050203093174979
0.00014473976027675755
0.00010571303748022527
7.917961634022919e-5
6.047833818474999e-5
4.6852620686854166e-5
3.6772131672077944e-5
2.9134319508568328e-5
2.3160176047561598e-5
1.860417912668186e-5
1.505471665141098e-5
1.2271551571389765e-5
1.0147485118917118e-5
8.504528128274495e-6
7.174820865043629e-6
6.103913565717826e-6
5.156644943680913e-6
4.336051477153399e-6
3.7734624275846634e-6
3.2411408759568033e-6
2.733062905610911e-6
2.3586126966141045e-6
2.044731175402307e-6
1.761696968532396e-6
1.4639795319188396e-6
1.233865909614614e-6
9.858030319876508e-7
8.088360480847831e-7
6.567400874919463e-7
5.780691593507465e-7
5.161677887703654e-7
4.544812053697521e-7
3.841903236327292e-7
3.468998562124176e-7
3.1037782241764245e-7
2.532591303587138e-7
2.622864102737804e-7
2.8043489451809077e-7
2.9934200547522535e-7
3.413949653935747e-7
3.6231385002782277e-7
3.5111151194335775e-7
3.051506405333663e-7
2.613024163564888e-7
2.60335056449697e-7
2.2400668620765524e-7
1.7097340387943035e-7
1.1298278632633554e-7
5.622020553730077e-8
2.379209126412741e-8
-3.4809272579379044e-8
-6.844118212595537e-8
-9.010035050578074e-8
-1.0607356045820445e-7
-1.1463002432411059e-7
-1.4224240957427639e-7
-1.8470659599700156e-7
-2.156713417210072e-7
-2.1374743775103252e-7
-1.912456080104408e-7
-1.6259646716961087e-7
-1.1757420251789301e-7
-6.9553278639345e-8
-2.8367174311549803e-8
-9.190423633385752e-9
-6.19900495305849e-9
-3.2500778770411726e-8
-5.490671288947455e-8
-7.506657210608249e-8
-1.0005038699212091e-7
-1.0632619424112738e-7
-1.1678092453088094e-7
-1.1960803946229965e-7
-1.1692213777116562e-7
-1.009251047353568e-7
-8.150341109272795e-8
-6.981093883844802e-8
-4.908330016499167e-8
-2.3971485481513983e-8
-1.028151564629816e-8
3.993119180207599e-9
1.3250758893736898e-8
1.678144887062742e-8
2.807874862330015e-8
4.5094564002621105e-8
5.716422559044248e-8
6.369806562393453e-8
6.866292558467559e-8
7.574316684397567e-8
7.69579260674233e-8
6.54871642724334e-8
5.291169640327087e-8
4.981912238866568e-8
5.031564190438501e-8
4.996230433687036e-8
4.160078036488618e-8
2.8637854438667204e-8
1.697600159863316e-8
5.470872427039683e-9
4.096053083678644e-9
2.0824237959400045e-8
2.901778444729935e-8
3.302744833028639e-8
3.765152395441942e-8
4.341865242199216e-8

# 0010_r0

1.0313035147031286
0.07865612742151597
0.01493128247474998
0.004205593616559858
0.0016678586631211692
0.0008314317551320807
0.000478304741484034
0.0003019979383048921
0.0002032129297881809
0.0001432121289455575
0.00010438539603722092
7.814319696256365e-5
5.977440059619388e-5
4.651801750009279e-5
3.688504771617304e-5
2.9563363046896573e-5
2.396120489265042e-5
1.945891557735753e-5
1.5924908865321526e-5
1.3142432369130901e-5
1.0895567716221274e-5
9.008442148419695e-6
7.527485691172773e-6
6.2277720147117815e-6
5.196558003404517e-6
4.404825562929199e-6
3.7194364871059314e-6
3.2543148214774066e-6
2.9361344512136847e-6
2.6757345110677868e-6
2.463731885770358e-6
2.264050763578807e-6
2.034469879194875e-6
1.8508864601058117e-6
1.6725560891204529e-6
1.512434090908855e-6
1.2906473983904127e-6
1.0918068287683352e-6
9.249776284886256e-7
7.886747862763925e-7
6.686200406309467e-7
5.562606385050972e-7
4.914225914442499e-7
4.51571622701043e-7
4.122328606319018e-7
3.436916094608857e-7
2.92981865140687e-7
2.5005070408359273e-7
2.562604825782252e-7
2.496536857244135e-7
2.2805918697959318e-7
1.984650295399892e-7
1.5015900619261324e-7
1.1624947432904617e-7
8.781427402891288e-8
7.754029023543221e-8
5.553260069674854e-8
7.384027252522361e-8
8.811312948987557e-8
1.0522560924498677e-7
9.128792653003894e-8
7.071280600961194e-8
6.143500114998366e-8
5.389114227641262e-8
7.097829186770571e-8
8.794714198343917e-8
9.39352205893074e-8
1.0044259056555889e-7
1.0615754545269814e-7
8.786158330361714e-8
7.333660972097236e-8
6.700462459521046e-8
4.598205525877741e-8
4.2537342656197134e-8
1.0878673031586928e-8
7.499403108499968e-9
-4.539286522422782e-9
-2.087581984535644e-8
-3.921018975549541e-8
-3.496670938762543e-8
-3.33877055412415e-8
-4.868138032483344e-8
-4.971838061327445e-8
-4.227048449567323e-8
-2.4840825911985175e-8
-2.0607847474125566e-10
3.135608765032528e-8
5.3492954621317275e-8
6.561377930969806e-8
6.947824893807204e-8
7.538348229076655e-8
8.226860981607301e-8
8.097452641599306e-8
7.939617707994257e-8
6.021759629033765e-8
3.353094671801454e-8
1.4649535332962647e-8
2.749468170823865e-9
-8.699262452752964e-9
-1.3314695999059948e-8
-2.4702236345425923e-8
-2.3034464417851228e-8
-2.1215779875710533e-8
-2.5090591388411552e-8
-3.487908167093602e-8
-4.64867709982704e-8
-5.369137395166196e-8
-5.974687628755837e-8
-6.91000742204385e-8
-7.727605649244737e-8
-8.543478067502526e-8
-9.688502137334053e-8
-9.931018116377402e-8

# 0011_r0

1.0312705834357287
0.07865666736215222
0.014932819118377919
0.00420753898365622
0.001669903425434698
0.0008338240462914825
0.00048057023012313766
0.0003040219420933894
0.00020517263576003093
0.00014502016914130127
0.0001062411967164507
7.998233199082816e-5
6.150446905720662e-5
4.8055809019462194e-5
3.8057232360209556e-5
3.0415099431708248e-5
2.4531107936933283e-5
1.9895738766380134e-5
1.6264868342529014e-5
1.3390358041482444e-5
1.111897541013032e-5
9.261656160458948e-6
7.68227816452594e-6
6.473006232481812e-6
5.437550282264189e-6
4.5091334121868235e-6
3.77715385368536e-6
3.099884036457283e-6
2.5402650161801404e-6
2.131280283289375e-6
1.7570694544391472e-6
1.419304277940946e-6
1.1236806251266374e-6
9.211043732380529e-7
7.719757142218139e-7
5.930733819281417e-7
4.455146070569134e-7
4.1595940730381663e-7
4.2423533603000875e-7
4.7132287503548736e-7
4.6835061114192643e-7
4.163756074989803e-7
3.639061745214644e-7
3.2032403423401966e-7
2.509298040185286e-7
1.824017249836076e-7
1.4989637167563557e-7
1.3906367921680503e-7
1.1197501925072434e-7
4.5738221058106146e-8
2.5209206985233447e-8
9.758995220456532e-9
-1.9604954015908107e-8
-4.320795888748614e-8
-3.37725485698735e-8
-2.1815102983429478e-8
-1.4366018002114044e-8
-5.5528687596325624e-8
-1.0492016802064937e-7
-1.4096125047169075e-7
-1.4462520250917613e-7
-1.385629061814553e-7
-1.1761042956083137e-7
-9.968434338474016e-8
-7.786799878199839e-8
-1.8340856283524945e-8
4.2942220881501284e-8
5.3541734074641885e-8
6.236153852919787e-8
4.724962071028261e-8
4.39033460175091e-8
4.1326427564451595e-8
2.9824092263610986e-8
1.2084137543492058e-8
-1.8684817403094274e-8
-4.729690840943292e-8
-5.6525643659563865e-8
-5.681019968521566e-8
-4.640317225936106e-8
-3.1134151123478946e-8
-3.243013174701594e-8
-4.609386458532945e-8
-4.631221577710724e-8
-3.5428219813961636e-8
-2.1583273559624765e-8
-1.1322407004091984e-8
1.1579775937496267e-9
2.5512544182875505e-9
1.2963610332187919e-9
-1.6536784547926507e-9
-9.272024660868143e-9
-1.5884555067462098e-8
-1.3868076316875155e-8
-1.7537883053640178e-8
-2.088013132861121e-8
-1.4940483354781155e-8
-1.4118929996716258e-8
-1.168920248403934e-8
1.8366784667487214e-9
1.2176240315075585e-8
2.161727345179977e-8
2.856070704698205e-8
2.88600274479388e-8
3.4358510401711516e-8
5.268569170568519e-8
7.012724087670079e-8
8.247536497304559e-8
9.844436931524977e-8
1.1350960152832752e-7
1.2062712155102537e-7
1.2743290362211443e-7
1.3105930854104898e-7
1.2614009534366532e-7

# 0012_r0

1.0313477028105325
0.07865531094075388
0.014930692694663666
0.004206367591709868
0.0016691450052682927
0.0008331952227810824
0.0004800357831168636
0.00030362121173922675
0.00020482448002310697
0.000144646718247524
0.00010567542156492116
7.933753362008616e-5
6.0723905786888895e-5
4.7153298663122697e-5
3.698307571868671e-5
2.9350990251986366e-5
2.3529357503576487e-5
1.9071207506407427e-5
1.562584285123476e-5
1.2826395498806658e-5
1.0498192591095392e-5
8.616455935494701e-6
7.143092330542491e-6
5.985171350537505e-6
5.041357893160444e-6
4.230623273709934e-6
3.5344357316853772e-6
2.9374145074823453e-6
2.441336338843481e-6
2.080713278885906e-6
1.7054682766932536e-6
1.3947670846039402e-6
1.085283989624601e-6
9.008316569202752e-7
7.533944217378457e-7
5.765292970935129e-7
4.7189027651959015e-7
4.190578544405362e-7
4.061515124629973e-7
4.0192945960925137e-7
4.0403947049388383e-7
4.013758308965751e-7
3.629058413612087e-7
2.8506017012996145e-7
1.8614771561335268e-7
1.4655791866987333e-7
1.3431456948129764e-7
1.2385342961315972e-7
1.1066988340817786e-7
1.3348182970321635e-7
1.1729565256008258e-7
9.988011361173349e-8
9.321097731403027e-8
9.067060436412383e-8
7.78941828252703e-8
7.068352294820502e-8
5.733639300447338e-8
5.561014920961648e-10
-4.226636170298193e-8
-9.813103720003988e-8
-1.0466081001690606e-7
-1.0705958742466184e-7
-1.1168683112428973e-7
-1.3304177091364263e-7
-1.4365909099889887e-7
-1.3896615736391825e-7
-1.4588047472966698e-7
-1.314143004510395e-7
-1.1946317070748128e-7
-1.0020295330048421e-7
-8.420858120332872e-8
-4.8917450555430974e-8
9.578759639703844e-10
2.9991956064210266e-8
3.5379935546411537e-8
3.699272231312365e-8
2.135312823962235e-8
2.7020415054760948e-8
2.3738923257401498e-8
2.320949902539723e-8
3.2194320111003026e-8
3.246876131244594e-8
3.65745170031422e-8
2.1754980846502786e-8
8.571605509514945e-9
9.385845827915391e-9
-5.133526895664283e-10
-5.915995225384377e-9
-1.9198209571497614e-8
-2.2594051283670927e-8
-3.485747867339483e-8
-4.2461765062474524e-8
-4.739551694600914e-8
-5.6667105718881386e-8
-6.462344891272788e-8
-6.525577833562742e-8
-6.555040415579033e-8
-6.506360645512342e-8
-5.599483079286276e-8
-5.5166326201533435e-8
-5.729639218015204e-8
-6.818609065392543e-8
-8.05321731415353e-8
-9.668440885575774e-8
-1.087886281799597e-7
-1.0355742564072155e-7
-1.0581650762442811e-7
-1.1526963854160107e-7
-1.258818654640593e-7
-1.2360367760485621e-7
-1.1277782719666268e-7
-1.0667797766479628e-7
-1.098108714485813e-7

# 0013_r0

1.0313529334495093
0.07866440637663949
0.014937683714140464
0.004211570366675156
0.0016734135125522508
0.0008369323733434311
0.0004832420334025701
0.0003063733789741463
0.00020728275427903592
0.0001469299855984514
0.00010773014111155838
8.110874366856086e-5
6.243709062869136e-5
4.890825000258912e-5
3.878169977071396e-5
3.103106347199182e-5
2.4932519408109965e-5
2.020965611003612e-5
1.63651635481429e-5
1.3327306155652726e-5
1.0934857535824154e-5
8.955022898707761e-6
7.404881848641559e-6
6.129987604674012e-6
5.034849449356503e-6
4.2326683898104095e-6
3.574216683778474e-6
2.9938239171513354e-6
2.4062542297120583e-6
1.932628575400397e-6
1.5534888603011656e-6
1.2471121738857984e-6
8.931601343695346e-7
6.151376144067271e-7
4.1352160738943395e-7
3.0898328297480294e-7
2.676559049766594e-7
1.938210760548504e-7
1.442165884826744e-7
-1.0762944736630877e-9
-1.040084101029723e-7
-1.4224232787087807e-7
-1.7060657898186346e-7
-2.2455819789883692e-7
-2.2271888204066218e-7
-1.817510811322036e-7
-1.0718314004167039e-7
-4.3135684301921805e-8
4.742588307476777e-8
7.898778610150248e-8
7.96502196541937e-8
1.3283776533350573e-7
1.2979308028046148e-7
1.3181262664007449e-7
1.275488860293242e-7
1.1377012532022591e-7
5.408845345483427e-8
1.2195185976456884e-8
-2.4082472888630383e-8
-2.3090742126441556e-8
-4.29212485491242e-8
-4.754532182299093e-8
-6.145464399481296e-8
-5.382681127297731e-8
6.773447201240251e-9
5.005444816461355e-8
7.267817568918142e-8
7.537544767595838e-8
6.889121355285049e-8
5.835240543734184e-8
4.415342442065415e-8
4.8848096288789775e-8
5.396779908826432e-8
6.041799449712819e-8
6.35725118666552e-8
3.931004795097969e-8
3.350522645853996e-8
2.1115599956955268e-8
4.970956257170152e-9
-1.4376367405951598e-8
-4.634579619525064e-8
-4.849124716749933e-8
-5.318733168762698e-8
-5.6023464183819305e-8
-6.894078438583118e-8
-7.228886535497943e-8
-7.482540768251743e-8
-7.522809601300089e-8
-6.392985624562935e-8
-5.6761481932094536e-8
-3.598580452203742e-8
-1.3489966304748119e-8
-2.2142858284998836e-10
2.0344631784129842e-9
7.680147736779398e-10
-4.443028850935265e-9
-8.782258293903967e-9
-5.8175373863177736e-9
-7.61357126537128e-9
-2.067501235151387e-9
-3.0548797479222563e-9
-3.4782445466513226e-9
-8.127076344927906e-9
-6.57710040242376e-9
-5.20964581438176e-9
-1.0381885861807433e-8
-1.8999218171237974e-8
-1.459157422936201e-8
-1.3720857674404417e-8
-1.973500993233587e-8
-2.2497903449971704e-8
-1.9775723578210963e-8
-1.675268108883463e-8

# 0014_r0

1.0313052990895237
0.07865373378739074
0.014932112184093228
0.004207406201818311
0.001669819107421194
0.0008338517427487546
0.00048091421774810826
0.0003046140516891646
0.00020605150749806962
0.00014618458732075238
0.0001073837174392956
8.106257650782292e-5
6.248569457426473e-5
4.89953262652417e-5
3.88123924468368e-5
3.099584130710247e-5
2.5104275336205806e-5
2.0499824076667675e-5
1.686189670676206e-5
1.4064158464387026e-5
1.170988267236061e-5
9.808460010409715e-6
8.22214688836992e-6
6.948274764272921e-6
5.950490846281599e-6
5.177965005526013e-6
4.507229584478376e-6
3.954947572443622e-6
3.4580523994748075e-6
3.0452839334675596e-6
2.7605590749112942e-6
2.5379941799162786e-6
2.3612348887855907e-6
2.208022826829906e-6
2.0449772316542707e-6
1.8521590401328087e-6
1.669686155296293e-6
1.5128617759245908e-6
1.3499926938524972e-6
1.1992459459033113e-6
1.0293397787535655e-6
8.936665767796491e-7
7.94999811561157e-7
6.634980884848332e-7
5.528745761195386e-7
4.241339747523961e-7
3.2146783489023556e-7
2.212723068820862e-7
1.4744310631923776e-7
1.1197070828030383e-7
1.1153700102224643e-7
1.0876899577306019e-7
1.2559615366289196e-7
1.242119002890086e-7
7.330468530126004e-8
3.035203543450689e-8
1.3401397937530117e-8
2.1815831034022657e-8
2.046899479364006e-8
1.2760156942550468e-9
-2.1047551627274074e-8
-2.9558390075471315e-8
-3.62902275880219e-8
-2.7906779816182017e-8
-3.170049854137295e-8
-1.9703992053795608e-8
-1.384496088109934e-8
-1.0623575526393704e-8
-2.4785173195366104e-9
-2.766037643259079e-9
1.3857611194748901e-8
3.392259644618283e-8
5.8356220611427206e-8
7.217259899006681e-8
6.957068488150833e-8
7.928766087213237e-8
8.0534576191582e-8
8.926150444306152e-8
8.920374481982137e-8
1.032113558236356e-7
1.1141306482180025e-7
1.149209921808395e-7
1.0529086809828406e-7
1.0310464915549617e-7
1.0994328235600484e-7
1.1626510907652636e-7
1.1234526299668612e-7
1.0377926770967619e-7
1.1022050536197192e-7
1.0444689919613557e-7
9.740380685686394e-8
8.720177664692657e-8
6.701346043090741e-8
5.071057620363071e-8
4.9968439259580095e-8
5.6052700851199545e-8
4.0126514081008004e-8
2.445086467396396e-8
1.3480054311437724e-8
1.1081374277873157e-8
8.531180020561733e-11
-4.561696621781973e-10
2.347056637775127e-10
5.756213241181041e-9
5.24124876728915e-9
2.9604368836160224e-9
3.6519853109955784e-9
-5.532337664248534e-10
3.666411058696346e-9
1.2127679643561738e-8
1.6725287135173943e-8
1.2745194421841702e-8
9.259412792509462e-9

# 0015_r0

1.0312490044125144
0.07865166302596396
0.01492940985246313
0.0042051066852387825
0.0016677400869684936
0.0008314857524471808
0.00047829321449090987
0.0003019044572550126
0.00020323406830638542
0.00014328337838200343
0.00010453026161298509
7.833094524248355e-5
5.9765729746088916e-5
4.634765351649258e-5
3.649165302349387e-5
2.907932039005024e-5
2.3498256142260672e-5
1.898748840737643e-5
1.5527419765147696e-5
1.282925646641484e-5
1.0655593182956543e-5
8.801617579343321e-6
7.2269510483669075e-6
5.9770118361176265e-6
4.989946051102905e-6
4.11760110338927e-6
3.4152101185575433e-6
2.8015751727589755e-6
2.283835613990073e-6
1.847383996917727e-6
1.4307833236219654e-6
1.0704845580803936e-6
7.498168865245534e-7
4.624412149164677e-7
2.8316490161325407e-7
2.264731475545453e-7
1.06424094963118e-7
2.257809963128296e-8
-7.254184436647188e-8
-1.5626977264552275e-7
-2.425936243423203e-7
-2.9760851488043695e-7
-3.0204553521343646e-7
-2.927391922083808e-7
-2.8543206937762753e-7
-2.3713984177641724e-7
-1.6286766657268473e-7
-7.641829937315817e-8
-7.4216135821362955e-9
9.413182079135098e-10
1.1040249655312823e-8
1.4456709337430422e-8
-1.1944158015263203e-8
-2.416006364675693e-8
-1.89715038701024e-8
-1.4300062187426268e-8
-1.9275223839148537e-8
-3.0949506631617286e-8
-4.4049281220118564e-8
-7.511702450671199e-8
-1.0187032430294988e-7
-1.313044594682363e-7
-1.4469909348636305e-7
-1.5882179343251623e-7
-1.5347457622769623e-7
-1.1554589463781125e-7
-8.738560789055105e-8
-7.444832794348084e-8
-5.5014533672543505e-8
-3.7115435307246195e-8
-1.3827095770652923e-8
4.422563541494705e-9
1.6567854334731813e-8
2.5510266733074336e-8
2.3202308104760873e-8
2.4600442231732138e-8
3.201265796156914e-8
3.74231828170139e-8
4.606530947460593e-8
5.666768546564391e-8
5.0705955529543253e-8
5.317110654951474e-8
6.171952973342828e-8
6.669477219238719e-8
7.39360638213989e-8
7.365497468670162e-8
7.238099800891305e-8
6.486381971570138e-8
4.4315521934562825e-8
3.6365568639308146e-8
3.718672479205203e-8
3.422395768878014e-8
2.9112206089225983e-8
2.3812081510073048e-8
1.905213018683836e-8
7.92831098531118e-9
-9.63371415669357e-9
-1.8893262417951758e-8
-2.8349783227259717e-8
-3.655181321280458e-8
-3.550858911736737e-8
-3.3016721754424814e-8
-2.9710504993535248e-8
-2.6067273770451248e-8
-2.9693683413175994e-8
-3.3221171146326644e-8
-2.9905458481118045e-8
-2.519667571625507e-8
-2.78400876580155e-8
-2.5655204609711027e-8
-2.6580920554278825e-8
-2.5743250843800148e-8
-2.072323492404483e-8

# 0016_r0

1.0313891765681884
0.07866888613865616
0.014936763887140584
0.004208858070500925
0.0016703145439831283
0.000833858900730697
0.0004807478450573202
0.000304365302950001
0.00020577475520105267
0.00014568095607597813
0.00010675478314195495
8.041369710517082e-5
6.173854474575229e-5
4.802805955490164e-5
3.787865119905038e-5
3.0195838814815162e-5
2.4324977373009592e-5
1.9689934508730437e-5
1.6069890022166093e-5
1.3254319046668203e-5
1.1101166321607904e-5
9.21662963069916e-6
7.6537261100355e-6
6.332948756953553e-6
5.3022368495995765e-6
4.380932156071682e-6
3.697239917152208e-6
3.1276276336375898e-6
2.6091229622924625e-6
2.1798018306662824e-6
1.8455213639148691e-6
1.5616448681874625e-6
1.2946776945183215e-6
1.1186705665942103e-6
9.118951143039968e-7
7.366652515644256e-7
5.681178686892091e-7
3.851968723936218e-7
2.34245548426936e-7
8.44024095755444e-8
-4.112216421929295e-9
-6.28888097245648e-8
-1.1150186325658071e-7
-1.1783683474609622e-7
-6.064874557465881e-8
-1.8891975838519144e-8
-1.0015040153771392e-8
2.5943522624045454e-9
-1.3782282999922584e-8
-1.8659617512574944e-8
-1.290923992296042e-8
1.4445979415255685e-9
-3.1692817741462436e-8
-7.306709978032807e-8
-1.2130130379619096e-7
-1.7775069594155655e-7
-2.318979343871512e-7
-2.9726841609386855e-7
-3.4906854917587773e-7
-3.7326653150717296e-7
-3.83004820932028e-7
-3.4605540619413257e-7
-2.9527878544271995e-7
-2.251187648769494e-7
-1.684227839500958e-7
-1.3807991599483436e-7
-1.1783997509266295e-7
-9.310286330098759e-8
-4.8918822346565495e-8
-7.516545465897308e-9
1.444977975523388e-8
1.2367820167019359e-8
1.9481863608311526e-8
2.5813325290998657e-8
4.375812506998293e-8
6.711223941420747e-8
9.788848826319571e-8
1.1655812581615355e-7
1.245705232282721e-7
1.1842630756591909e-7
1.0304840961439998e-7
8.918509038686713e-8
8.602455970919363e-8
8.283092270957288e-8
8.457402819658004e-8
7.791492279086414e-8
6.719976729086714e-8
7.071306444105074e-8
6.508095717603247e-8
5.384787224012233e-8
4.6655147412767705e-8
4.5915431218189956e-8
4.308531889423978e-8
4.006178437013752e-8
2.885696830181749e-8
2.1001463859507174e-8
1.6301159075116896e-8
-2.5835617352869677e-9
-9.670610893039005e-9
-7.896550508960719e-9
-4.157870486290238e-9
-5.400043670874188e-9
-5.464989773816963e-9
-1.2199779637173868e-8
-1.408974742745622e-8
-1.8970214414024357e-8
-2.3632781252895755e-8
-2.4863433481116257e-8
-2.220725145973208e-8
-1.9718811147423966e-8
-2.370053167243012e-8
-3.769255174415656e-8
-4.7162368804790746e-8

# 0017_r0

1.031296427157112
0.07866074982300772
0.01493499784141172
0.004208834995000932
0.001670340610008322
0.0008337016494156349
0.00048022771764211913
0.0003035034482192417
0.0002045037120761741
0.00014445452706856994
0.00010574863197064525
7.951178239590602e-5
6.111804563520329e-5
4.770983370071901e-5
3.7773156423908696e-5
3.0194150087281026e-5
2.447386236576672e-5
1.999936721575436e-5
1.640854882171362e-5
1.3434910056666262e-5
1.1003132516042992e-5
9.065010329009553e-6
7.489087858413962e-6
6.244020369359477e-6
5.342106342037701e-6
4.528890113359621e-6
3.8054843468286765e-6
3.2516131537858938e-6
2.828904461733124e-6
2.4383203701984492e-6
2.0511187679087805e-6
1.7496807827862671e-6
1.4882602883974295e-6
1.2343904821019775e-6
1.045623400388808e-6
8.759531918020612e-7
7.741387643596255e-7
6.431201888354775e-7
5.439215643023027e-7
4.2483106749393205e-7
3.346251114572994e-7
2.513602712710822e-7
2.1309723839779283e-7
1.5506892146651528e-7
1.0595937226510206e-7
5.96637006308424e-8
5.0910770211305515e-8
5.652053126092617e-8
8.31957734717205e-8
1.1206369983588415e-7
1.4284815976758624e-7
1.7445387065786186e-7
1.8474006160504218e-7
1.4296938396467055e-7
9.510418916864564e-8
7.319080982993983e-8
5.0626480500248236e-8
4.005831255837097e-8
4.2946788055277905e-8
4.7987077433495315e-8
5.0998328528888315e-8
6.014416073754222e-8
3.948025355593081e-8
9.827162775794667e-9
-4.0181442367290654e-8
-7.720955958397215e-8
-9.275409771202014e-8
-1.0234550303780346e-7
-1.2325753849096766e-7
-1.407275716258839e-7
-1.6956205749050044e-7
-1.951992773816719e-7
-2.195945385064811e-7
-2.2911164228243037e-7
-2.1986419704909547e-7
-2.059917095349284e-7
-1.7170530075690792e-7
-1.408105385380733e-7
-1.157785012529822e-7
-9.926936581414929e-8
-8.552261706581399e-8
-7.680032512582181e-8
-5.86900483362069e-8
-4.664663883558786e-8
-5.2733084978435465e-8
-5.6822986695939807e-8
-6.334671121024708e-8
-6.403670114042372e-8
-5.110775122449549e-8
-4.1513664530836755e-8
-4.488304376635622e-8
-4.270940060081517e-8
-4.531177978668032e-8
-4.8036245671299236e-8
-5.033268633862111e-8
-4.7077489325840485e-8
-4.7744781056661066e-8
-5.8945734001667614e-8
-7.667563455498446e-8
-9.490024776711043e-8
-1.0476473669578252e-7
-1.037977140655866e-7
-8.375901086986993e-8
-5.8659220081347946e-8
-3.4081182689095824e-8
-9.995758669944185e-9
1.6479004939459908e-8
3.3092502248788854e-8
4.9671564165259076e-8
5.4381635472215835e-8
5.4919845963684225e-8
6.739277060485148e-8
7.68711269346727e-8

# 0018_r0

1.031305008167845
0.07865567858242563
0.014931290011579603
0.0042063336977218296
0.0016686634943451652
0.0008323887216474741
0.00047940531675320523
0.0003031150428290803
0.00020449113023885828
0.00014450118481888852
0.00010572900275816958
7.950110499750317e-5
6.093444845700655e-5
4.746895011372995e-5
3.749629098478828e-5
2.990322402413729e-5
2.4058306313954073e-5
1.9548235935068493e-5
1.6037556055316293e-5
1.316522454615827e-5
1.0843141985030019e-5
8.907192599699477e-6
7.43139849614157e-6
6.17518898688717e-6
5.109022159811172e-6
4.2257102513121605e-6
3.4964715398305362e-6
2.954762339081142e-6
2.5543238846537448e-6
2.2128830562614015e-6
1.923973313165729e-6
1.6758233860819024e-6
1.3479836027965028e-6
1.105539643833453e-6
8.856888283121006e-7
7.190339277068409e-7
6.113704157573799e-7
5.560987855683622e-7
4.867033437013943e-7
4.1950188671550025e-7
3.132784932940496e-7
2.2396223246099292e-7
1.3726546476021966e-7
1.248980370725059e-7
9.472332007323999e-8
4.55422542369625e-8
-3.299808015954932e-8
-5.4423657189618613e-8
-1.361233454755818e-8
4.801397354097954e-8
1.2194103845227366e-7
1.462457256012104e-7
1.210702032688747e-7
1.1427658268691752e-7
6.59866771927538e-8
1.5153649830560613e-8
1.1921041045463398e-8
2.89089910041969e-8
4.2492945927225693e-8
5.95815613194631e-8
3.329679327835672e-8
2.3964016039367624e-8
3.502430634170757e-8
5.580228841369794e-8
8.284389968371713e-8
1.1207285283778136e-7
1.1810926647301066e-7
1.1206614901922915e-7
9.312144804363231e-8
7.278953134923101e-8
4.0295278930392617e-8
1.9153240957435145e-8
1.476923909300309e-8
5.719450159081883e-9
5.467257079091533e-9
3.072443372968149e-10
-3.7373422164309185e-9
2.8879135384515562e-9
1.0627218496793702e-8
1.597701534717972e-8
3.3419460093599666e-8
3.471108923326672e-8
3.986879669157384e-8
3.7870530670692034e-8
3.1241344436719076e-8
1.6462972514342434e-8
9.958008851183938e-9
3.566176840765243e-9
-4.557241507438649e-9
-1.754415595877216e-9
-5.49561834196625e-9
-1.4927263421465492e-8
-2.7718339700814112e-8
-3.110659164442738e-8
-4.1944014973020554e-8
-4.76264394475133e-8
-5.583300470745252e-8
-7.427843161492421e-8
-8.233731824829607e-8
-7.918452390608227e-8
-8.209913796439437e-8
-8.648162290512311e-8
-8.717666483209355e-8
-8.56512744222344e-8
-8.572120288635948e-8
-8.042280668869985e-8
-8.381352795980843e-8
-8.906590222224744e-8
-8.687404140138204e-8
-8.535250177971768e-8
-9.519058355347104e-8
-9.895314096962023e-8
-1.0267372974664299e-7

# 0019_r0

1.0313668127322482
0.0786593766734176
0.01493352831959009
0.004207119744430097
0.0016691748183303597
0.0008330042685254776
0.00047970582035785167
0.00030324511842140273
0.00020453915464079607
0.00014457710807086227
0.00010585414209777543
7.958203647210313e-5
6.11617979304564e-5
4.7632573544804193e-5
3.754396295911333e-5
2.988175253223042e-5
2.397750128425047e-5
1.9450840581272724e-5
1.5871047869138508e-5
1.3059955645952972e-5
1.0840964110860468e-5
8.963529079908305e-6
7.3246309131392666e-6
6.016922294363438e-6
4.902411972600235e-6
4.0576191319607395e-6
3.4306086592309863e-6
2.835395249502249e-6
2.352626941350147e-6
2.0141650157868444e-6
1.7000287331841487e-6
1.395197798041896e-6
1.1404521231606178e-6
8.574991385587526e-7
5.908540359491476e-7
3.9366848500581865e-7
2.384270082605434e-7
1.2217091042819414e-7
1.1746925587348833e-7
1.2297545028051713e-7
1.5867269030628483e-7
1.7260533728499883e-7
2.172130740214789e-7
1.9973269907071695e-7
1.7289472744399059e-7
1.4508874793935622e-7
1.288498780235103e-7
1.5285569439078795e-7
1.8608510631396401e-7
1.5729928994998499e-7
1.250570705065627e-7
1.0809753143349064e-7
1.409693893840485e-7
1.359904203714017e-7
9.804809646688877e-8
6.271043555557374e-8
4.184277809714041e-8
5.161929442075983e-8
2.0386383969786422e-8
-1.0204975882115316e-8
7.87828990211872e-9
1.2715662980483735e-8
3.478580634949754e-8
6.329792590312869e-8
8.494715334012035e-8
8.724667914720459e-8
9.199361788823408e-8
1.0057698004475573e-7
8.593646497719561e-8
7.894495306724298e-8
5.3403577191078325e-8
4.5950511750117607e-8
4.3552271664457234e-8
3.238493767067801e-8
4.263280839909663e-9
-4.321193753977659e-8
-7.850919735813322e-8
-9.437788390941172e-8
-9.351733607344718e-8
-8.832646774945068e-8
-7.064108954445427e-8
-4.639006145691167e-8
-2.6713439837670917e-8
-1.980565721708482e-8
-1.839676330473753e-8
-2.657075694084031e-8
-3.75418347689584e-8
-5.073694356242396e-8
-6.287528578376815e-8
-7.622163754167119e-8
-1.1475558733198933e-7
-1.326285042720513e-7
-1.2548140702594806e-7
-1.1488612431484114e-7
-1.0820455251629898e-7
-9.868607572234416e-8
-8.844155058908811e-8
-8.255252182739086e-8
-6.618199787812244e-8
-4.8263845588315245e-8
-3.492253390223332e-8
-1.6664016748449553e-8
-7.867856319439425e-9
-7.952870421556645e-9
-6.750227350858508e-9
2.88834197645419e-9
1.8190811416068877e-8
3.109353373620105e-8
4.35999929564754e-8
5.145326842177427e-8
6.002889818086746e-8
6.311975889600722e-8
6.629789451658582e-8

# 0020_r0

1.0313637014124968
0.07865618600066694
0.014931134988100945
0.004206273046065952
0.0016690005533245272
0.0008328727031003742
0.0004797084619207092
0.00030334970947975686
0.0002048127980693996
0.00014489109089377189
0.00010606126211669827
7.96992990536325e-5
6.113492961988029e-5
4.771349629352436e-5
3.798685640549731e-5
3.0609134850411685e-5
2.4848291716275003e-5
2.0203466287026944e-5
1.6395329839534688e-5
1.3307337111017234e-5
1.0847052181345417e-5
8.845398429975708e-6
7.272710365445932e-6
6.020393851668569e-6
5.041445067385514e-6
4.1852220198296e-6
3.484399727600349e-6
2.802956033559992e-6
2.290080824837368e-6
1.8061273574474549e-6
1.418572560471155e-6
1.079128306899766e-6
9.136604557947993e-7
8.280506736876568e-7
7.338373699013633e-7
6.508812666062128e-7
6.056810176062337e-7
5.676795992521263e-7
5.72118516464099e-7
4.901499189175052e-7
4.216628673799389e-7
4.053716051598704e-7
3.6227282850485066e-7
3.0326576621895885e-7
2.5122019553384904e-7
2.533971439131966e-7
2.4708911334621e-7
2.2974911586453206e-7
2.1117699925773022e-7
1.7577098785277072e-7
1.3672744637463225e-7
8.349137623080019e-8
7.243525324320679e-8
8.240250310928039e-8
7.436500790426548e-8
5.66096474017887e-8
3.0946116985742773e-8
1.9000764303477156e-9
-1.667458447301338e-8
-5.410511682257001e-8
-1.0821323040714189e-7
-1.7254200773270455e-7
-2.235121333504334e-7
-2.2401692587704947e-7
-2.0581026074151443e-7
-2.1727744329415428e-7
-2.2093173744994637e-7
-2.0410545349196543e-7
-1.7599568804769578e-7
-1.4481041942072788e-7
-9.815236994602485e-8
-5.815973756894016e-8
-3.5074804085171444e-8
-5.002274513082326e-9
3.504812435863007e-8
5.617509312781589e-8
8.290153402731409e-8
9.352580694685934e-8
9.515195945213078e-8
9.602050413864553e-8
9.930906927724903e-8
8.908000964463966e-8
9.026194019334606e-8
9.27185595095447e-8
8.713722282253398e-8
7.018129605914078e-8
6.310051446479272e-8
4.7725617636230905e-8
3.365060380077187e-8
2.204156968087367e-8
3.0641028994519587e-8
3.338067313295384e-8
4.4568431802059535e-8
5.6472120892843e-8
5.97206662898825e-8
5.974078217105072e-8
5.137968230586453e-8
3.865152789075439e-8
3.119977973913095e-8
4.1788395261129624e-8
4.9016233190028776e-8
6.068498946787546e-8
7.953169346491722e-8
9.056563499237521e-8
9.158879454940424e-8
8.644173089208618e-8
7.86056710939984e-8
7.73767978692418e-8
7.069514387260146e-8
6.211131453789339e-8
5.602022067618932e-8
5.60956407754822e-8
5.675883678615181e-8

# 0021_r0

1.0312926348556972
0.0786607754158438
0.014933894891383498
0.004207291548184953
0.00166886619851163
0.0008323297860090356
0.00047888946659639734
0.0003024176948122783
0.0002035841070043483
0.00014339845233266605
0.00010455427666743755
7.826494239527829e-5
5.9777441781876835e-5
4.6342560192182306e-5
3.632641634242747e-5
2.8742332777343374e-5
2.2872322570060354e-5
1.8193431411807465e-5
1.4591019215928787e-5
1.1756011604881123e-5
9.397487603825555e-6
7.502669305205657e-6
5.9370187985836945e-6
4.6400101723905225e-6
3.5310000910608874e-6
2.7157391013822075e-6
2.214855328345464e-6
1.826452804751136e-6
1.5025278436001484e-6
1.3120228578957832e-6
1.18737406945244e-6
1.0901497676546658e-6
1.0293942032093904e-6
9.592299734644943e-7
9.015088048314956e-7
7.912112172830291e-7
6.044278159660083e-7
4.75545839764756e-7
3.936594896478866e-7
3.1967461901179443e-7
2.4212621261852446e-7
1.5111377160443652e-7
1.2213494795890606e-7
7.33939748304012e-8
4.288073427995619e-8
2.9405065313327187e-8
2.3790005361883694e-8
-7.90287113506251e-10
-7.268551185145247e-8
-1.0561850227986799e-7
-1.329457348502748e-7
-1.0520423238913747e-7
-7.979323012494262e-8
-6.144421497145998e-8
-4.9399966476135485e-8
-5.550044894025351e-8
-6.389839858229228e-8
-5.1723660590535626e-8
-5.418892677546765e-8
-5.430349063424789e-8
-4.3656444659543594e-8
-4.452156135212051e-8
-3.39734441213477e-8
-1.4425573724535318e-8
1.886881129970387e-9
1.3288339867756212e-8
2.4502744982065824e-8
1.968046135626351e-8
1.4130855406465379e-8
2.196788317993391e-8
1.677117034308373e-8
3.3142504080750306e-8
3.1994316003284585e-8
7.263396896351028e-9
-2.6061544403451923e-8
-4.162897322914548e-8
-6.501439934332422e-8
-6.43595421433334e-8
-6.810633444107011e-8
-8.110398437991712e-8
-8.38212176933523e-8
-7.374876571901513e-8
-6.69245773105491e-8
-5.994427938324164e-8
-5.690364435849272e-8
-5.8111173090937976e-8
-5.5616989508156725e-8
-4.871998140513467e-8
-3.768820156599461e-8
-3.2433109322045396e-8
-4.0933086620202256e-8
-5.331305372557582e-8
-6.580783620899339e-8
-6.802753374343266e-8
-6.151248084486242e-8
-5.659017391324196e-8
-4.934600725201414e-8
-3.9409807805744685e-8
-3.664412739997143e-8
-3.271054565340307e-8
-3.014606986939891e-8
-2.6652439076265113e-8
-1.9825032907773876e-8
-2.0803424131056244e-8
-2.8542529693475623e-8
-4.109696097377284e-8
-4.294668297212598e-8
-3.15641962921583e-8
-2.512023825247072e-8
-1.9160549799692806e-8
-1.5533099984116253e-8
-1.6335522830721063e-8
-1.636153990845801e-8

# 0022_r0

1.0313438250829206
0.07866068331286594
0.014936048668758842
0.004210758135514517
0.0016732564409542617
0.0008369281887732926
0.0004833251877373396
0.00030659061636894224
0.00020764242850885678
0.00014729392456587167
0.00010813813494827155
8.149174114088523e-5
6.252175117890275e-5
4.88052579942025e-5
3.874822582143083e-5
3.095475166882035e-5
2.4896896048577866e-5
2.0172073754601282e-5
1.6506259720984185e-5
1.3650554940778227e-5
1.1268652813716275e-5
9.205640521000882e-6
7.513577851091646e-6
6.086975251806413e-6
4.953000150505603e-6
4.08603522943779e-6
3.321564990136148e-6
2.7091050596286503e-6
2.329739906040494e-6
2.0078717991206304e-6
1.6946788207866468e-6
1.4764101516208407e-6
1.3023568563021733e-6
1.1249128473898485e-6
9.92368244515577e-7
9.533565818082089e-7
9.200581786763001e-7
8.041067044480276e-7
7.699105729906091e-7
7.997235523435149e-7
7.756590006417335e-7
7.570199871771752e-7
6.918822414461903e-7
5.896728913048338e-7
5.119537444261706e-7
4.769962641301785e-7
4.021180909974592e-7
3.022038676990158e-7
2.176565800238168e-7
1.6310051946684676e-7
9.592667349590095e-8
7.939483455386355e-8
9.828562817057553e-8
1.2687602864449993e-7
1.1982956623066536e-7
1.605524410778706e-7
1.978820567978745e-7
1.9900960859748101e-7
1.8553744394262053e-7
1.7531545632560017e-7
1.6591456059439437e-7
1.5248840286128124e-7
1.2913350228353583e-7
1.1020239936136502e-7
9.802476358155822e-8
7.556950685119027e-8
8.002020549697105e-8
8.073411017071915e-8
8.507342499255368e-8
9.492818343623585e-8
1.0176856727800502e-7
1.2548907521657484e-7
1.3623148402347544e-7
1.5346073163892212e-7
1.8743541465344958e-7
1.8062809016271323e-7
1.732676453769039e-7
1.6647012747724125e-7
1.537079211403254e-7
1.328904560551811e-7
1.2107498776318671e-7
1.0378848876581788e-7
8.748731944941942e-8
7.674270279492895e-8
6.733017474026638e-8
6.564562488398902e-8
6.551446797547669e-8
6.080427900776876e-8
5.433412162175897e-8
5.328616318703212e-8
5.430292270480171e-8
5.1290328768272585e-8
5.1413728786854677e-8
4.81388899960925e-8
4.503011349058201e-8
3.753762595030423e-8
3.2650364663435666e-8
3.069816036054016e-8
1.7684441890109003e-8
5.308532312097064e-9
2.275734039006275e-9
2.971115278597665e-9
2.8577513694838816e-9
-2.758867401431981e-10
1.331262878856932e-8
1.8716623207768643e-8
2.6589479414253495e-8
3.004019574151944e-8
3.713430926198992e-8
3.9228213787885216e-8
3.566876371496196e-8
3.6085930385519635e-8
3.0045439137396393e-8

# 0023_r0

1.0313241933068702
0.07866058751097461
0.014934779285408933
0.004209557217438913
0.0016722226428569683
0.0008362622091591429
0.00048334688782134054
0.00030698456555807596
0.00020806335366592164
0.00014786582642600622
0.00010889289695354528
8.23556734593064e-5
6.36159288539951e-5
4.996837530882596e-5
3.972009067084451e-5
3.176029438245428e-5
2.5569460122484597e-5
2.0607445147675192e-5
1.664817262305473e-5
1.3491695941533648e-5
1.0932453456993471e-5
8.878426863885272e-6
7.343032815972663e-6
6.030001516049106e-6
4.936314211636196e-6
3.92660693791112e-6
3.161315499888418e-6
2.4309669017799033e-6
1.7991911881281128e-6
1.3147564616010516e-6
9.391145617460297e-7
6.528002080695965e-7
4.203372660466054e-7
2.2618436392250618e-7
3.525839182059069e-8
-1.3198366107165675e-7
-2.0348636280615116e-7
-2.0786692051916557e-7
-1.4541597830125604e-7
-5.1199914952465766e-8
-2.655785764640434e-8
-1.6822951861847347e-8
2.7979898510681914e-9
3.7475178318616936e-8
9.81631403521042e-8
1.4577696216620945e-7
1.9430297122131583e-7
2.3552871198382138e-7
2.4452225075470443e-7
2.372906372763697e-7
2.2162006212540697e-7
2.1053261508525387e-7
2.2684187300241002e-7
2.548621003383443e-7
2.564816764538336e-7
2.7033230090656866e-7
2.5753140848972663e-7
2.3602854779771424e-7
2.2480519924844634e-7
2.0783649758927832e-7
1.7144327749355666e-7
1.2927504675385364e-7
8.787428087898605e-8
6.483232141712947e-8
5.09081483999331e-8
6.674335316672721e-8
7.677878871417748e-8
1.0302339983476297e-7
1.0623656839093799e-7
8.920907614559839e-8
7.116131717335909e-8
6.408605989278662e-8
5.782827845199544e-8
6.016796797743712e-8
7.552990115893076e-8
8.774739215566108e-8
1.0282117124930103e-7
1.2289082080775825e-7
1.4171060219890838e-7
1.490185347334435e-7
1.37245617065335e-7
1.3668513678995947e-7
1.2698327043703884e-7
1.1116882675257294e-7
9.672747827751718e-8
9.190001801304504e-8
8.679266833145249e-8
8.193129158198288e-8
7.200195953846529e-8
5.419604910671628e-8
4.427982152850269e-8
2.15909148260949e-8
1.5823252213056543e-8
1.1721827608418722e-8
7.365960112453878e-9
1.5360747932617503e-8
1.1869314877347434e-8
8.54408193161721e-9
5.785926964150678e-9
5.20691630201373e-9
5.8745706879062515e-9
6.7098370411561145e-9
6.449577961937464e-9
1.0687512986043344e-8
1.3860762959672506e-8
1.7453727215254346e-8
2.521379806812908e-8
3.05886003928278e-8
2.5176521541792737e-8
2.4232407317338805e-8
2.33982412786211e-8
2.1896811042259976e-8
1.9105460055401526e-8

# 0024_r0

1.031231684305621
0.07865433287164451
0.014932717432649517
0.004208652996142999
0.0016713419002329405
0.00083511727104357
0.00048177781170010277
0.0003052270740563186
0.00020649581996409
0.0001462303168987284
0.00010699595611477141
8.034174285010829e-5
6.161488720001327e-5
4.79507142036745e-5
3.7762810550714474e-5
2.9983205003957014e-5
2.397317587308463e-5
1.9387806441256614e-5
1.5638420796685943e-5
1.2596843968693174e-5
1.0201471020959845e-5
8.36577007969997e-6
6.838424872353723e-6
5.664282812463078e-6
4.628388535449424e-6
3.893463799202512e-6
3.335766277501048e-6
2.831058843984948e-6
2.4388845643218268e-6
2.0840322922414113e-6
1.7955628165264013e-6
1.5954279546196389e-6
1.3644136167490504e-6
1.1701018104867013e-6
9.408007010137708e-7
7.482713758587575e-7
5.484312630477094e-7
3.7688271937670894e-7
2.705931734442626e-7
2.3670341598670608e-7
2.3527212239165568e-7
1.6965804262508683e-7
6.587878461987732e-8
2.5903474818521467e-8
-1.1681941681647625e-8
-2.409579360449086e-8
-1.0428167503451245e-8
6.600939745806424e-8
8.139810433257573e-8
9.799209415354492e-8
1.4537630884239787e-7
1.91248178979647e-7
2.192594601275179e-7
2.521705269268806e-7
2.2536334851560954e-7
2.0349966171452396e-7
1.707250975174714e-7
1.3841707992374598e-7
1.332418492733893e-7
9.646435801328992e-8
6.135762143579639e-8
1.8989514681003032e-8
-2.7641427846556117e-8
-5.452826342679636e-8
-5.1988283970259846e-8
-4.172373360827972e-8
-2.8818727070502808e-8
-2.7744485345505714e-8
-3.51673802080767e-8
-4.146996584858768e-8
-4.426151927348862e-8
-4.2747377568153116e-8
-3.654077552595965e-8
-3.3853526774589556e-8
-4.0339235619348036e-8
-5.74861549035529e-8
-6.662344584376619e-8
-5.508371125596155e-8
-5.444098776003402e-8
-5.747109970878301e-8
-5.417734015664983e-8
-7.030178662011896e-8
-7.95879203301323e-8
-9.337403631320832e-8
-1.0102860801348063e-7
-9.162871080853136e-8
-7.112701647636109e-8
-4.915173901006572e-8
-3.817505064563082e-8
-2.2346093850801864e-8
-4.181118174021771e-10
7.869415764276827e-9
1.2117622784076816e-8
1.2266487822347828e-8
1.4779314289634736e-8
1.3742523384309813e-8
7.017948028435491e-9
7.483571114255616e-9
1.9738391125335416e-8
2.8175790192488968e-8
4.079195985068015e-8
4.243135041141415e-8
3.65517881450157e-8
2.134261922919865e-8
-1.1601032960136185e-9
-2.2357510719618175e-8
-3.148418408295844e-8
-3.964561564470473e-8
-4.189459321480426e-8
-3.760618105972984e-8
-3.477120040524713e-8
-2.8126607298506836e-8
-2.1983396797306293e-8

# 0025_r0

1.0312883904316843
0.07864760581398988
0.014926242495162261
0.004202961360508796
0.0016665391841374567
0.0008311753029502463
0.00047878501559695186
0.0003029939473819413
0.0002046901348880735
0.00014491449315752645
0.00010623930558760631
8.002977445569862e-5
6.149693964616991e-5
4.790328051189034e-5
3.793840954787539e-5
3.05305564041745e-5
2.4723852955976947e-5
2.0168391865281005e-5
1.6515340890628798e-5
1.3538680875323294e-5
1.1104160601398544e-5
9.175346806121021e-6
7.59496446680923e-6
6.222628465930885e-6
5.082253285802043e-6
4.129248348960478e-6
3.3860745782857724e-6
2.7332710533303933e-6
2.2207672131937172e-6
1.7976300069503531e-6
1.3969048334489471e-6
1.081439791044352e-6
8.320892444239517e-7
6.637769754341274e-7
4.6622925898455126e-7
3.1719791884283465e-7
1.8598737464275763e-7
7.155012218805031e-8
-2.70367063342898e-8
-4.99134732882733e-8
-7.761789156062142e-10
2.5201344379986642e-8
4.021668285285045e-8
5.899590223882211e-8
6.843235039440329e-8
4.057470959919113e-8
-2.543456713429782e-8
-8.242119226562031e-8
-1.2764725774290527e-7
-1.971667737052903e-7
-2.419796004209694e-7
-2.6019845917977574e-7
-2.469094436986704e-7
-2.1640460024796894e-7
-1.9317031465791657e-7
-1.9634329316047585e-7
-1.7782926424540186e-7
-1.8600355773968045e-7
-2.1008179063663014e-7
-2.256187204200229e-7
-2.2465873335648569e-7
-2.181425850984283e-7
-2.201462099848562e-7
-2.1767236007729088e-7
-1.9905644072001796e-7
-1.9165586166801156e-7
-1.586964055536369e-7
-1.1582145772716208e-7
-6.664720972395659e-8
-2.5874023770367365e-8
-2.6707153059123018e-9
7.581977451827017e-9
2.4631886104334506e-8
3.237701856181789e-8
4.519428163912511e-8
6.434478617014809e-8
7.30940346518227e-8
6.099779283345171e-8
5.369397473113944e-8
5.3909385462010644e-8
4.3225726061804445e-8
3.386379784376e-8
3.916772845732804e-8
3.990333522573927e-8
5.22009742975706e-8
6.39323129732247e-8
7.836742667520084e-8
7.603714184143558e-8
7.007243917264842e-8
7.713630700415162e-8
8.195769692409277e-8
8.007449848262687e-8
7.912192496332344e-8
7.835217953135843e-8
7.978549498983422e-8
6.261770984271202e-8
4.7658395698527054e-8
4.525415839277998e-8
3.708698874206454e-8
3.13070218382446e-8
2.7070025278515972e-8
2.7996479510045536e-8
2.245503219161762e-8
1.3052579259405131e-8
1.3404526325148246e-8
8.224060333495245e-9
4.63788197277172e-9
-3.33791187740928e-9
-1.5498474327081392e-8
-2.053481281566884e-8
-2.6539539007685706e-8
-2.303430177052522e-8
-1.8463521982492328e-8

# 0026_r0

1.0312752904210842
0.07865390467156616
0.014932794195714517
0.004208288873372109
0.0016709786370497548
0.0008345376090750365
0.0004811774952251912
0.00030470604811389706
0.00020592922554557314
0.00014569659005019936
0.00010667749179376598
8.014037521083936e-5
6.1371831448964e-5
4.774000205682091e-5
3.7692463949985e-5
3.012611774090499e-5
2.4296263103056153e-5
1.9696309605726835e-5
1.6062459557684e-5
1.3210886815067751e-5
1.1006720559907022e-5
9.251313392306777e-6
7.822883823474075e-6
6.590140485189077e-6
5.514098837046935e-6
4.594920923364098e-6
3.7232258198588723e-6
2.9893615812864636e-6
2.37675570406767e-6
1.9236974247675714e-6
1.5494635211316536e-6
1.2270755033188633e-6
9.770013561623296e-7
6.940011501592097e-7
4.83754448196377e-7
3.292824035124737e-7
1.7691316020041714e-7
5.8361656968625334e-8
-4.3287904686768066e-8
-4.6457799015348055e-8
-9.57093619948791e-8
-1.542060053067696e-7
-1.884397891479504e-7
-1.8308691351148297e-7
-1.0757109232768747e-7
-5.729841394474269e-8
4.271001373647363e-8
1.1618361215597879e-7
1.5372552474440956e-7
2.1715177210057633e-7
2.3556799398216407e-7
2.1286558232342427e-7
1.6559999251089732e-7
1.0581203318926117e-7
3.860757267741835e-8
-2.543311599757556e-8
-4.315104690184847e-8
-4.766775782686543e-8
-4.318174302373378e-8
-3.2056212285375056e-8
-4.7075558860083206e-8
-4.1164666052886366e-8
-2.756177806103446e-8
-2.3627709557875948e-8
-1.902510588802639e-8
3.1170053230535476e-9
1.8863148272905283e-8
2.2329822124807633e-8
3.001839978419047e-8
5.198978121203167e-8
8.397739767749434e-8
1.0076246055301389e-7
8.668368247200454e-8
9.334098166882737e-8
1.0429133206190116e-7
1.0078466920520371e-7
8.415935344723035e-8
5.0414482206036925e-8
3.1012926658159996e-8
7.1432784300398614e-9
-1.2393502402005195e-8
-2.5790536055515125e-8
-2.2721786530585837e-8
-2.89771327953684e-8
-4.384329774020817e-8
-4.7496696041959035e-8
-3.940638226043523e-8
-3.15208527375813e-8
-4.620139727207903e-8
-4.9650856354073324e-8
-5.290143427504962e-8
-4.7274348242975837e-8
-3.894068763324546e-8
-4.742502142964205e-8
-5.867281770562164e-8
-8.072357650524e-8
-8.340247815965943e-8
-7.637930406310525e-8
-6.837137301765991e-8
-5.529989582226672e-8
-4.7555124493511793e-8
-3.420775590310014e-8
-1.8154062576346997e-8
-1.591819069745919e-8
-1.0092473083344881e-8
-6.746492355077568e-9
-1.8722216423753168e-9
1.1329072364954164e-8
2.6297375803666023e-8
4.493663169278093e-8
5.126512385122055e-8
5.47843929882855e-8
5.4300886858519714e-8

# 0027_r0

1.0313352365781248
0.07865624686511462
0.01493127024504663
0.004205888686495011
0.0016683836336175235
0.000832523027708488
0.00047971371546163703
0.0003035731579702481
0.00020490965996488352
0.0001450776053606513
0.00010654309029810165
8.059073734195766e-5
6.214662259476105e-5
4.869579432330762e-5
3.863572339750766e-5
3.089510013850367e-5
2.4842175887039932e-5
2.003543514659648e-5
1.6263823927623055e-5
1.324831332091809e-5
1.071236775915259e-5
8.80615435733414e-6
7.296789677615809e-6
6.061557485030411e-6
5.166156713093448e-6
4.421408592340891e-6
3.8030988710127774e-6
3.2403380694921635e-6
2.7709819448813157e-6
2.379055119011285e-6
1.9680479702856794e-6
1.665981361976516e-6
1.4289459292611856e-6
1.1966672616106153e-6
1.0099928129729936e-6
8.93812407246267e-7
8.555182104048838e-7
7.893192381144046e-7
6.95515868166902e-7
6.112689132221719e-7
5.367189494267723e-7
4.793858857511713e-7
4.908889088520452e-7
4.66945300093609e-7
4.219892525377477e-7
3.9620944484388656e-7
3.344632802443516e-7
2.868180648883272e-7
2.845429693624946e-7
2.5335329690722186e-7
1.7079719109226946e-7
8.69970509840888e-8
4.698164257538312e-8
3.189268013825927e-8
6.567060226226794e-8
9.165283332801668e-8
9.40249815067775e-8
7.139544924618995e-8
8.023766415138689e-9
-5.805047282464575e-8
-1.1521308123267803e-7
-1.32526654247311e-7
-1.5566274238543284e-7
-1.6279097721386628e-7
-1.6965622029332798e-7
-1.736107792927116e-7
-1.5390922469470627e-7
-1.405117773753682e-7
-1.2853412617456657e-7
-1.1440682904969605e-7
-8.009685031325649e-8
-4.2017379409297414e-8
-2.0384186453159903e-8
-1.0480580583287204e-8
-1.3587674876716209e-8
6.711459012475112e-9
-6.423285097256216e-9
-1.5930863209637585e-8
-3.295869345725352e-8
-4.209659596206214e-8
-4.813478956873376e-8
-5.3992324947541416e-8
-4.284307458784529e-8
-3.321162924811716e-8
-2.7014403315066417e-8
-2.682208028422844e-8
-1.4676901573835567e-8
6.109415208398518e-9
1.2869034596405131e-8
2.3962799475481237e-8
2.9023708434299526e-8
3.596005902012077e-8
5.204800551168204e-8
4.4167193190010474e-8
3.634498277278828e-8
1.7690115093818162e-8
7.942269831096483e-11
-1.2199458160613194e-8
1.2130852644038568e-9
1.539221939421754e-8
2.8321079782969656e-8
3.2994162341053246e-8
3.3939718220623754e-8
4.0931260613778425e-8
4.5985944120964717e-8
5.2599360705594296e-8
6.091602767353288e-8
6.496522096404382e-8
7.317313933802118e-8
7.592487083842457e-8
7.881085288493982e-8
9.077449630373403e-8
9.326224710262899e-8

# 0028_r0

1.0312959394648666
0.07865773241347891
0.014931981622494104
0.004206595715499449
0.0016688992637925208
0.0008325542370496224
0.0004795509886399972
0.00030319068509485644
0.000204304832853246
0.0001443270646557311
0.00010568102347630241
7.939940002953043e-5
6.0953982794481096e-5
4.761215392097723e-5
3.780253057245498e-5
3.023181539450712e-5
2.433648975560536e-5
1.9753075174587033e-5
1.6127801892382242e-5
1.3232745951232482e-5
1.0885582893487443e-5
8.925643353997038e-6
7.310919056943188e-6
6.000626145022354e-6
4.900323525416751e-6
4.146605780272036e-6
3.531444240348393e-6
3.0439186823238563e-6
2.679558124046083e-6
2.3401798789210527e-6
2.0221765942992672e-6
1.731523955019454e-6
1.4471032449419659e-6
1.3001923974904843e-6
1.1406249022408554e-6
1.0220561317615863e-6
9.563071286717796e-7
8.970845436328183e-7
8.871053023961337e-7
8.987164567214595e-7
8.728755819868161e-7
8.054949934810734e-7
7.398862449333831e-7
6.409967560190115e-7
5.352706639665473e-7
4.5379858491654227e-7
3.887159190241543e-7
3.297681785701289e-7
2.0793310821794452e-7
1.1887016112933761e-7
4.3832512610007515e-8
-5.4628192029887286e-8
-1.1471722144212437e-7
-1.3962392453096241e-7
-1.7167151331510553e-7
-1.4684735087052987e-7
-1.0851524457370847e-7
-9.601853390081742e-8
-6.940240558338172e-8
-5.399197269318696e-8
-4.490610507377344e-8
-3.890730162374181e-8
-5.9854700602308374e-9
4.8349441970335735e-9
1.2666647923733281e-8
2.888239782373358e-8
5.5301953363551004e-8
7.498597667071581e-8
7.154996816055089e-8
7.23454477352812e-8
6.842989824311896e-8
7.431047525429514e-8
5.998311253814455e-8
4.683237007288172e-8
4.931759351459351e-8
5.236681150612097e-8
3.233497693506385e-8
6.870359898086235e-9
2.2853234192280743e-9
1.2367865018545089e-8
1.511707400937636e-8
1.474402589914362e-8
2.922208217158888e-9
-5.388836848934877e-9
-8.668019218516137e-9
-1.676925252401899e-8
-9.123848150129083e-9
-1.445314334342755e-9
5.696665878005741e-9
1.0537016320717588e-8
2.274694457041932e-8
3.8041086182158026e-8
3.4096180311906033e-8
2.701103765691033e-8
3.089403088141012e-8
3.701276528258696e-8
3.066467649787149e-8
2.0606534039438378e-8
1.403749383688035e-8
7.465449571193323e-9
-1.715172923707991e-9
-2.267834398056322e-8
-3.7039629408368616e-8
-4.5503396554161956e-8
-5.7383291625832406e-8
-5.944484391925078e-8
-5.683995930010448e-8
-5.353654467663196e-8
-5.079919922906664e-8
-4.894609134913323e-8
-4.8589226474302e-8
-5.797055154610339e-8
-6.194332399687995e-8

# 0029_r0

1.0313189823818532
0.07865720890751438
0.014932723464510272
0.004207569736931756
0.0016699666152957336
0.0008335420332120675
0.00048014928498964703
0.0003035624669726007
0.00020468625191036278
0.00014437223627063569
0.00010533368670192437
7.885690071395514e-5
6.0025884325727686e-5
4.654822227248627e-5
3.666298948739453e-5
2.91948458113273e-5
2.346131328383877e-5
1.901657152690943e-5
1.5400493570423957e-5
1.2461778812058736e-5
1.0116560756472599e-5
8.256049377953171e-6
6.7175246452227375e-6
5.446454087342584e-6
4.286500691784151e-6
3.3305135045446993e-6
2.5381233559986713e-6
1.8335370929372184e-6
1.3531730619991304e-6
8.994647958791431e-7
6.159067990122271e-7
3.3799021398821476e-7
1.4480576105398995e-7
2.485595557328847e-8
2.575033049048683e-8
5.6422294804511035e-8
5.8873873426329024e-8
6.524928833135663e-8
3.181768773319591e-8
1.0368644267473759e-8
7.233464242017482e-9
-1.639580732110157e-9
-4.942244578995793e-8
-9.763668812508568e-8
-8.040221034154609e-8
-1.0365529099149839e-7
-1.4873235686139074e-7
-1.9123630308917949e-7
-1.793453718211443e-7
-1.439784720723292e-7
-1.020559798490882e-7
-7.968448949619485e-8
-5.680825935983572e-8
-7.257219867503186e-8
-3.433464541253427e-8
4.129683482566144e-8
9.793748815777872e-8
1.3029044536281482e-7
1.3595665914540653e-7
1.1914846883163707e-7
1.3650783047950004e-7
1.5869304260413905e-7
1.452325330144449e-7
1.4272530961529586e-7
1.6660418866777486e-7
1.8018889321159204e-7
1.7988485064586838e-7
1.5872910410978055e-7
1.293813848057351e-7
9.922106212982397e-8
6.835894122767221e-8
3.003208248425819e-8
7.504358726709843e-9
4.540585939762813e-10
2.8200683054319707e-8
7.145334498313252e-8
1.0700388387499251e-7
1.3647821744933137e-7
1.6034278498382827e-7
1.7527790036035688e-7
1.637503100089246e-7
1.6289823939774153e-7
1.3857949007943133e-7
1.1086206004682153e-7
7.377991601746557e-8
4.1383777043327006e-8
2.2343032249628535e-8
-1.598836058678219e-8
-3.231061521249735e-8
-5.034199219490911e-8
-6.785471649451178e-8
-8.280328289580325e-8
-9.215243136870003e-8
-9.920872313472791e-8
-1.0140338421066734e-7
-1.0883164309963316e-7
-1.0488622106191175e-7
-8.104205147685694e-8
-5.868259069637577e-8
-3.0405917737238146e-8
-3.739269336006006e-9
1.9350803703485197e-8
3.128359512044853e-8
4.4341298230910177e-8
5.200097176312634e-8
4.993410802121279e-8
4.5720765711792104e-8
3.704141801467312e-8
4.066067558470713e-8
4.766651593552683e-8
4.643060753666953e-8
4.7498339208107715e-8
5.589920266640975e-8

# 0030_r0

1.031311590017125
0.07865806617873423
0.014932508339845912
0.00420680484817942
0.0016688586620869884
0.0008324092784842398
0.0004791637352630369
0.0003027944644080213
0.00020394268598240432
0.00014380607600559557
0.000104852337228163
7.848485760207657e-5
6.004731944409772e-5
4.676404653129379e-5
3.687632548584814e-5
2.949155755513143e-5
2.373719408530867e-5
1.929944060038864e-5
1.5892822955397025e-5
1.3230101840125644e-5
1.1024135303641778e-5
9.169052089932077e-6
7.626260083882136e-6
6.262751743079844e-6
5.144725289194761e-6
4.259178744594611e-6
3.533627815533605e-6
2.9387047123318e-6
2.408153590193846e-6
1.9485349965733714e-6
1.6248170832303499e-6
1.4223115787298963e-6
1.211564032635135e-6
9.985477154388713e-7
8.934174414204453e-7
8.260047321131357e-7
6.745985955816509e-7
5.386553522745915e-7
4.865447587547527e-7
4.859080114458232e-7
5.061296538394328e-7
4.3358710236378734e-7
3.5637625433021287e-7
2.7083011068989216e-7
2.713161319940283e-7
2.994972237941036e-7
3.1702481195545194e-7
2.610381870874595e-7
2.3092739156337578e-7
2.3579507716811615e-7
1.937674871991114e-7
1.5443580655882438e-7
7.5247992593864e-8
2.4646555334587486e-8
-1.872238459920643e-8
-4.730507851076797e-8
-9.26621839915228e-8
-1.5191753321962233e-7
-1.6382551772913292e-7
-1.9501996757758033e-7
-2.2799944015689706e-7
-2.3660799696566214e-7
-2.568048729670073e-7
-2.614778062441258e-7
-2.412988071844859e-7
-2.1008836629918114e-7
-1.9177468529813098e-7
-1.6657984011687673e-7
-1.3894607179727638e-7
-1.0658812179597301e-7
-8.784905539457951e-8
-6.330377979120401e-8
-4.8209413657594996e-8
-4.129806946581502e-8
-3.8473568352752885e-8
-4.834463388535781e-8
-4.993827030655753e-8
-5.644244542961174e-8
-7.141066358870359e-8
-7.902370418363233e-8
-9.735500004839294e-8
-1.26989681791428e-7
-1.5658595795763586e-7
-1.7173992981766823e-7
-1.767603027869096e-7
-1.8366820082331617e-7
-1.9685964814635072e-7
-2.1027944565147189e-7
-1.999439432422231e-7
-1.802389645227208e-7
-1.6231662488149331e-7
-1.3622483874539705e-7
-1.0913768200570079e-7
-8.368118078036078e-8
-6.711574412113993e-8
-4.6917298177206815e-8
-2.9305512708230142e-8
-1.0850080586266266e-8
1.517080523975951e-8
3.67459305562845e-8
4.430908359326263e-8
4.4340369804395076e-8
4.114161894087386e-8
2.758324291772737e-8
2.2759332566048483e-8
1.7538400050386913e-8
6.610719699756278e-9
-5.020085836253664e-9
-1.1967533736214613e-8
-1.2366933204194066e-8
-5.966574812165169e-9
-1.7250783996617356e-9
-4.373997090419407e-9

# 0031_r0

1.0312817004590822
0.07865631290551627
0.014931717544018239
0.004205571555425966
0.0016672661365205734
0.0008307995029233457
0.000477600177888264
0.0003010500556274842
0.00020236184480687379
0.000142579111172396
0.00010402541472864392
7.796028685324659e-5
5.958345648029535e-5
4.631903067402275e-5
3.6482150051652846e-5
2.901431473807711e-5
2.328371857725694e-5
1.8818453300211195e-5
1.5404792413153043e-5
1.2672534996366407e-5
1.0485479076003147e-5
8.713657079946007e-6
7.304838882949412e-6
6.181878378570582e-6
5.317811454055738e-6
4.42106884673855e-6
3.63182616847867e-6
3.028525894666363e-6
2.584370978521866e-6
2.2030316528901524e-6
1.95404673603238e-6
1.6783544978190564e-6
1.3973230204120655e-6
1.0897888737645388e-6
8.541607105079703e-7
7.203035663688052e-7
6.436886973560329e-7
5.792044666316968e-7
4.807586269174843e-7
4.7669426677299574e-7
4.3644175549596635e-7
3.561525746790312e-7
3.1982116741741504e-7
2.713291686500704e-7
2.3041341536969402e-7
1.7372541903514243e-7
7.429958461719708e-8
-2.6216875886197045e-9
-4.149789069698234e-8
-4.874166226867722e-8
-4.096256011215815e-8
-6.286150192554082e-9
2.265476097830037e-8
3.3144200367607786e-8
1.6679737770148763e-8
2.4622597030232868e-8
5.0573806579467665e-8
3.231334140973411e-8
1.737356088538673e-8
-5.710043491170338e-9
3.817444703113054e-9
9.589101800418254e-9
-5.127849712947181e-9
-2.181958780568507e-8
-1.4899366919268575e-8
1.1799750343983247e-8
2.924376502036126e-8
4.224557864892378e-8
3.34877635673365e-8
2.003364085512531e-8
3.595652385058127e-9
-5.9543560677986745e-9
-7.931956174247022e-9
-4.7880574924323976e-8
-8.323500333100846e-8
-9.409903086279424e-8
-8.283446746851008e-8
-8.548606560416241e-8
-6.915344996083884e-8
-5.629638802090575e-8
-3.573201244338738e-8
-1.609665706244509e-8
-9.10431233984954e-9
-8.640918870416418e-9
-8.223941957430552e-9
-1.0463020697237555e-9
1.016867381019653e-8
2.1075313299906777e-8
2.383395759277946e-8
3.907810350339703e-8
4.706178927845619e-8
4.24267504286484e-8
3.4826955500126766e-8
3.4321777477141606e-8
3.764498154715662e-8
4.414501007327815e-8
6.470025484029351e-8
7.295656837552588e-8
7.949919662480165e-8
9.1315887462546e-8
9.679705420973622e-8
9.295165579841768e-8
8.634372242662313e-8
8.070038410306684e-8
6.302836602097139e-8
5.190392977939499e-8
3.430240974064051e-8
1.6153661146455032e-8
-4.485287178746174e-9
-2.137587073569792e-8
-4.144747800639187e-8
-5.396619566355133e-8
-5.287523110907747e-8

# 0032_r0

1.0312730705761124
0.07866003955278231
0.014933432576116314
0.004206692069114679
0.001668840497919713
0.0008325667813299155
0.0004792123177418495
0.0003028328568245952
0.00020400789161253885
0.00014391532937343753
0.00010505827547312217
7.863832781609461e-5
5.99856789391432e-5
4.646245670365585e-5
3.6539003452687426e-5
2.9124216909864345e-5
2.33895050030676e-5
1.8988631964228898e-5
1.5467283222268093e-5
1.2687921560703304e-5
1.05075688707595e-5
8.652666189400405e-6
7.276884372659993e-6
6.0214216046975135e-6
4.916402889913859e-6
4.017540441948961e-6
3.282045672833695e-6
2.7238458091610224e-6
2.299789882068703e-6
1.910266899273627e-6
1.6335288129690057e-6
1.3437774041941244e-6
1.0432572218140367e-6
7.895537263300235e-7
5.699972703341814e-7
3.9203997716763563e-7
2.4514833420739087e-7
1.3179551276215665e-7
1.9557873299614977e-8
1.5449594506263214e-8
-7.608244175604779e-9
-3.0649297746869406e-8
-1.051384040629044e-8
-1.1474664476192717e-8
-1.7724579673967006e-8
-2.4902460305578718e-8
-1.229852031776154e-8
2.8446028864842587e-8
5.452015079183624e-8
6.303108231498916e-8
4.1347707959313004e-8
-4.838693787725121e-10
-7.858451136636282e-8
-1.3831201204558794e-7
-1.6793765856790905e-7
-1.7369800912478852e-7
-1.678297331090869e-7
-1.924213436893196e-7
-1.742108736632164e-7
-1.6669689339862433e-7
-1.5212505617341304e-7
-1.078452166801642e-7
-6.504332973642615e-8
-4.0905327207736256e-8
-9.503997898642234e-9
4.073111758059112e-9
4.4552488552818155e-8
7.398977668269611e-8
9.853258338238549e-8
1.1291732038218586e-7
1.3275345056692295e-7
1.4736633433066553e-7
1.4055440382375316e-7
1.2054437630114998e-7
1.0847534639773088e-7
1.0298496464395133e-7
1.0305804751472189e-7
1.1016980112785366e-7
1.2664500282958024e-7
1.2761801870444343e-7
1.1523004404977741e-7
1.0528403624625863e-7
8.827475317728277e-8
6.2110851828398e-8
4.89619257390769e-8
5.831266349271065e-8
6.498196991161695e-8
6.640300172706065e-8
6.171307082789913e-8
5.202664786838032e-8
5.360192307156918e-8
5.5044873352182314e-8
6.121967267819154e-8
6.020210489111637e-8
5.964687959265198e-8
6.283885583890932e-8
5.8424412421085324e-8
4.865371080049016e-8
4.03085282492824e-8
3.3544413914548026e-8
3.341941212167049e-8
4.13081856674673e-8
4.4216001586214444e-8
3.921271798187507e-8
4.6472013509711395e-8
4.358048410636615e-8
4.759768083664318e-8
5.634684642176942e-8
6.488316990605828e-8
7.178088429236941e-8
7.842524119829334e-8
8.899778139969043e-8
9.506651889960786e-8

# 0033_r0

1.0312530291089599
0.07865111426470088
0.014930652405336992
0.0042066094511272805
0.0016693833587703624
0.0008334770036706486
0.000480414115876823
0.00030393871693947845
0.00020503323958793082
0.00014485932260095878
0.00010581753793800575
7.949763364975364e-5
6.106302654910224e-5
4.765351261786447e-5
3.771098551071967e-5
3.0240774775805983e-5
2.4386488898319232e-5
1.9662104520689584e-5
1.5964870158298814e-5
1.298845632073411e-5
1.0532191289889592e-5
8.525798714797438e-6
6.931085680002032e-6
5.572285120371207e-6
4.510405524462115e-6
3.6614940057816634e-6
2.9484535201435977e-6
2.3713681114291792e-6
1.8775452166359607e-6
1.4693068568256464e-6
1.2198537326940654e-6
1.0303768048126854e-6
9.043706725501642e-7
8.705407923453159e-7
7.898449311914484e-7
7.288424538580198e-7
6.457247932664002e-7
5.595899370801826e-7
4.1457639277815857e-7
2.6095319538218594e-7
1.952428342917494e-7
1.861285572924048e-7
1.9338393850099941e-7
2.2338592725513666e-7
2.470428508897918e-7
2.294235774315554e-7
2.2201327956466498e-7
2.266511848230582e-7
1.9202436925117252e-7
2.014001918713732e-7
1.9263976964871587e-7
1.8237672534525688e-7
1.8408872391112468e-7
1.9917062379715198e-7
1.8217750666286264e-7
1.3660007213356006e-7
1.248255250918437e-7
1.3741733740309512e-7
1.1787042858593799e-7
1.4218388892589604e-7
1.4809419824103157e-7
1.4926209447725365e-7
1.250572267624659e-7
1.0066049463302321e-7
6.673313902145527e-8
4.436294236993844e-8
1.2729144379879671e-8
2.1435868825251527e-9
1.1317086218890521e-8
2.7212552928606104e-8
5.2155347107416286e-8
5.43266800482096e-8
5.921078541082676e-8
5.572410419766056e-8
4.901701472815554e-8
4.4303827202595556e-8
3.806711831735436e-8
3.784494138564886e-8
2.334013009339546e-8
5.787128840000916e-9
-8.96059993592435e-9
-2.5969154809691267e-8
-3.3999208497732566e-8
-3.690071621265246e-8
-3.271418224734794e-8
-3.466977919815604e-8
-3.918489899308874e-8
-3.460000205203352e-8
-3.777855584163731e-8
-2.09266050761358e-8
-1.9130829010202392e-8
-1.0923633473103388e-8
-8.613297329862176e-11
9.97771531792047e-9
1.690220287158184e-8
1.2863674919423135e-8
1.4586261227843705e-8
1.9964128594880964e-8
1.5386114937295355e-8
4.592986528202911e-9
7.376539618789079e-11
8.715341253952247e-9
1.901135437828656e-8
2.1090596322681546e-8
2.274498088047763e-8
2.6572899396314236e-8
1.8680347936826973e-8
1.5388786868995738e-8
1.2417804887367148e-9
-1.3231701266730486e-8
-2.001812895080793e-8
-2.7432814468114898e-8
-2.7212912474124206e-8

# 0034_r0

1.0313520847537092
0.07865329500499527
0.01493303536854684
0.00420847339755083
0.001670782370655585
0.0008345753614799114
0.0004814313242829279
0.00030507804771752754
0.00020619742017404218
0.0001459448140089642
0.00010684033425663746
8.01804295817953e-5
6.127168282032605e-5
4.754014117404952e-5
3.744007908667049e-5
2.983086569091341e-5
2.4029908473246168e-5
1.94032606760006e-5
1.5685352225682025e-5
1.2688893787842143e-5
1.0284676189572929e-5
8.293633700998882e-6
6.659440107530191e-6
5.436083612135783e-6
4.450711960596908e-6
3.6369000106848284e-6
2.9539827675641573e-6
2.481878028621678e-6
2.086696566131881e-6
1.659073094805083e-6
1.373749710222397e-6
9.970946890718515e-7
6.431578806484921e-7
3.9289572980926374e-7
1.8852282139837647e-7
3.410550275786549e-8
-3.106798715549126e-8
-3.932315435157363e-8
2.288137644125392e-9
7.864238245744472e-8
1.4650370590828088e-7
1.7924100587511365e-7
2.578184727684714e-7
3.624035748227186e-7
3.9243822700836753e-7
3.789396744526859e-7
3.2495558038382427e-7
2.549068138747714e-7
1.8896279115007026e-7
1.6264383823300217e-7
1.5354174849425563e-7
1.564189745100179e-7
1.323763216393557e-7
1.0200216190889966e-7
7.696322728742979e-8
3.0035049903527996e-8
-3.2288610661451245e-8
-8.879286778345735e-8
-8.426175515173985e-8
-1.0138604955311222e-7
-1.296675998954733e-7
-1.51305848767747e-7
-1.5791212632283472e-7
-1.52076342258266e-7
-1.5667493825538597e-7
-1.6881335204003795e-7
-1.662804878847228e-7
-1.2037790448588032e-7
-7.16582058833248e-8
-5.7496962817574594e-8
-4.334089096562052e-8
-3.1511679295818254e-8
-4.1116521782635547e-8
-5.057260930194971e-8
-5.5162768573764886e-8
-4.41665745419179e-8
-3.4129077922496015e-8
-2.2623000086459016e-8
-1.9468735115429387e-8
-1.8300776372822443e-8
-1.645268035204102e-8
-1.7219208043803416e-8
-2.6575404228238e-8
-2.2661980517592742e-8
-6.088106101722952e-9
1.596079987663528e-8
3.9107803666681873e-8
4.9943443201116404e-8
6.1299417563612e-8
7.73397757906786e-8
9.144115884108099e-8
1.0156247698595377e-7
1.147471305088926e-7
1.1014845215454852e-7
1.0516055311798517e-7
1.0338127239636061e-7
1.0638152826880927e-7
1.0938202293056417e-7
1.0491111631224652e-7
9.797310978471796e-8
8.615475850086199e-8
7.423166434301909e-8
6.144549920743706e-8
5.442033315018302e-8
4.335103384838746e-8
3.003110749325731e-8
3.225846781564328e-8
2.7229513526999458e-8
1.0170029235843275e-8
2.553787090273698e-9
-6.5605667051393575e-9
-1.0068569551945161e-8
-1.5143307764195998e-8

# 0035_r0

1.031306061874949
0.07866040005772186
0.014935576910395649
0.004209925955438858
0.0016716763592814858
0.0008350722522621998
0.00048160487587106557
0.00030491765232183325
0.0002059877205205154
0.00014580995598261552
0.0001067471042777923
8.025686659439916e-5
6.165031638638445e-5
4.8250623181256775e-5
3.833658245814197e-5
3.064666064002039e-5
2.469540384882174e-5
1.99351487607688e-5
1.6100783127609522e-5
1.2878370027262428e-5
1.0214539773741062e-5
8.114656325855443e-6
6.5663040586243245e-6
5.379161706994547e-6
4.468182712265521e-6
3.7777956507129834e-6
3.16634442945276e-6
2.7316783463897013e-6
2.390219652295219e-6
2.1520368884679267e-6
1.884427501856478e-6
1.6625577357666286e-6
1.4482572706651343e-6
1.2567635678208633e-6
1.0929064754313768e-6
9.760619165449537e-7
8.179233249361704e-7
6.920856816713749e-7
5.925058886977003e-7
5.361919624222542e-7
4.5415397716626156e-7
4.180789302963673e-7
3.4796650843648275e-7
3.3152387176065883e-7
3.307916300387929e-7
2.9723879940715404e-7
2.1441871092177152e-7
1.580205343167335e-7
9.044530174628928e-8
8.834085342138046e-8
1.1706957976955896e-7
9.570439102557862e-8
3.8562771272823955e-8
-1.9634379081681138e-8
-8.560120750032174e-8
-1.2256547679280907e-7
-1.3251077678595356e-7
-1.498657606287983e-7
-1.2315928338910906e-7
-9.559047190798548e-8
-8.528184554861628e-8
-7.283579830426716e-8
-7.149917742328454e-8
-8.491475028338814e-8
-7.485965737498345e-8
-5.680944451658606e-8
-6.040268172972008e-8
-8.587337600206347e-8
-9.428859572769658e-8
-9.332732756266568e-8
-8.739639708216523e-8
-7.957443879400324e-8
-8.786876024073533e-8
-8.48376991191497e-8
-8.777470117288836e-8
-7.71094086884747e-8
-7.469203877892578e-8
-7.155803509904465e-8
-6.50475840491404e-8
-5.8793770246813605e-8
-4.838448328789365e-8
-4.077632122246794e-8
-2.527730276934978e-8
-1.708741300207544e-8
-2.448434997131466e-8
-2.174636240629958e-8
4.368940051702837e-9
2.4500000192981337e-8
3.02250818314686e-8
3.940476158886395e-8
5.7633040285182577e-8
8.112368007319538e-8
9.176738878096775e-8
9.439717733943552e-8
1.0018642432237003e-7
1.0312554595111429e-7
9.315850515398597e-8
8.129455539890292e-8
7.520183176164316e-8
7.190381774526266e-8
7.047436217637223e-8
6.9458551293766e-8
6.640544762715913e-8
6.766750074553544e-8
5.1566586296035806e-8
3.266587242260791e-8
1.9765628272534704e-8
1.6328950747663063e-8
1.6926321929334793e-8
1.6753535779600776e-8
1.3292272313427878e-9
-7.689853613925383e-9
-1.0043759272585681e-8

# 0036_r0

1.031329572616928
0.0786590777552766
0.014934455345730133
0.004209110741506672
0.0016716357637594377
0.000835578030799061
0.0004824760834436785
0.00030605202114169025
0.0002071798601454491
0.0001469274032112425
0.00010788719366152851
8.131543943662507e-5
6.254595392766875e-5
4.8837439248233435e-5
3.8529059652752664e-5
3.0675190530533415e-5
2.4601398752828998e-5
1.975439167139754e-5
1.5929710473422142e-5
1.2715533360868886e-5
1.0084136883373184e-5
8.080369570334775e-6
6.459441938557287e-6
5.342412962547173e-6
4.4775994873411015e-6
3.761042236087242e-6
3.1822023021666905e-6
2.680431915306309e-6
2.272004617592944e-6
1.9256666294881193e-6
1.6232428380200107e-6
1.2968538342675337e-6
9.956744980963001e-7
7.506877421295304e-7
5.395396691691589e-7
4.396683163987701e-7
2.854351599909524e-7
1.1811631667788481e-7
-1.991446702913072e-9
-1.1185177325802963e-7
-2.1103738243299927e-7
-2.683477853977916e-7
-3.5694560544721605e-7
-4.2172366786885337e-7
-4.4988369322840265e-7
-4.1817064586664536e-7
-3.533143123575411e-7
-2.809840879230511e-7
-2.3989164308834854e-7
-1.981884652674411e-7
-1.4404329876292044e-7
-1.0071126456973334e-7
-7.161973703124263e-8
-5.8484008016282453e-8
-8.203156804609382e-9
3.3032883918865233e-8
3.3364398758667566e-8
6.661505749311599e-8
8.03087956460586e-8
6.56285845192066e-8
7.443454152020328e-8
8.862464626782116e-8
8.660327788060028e-8
9.416856624964463e-8
1.1407065472341319e-7
1.0795602675008983e-7
9.014106426389032e-8
7.925798161181497e-8
6.797770669196257e-8
7.608541015472312e-8
6.810107229990135e-8
6.300852654004848e-8
5.964374788239077e-8
4.532774669018647e-8
3.12174965518123e-8
3.042282379686957e-8
2.3331876075903906e-8
4.635079186089164e-9
-1.8714025761625465e-9
-6.684966570407743e-9
-2.1685153312741953e-8
-3.618747761153166e-8
-5.458867104369943e-8
-6.247663494269417e-8
-6.993074207570504e-8
-7.145444043981396e-8
-7.121084806102595e-8
-6.778362848379086e-8
-9.036474907943126e-8
-1.029750002746323e-7
-1.054968060879835e-7
-9.882097837657652e-8
-8.764085424317728e-8
-7.97768819679348e-8
-7.453418903364739e-8
-7.272978317564688e-8
-7.579380058146624e-8
-9.119804444822359e-8
-1.0645668554048052e-7
-1.0946223539336619e-7
-1.0948312274209664e-7
-1.0514398934316877e-7
-1.0671451616116437e-7
-1.1233098395826388e-7
-1.2170500324760218e-7
-1.2784806595708192e-7
-1.3070521526371682e-7
-1.3514410421981015e-7
-1.385355080558564e-7
-1.2888102742718002e-7
-1.3005492450024352e-7
-1.3597828837773182e-7
-1.3992235272510984e-7

# 0037_r0

1.0313193253877644
0.07865778580567914
0.014931727556469685
0.00420625348057561
0.0016680414753812815
0.0008315437186120014
0.00047832914065245414
0.0003018565470667397
0.0002029284323094224
0.0001426262160543286
0.0001037517499061863
7.738579592104866e-5
5.8861633192167546e-5
4.534428643728183e-5
3.535353032794678e-5
2.778523946542901e-5
2.2098257641462432e-5
1.7655639149500713e-5
1.4223918759748554e-5
1.1393107469275565e-5
9.050132782617429e-6
7.255139843839168e-6
5.7832209526220175e-6
4.647788804735619e-6
3.832049635776898e-6
3.172853847479214e-6
2.6655831968912802e-6
2.237160675168027e-6
1.7886919711636236e-6
1.417549858698414e-6
1.1510878584193388e-6
9.473778366365846e-7
7.721300607545349e-7
6.655470086855773e-7
6.255215074625957e-7
5.578787300248366e-7
4.696977112892039e-7
3.7677067884651057e-7
2.899477862359874e-7
2.334873812617638e-7
1.6112784359359658e-7
4.435018518556758e-8
-2.0802281800034077e-8
-3.1759654968259016e-8
-2.5665232356072464e-8
7.12225118968266e-9
6.766458449093426e-8
7.116714831308581e-8
1.9100220338584473e-8
-6.570079977999646e-8
-8.219698097106442e-8
-6.310493783820704e-8
-3.2922586374726096e-8
-8.795320935700055e-9
-1.2149064714898042e-8
8.894827898214886e-9
4.427222129304123e-8
2.882884021506894e-8
2.9698022084413784e-8
3.884746071690909e-8
5.225695753815762e-8
9.08986401464031e-8
1.0620345509029926e-7
1.2389608289103657e-7
1.418966262302443e-7
1.4844371807445881e-7
1.4267704395646534e-7
1.6530794343918282e-7
1.611203377473585e-7
1.5095764668036932e-7
1.1881848740205869e-7
8.099882901097191e-8
5.914998843656691e-8
4.560207386320429e-8
2.372449733686986e-8
-8.868427404712057e-10
-2.862386036015188e-8
-5.863193365995288e-8
-7.30340978838426e-8
-8.800504627945525e-8
-1.1474407115249847e-7
-1.3145830798561922e-7
-1.3652363049867494e-7
-1.315393662774833e-7
-1.1241373603156653e-7
-1.0368159510922694e-7
-1.0129536836977392e-7
-9.389002507546935e-8
-9.906237772938075e-8
-9.95009913148758e-8
-1.0943325852747772e-7
-1.0539209156596026e-7
-1.0164930292291323e-7
-9.69159193685287e-8
-8.70843906366966e-8
-8.222842382539337e-8
-7.163129035694169e-8
-5.7752511957756254e-8
-4.9773373851576606e-8
-4.4402620977841154e-8
-4.197304488388374e-8
-4.2463449961694734e-8
-4.0476596680395e-8
-4.0002751109269e-8
-4.231085148231711e-8
-4.657378751693725e-8
-4.977024098505443e-8
-4.709081948729571e-8
-4.843606075769965e-8
-4.445977005295943e-8
-4.0263240327298294e-8
-2.9770573919030736e-8
-2.5812449573525784e-8

# 0038_r0

1.0313119383188372
0.07865605709431851
0.014933145761208194
0.004207360827334357
0.0016692279339038242
0.0008327166360237012
0.0004796965550629964
0.0003032042446025644
0.00020429079398585044
0.0001443306447414699
0.00010566410022298549
7.942940484991709e-5
6.082487500152454e-5
4.723851786762608e-5
3.73279890458812e-5
2.9908720863839272e-5
2.415459543750789e-5
1.9696678241418106e-5
1.610596761082499e-5
1.3234056056610838e-5
1.089532254207874e-5
9.00644956358785e-6
7.46056101499455e-6
6.150449122905319e-6
5.084610463569631e-6
4.284322173364224e-6
3.596870327895607e-6
3.095163792838736e-6
2.6912022429599022e-6
2.3388446802046426e-6
1.99178107706061e-6
1.655241497549589e-6
1.365480848579075e-6
1.1764693037791742e-6
9.430802466665517e-7
7.67807588391308e-7
5.788924096327688e-7
3.887840378765043e-7
2.467716366173551e-7
1.596525324853822e-7
7.93839488769179e-8
-5.0839378448952305e-9
-3.601565635898443e-8
-7.007120896557971e-8
-1.4914281552230322e-7
-2.1994440499872676e-7
-2.2038575793909046e-7
-1.5322691819152645e-7
-8.691968459026186e-8
-2.092382897756282e-8
-5.162524047484399e-9
-3.2837485133652386e-8
-8.041187077937698e-8
-1.157392244589241e-7
-1.2009938510999166e-7
-1.3761579611412142e-7
-1.583014900541202e-7
-1.5722067249916247e-7
-1.5434914091348806e-7
-9.994734598655687e-8
-5.640848616980206e-8
1.9194808812509627e-8
8.471873805907885e-8
1.1284891830738091e-7
1.341427410519771e-7
1.2994841078629756e-7
9.886079247461024e-8
5.365500024160216e-8
3.493902819929081e-8
1.3978909048626196e-8
7.634404776684461e-9
4.093310325555018e-8
6.908104155741429e-8
6.222680981221508e-8
5.440874118191397e-8
5.04129212125753e-8
6.683959606689226e-8
8.330602950857322e-8
1.0246399999085662e-7
1.1012697648742515e-7
9.516094796966599e-8
7.95019156353728e-8
7.79577292508597e-8
7.654112139262382e-8
6.82692670898891e-8
6.179228060577896e-8
4.057152908116374e-8
2.9105494771861374e-8
2.408364195421837e-8
2.3236513385320703e-8
1.305932436365878e-8
-1.0023694479924429e-8
-1.6952148743236236e-8
-1.4806008463618916e-8
1.7360134079033068e-9
8.76284009560105e-9
8.764165706726343e-9
1.006187155675834e-8
1.5837957868280033e-8
2.0660076658953393e-8
2.9552740768520487e-8
2.527590681094554e-8
2.4349080701882663e-8
2.3303535584554658e-8
1.6619989791210213e-8
2.02421697136023e-8
1.8035292951016157e-8
2.1446050334209712e-8
3.054619145018992e-8
3.300802334003375e-8
3.831126424489371e-8
4.325282150010415e-8
5.2081184986182065e-8
