
# 0001_r0

0.0
-0.0009610471408426328
-0.0008722281654090778
-0.0008211144373658229
-0.000784365519550907
-0.000753322890756434
-0.0007255870501871202
-0.0006996339791632113
-0.0006751562282844083
-0.0006519727127627911
-0.0006297047142989398
-0.0006083823515498942
-0.0005878253148552962
-0.0005680230391524145
-0.0005488769868974079
-0.0005304613728376748
-0.0005127018426955998
-0.0004954936455076314
-0.0004789161885999352
-0.00046284374484142357
-0.0004473778731185027
-0.00043241422457630373
-0.0004179355127597579
-0.0004039238244872224
-0.0003904101903591402
-0.00037733398484205886
-0.00036466974082846485
-0.00035244478793329596
-0.00034061263469699815
-0.0003292053454979628
-0.00031813559814373196
-0.00030744624932220856
-0.0002971229513632053
-0.0002871139772660326
-0.00027744471138300736
-0.00026809373288641617
-0.00025905033499023264
-0.0002503161974962014
-0.00024185809114366373
-0.00023369506078016643
-0.00022578610694163644
-0.0002181459095632323
-0.00021071797584859035
-0.000203573198988535
-0.00019665228770055767
-0.00018996157498909284
-0.0001834886579650469
-0.00017722806744733575
-0.00017119009302583914
-0.0001653422995807026
-0.0001596586865702154
-0.0001541809601632747
-0.00014887027350738192
-0.00014372930301088344
-0.0001387731048929855
-0.00013395778399136023
-0.0001293007004798961
-0.0001247963215706462
-0.0001204308346986967
-0.00011620480770017793
-0.00011211497762963858
-0.00010815734705678616
-0.00010431353015555887
-0.00010059351485462308
-9.699505105726409e-5
-9.350470144950584e-5
-9.011327866707349e-5
-8.683981919391249e-5
-8.364843404683491e-5
-8.056262369262155e-5
-7.756797099978714e-5
-7.466274549191066e-5
-7.183423167742211e-5
-6.90971960076961e-5
-6.644257953166723e-5
-6.385685677082e-5
-6.135391218922272e-5
-5.890826701990939e-5
-5.653907638280769e-5
-5.422710136689249e-5
-5.1992120950960964e-5
-4.980347515391412e-5
-4.767758542002413e-5
-4.560367634099072e-5
-4.3579275470138166e-5
-4.160885758529751e-5
-3.968837247985503e-5
-3.7805823256073563e-5
-3.596761261540602e-5
-3.417748969596894e-5
-3.242209182706982e-5
-3.0705161117937925e-5
-2.9017808433405208e-5
-2.7368350686911696e-5
-2.57491403720366e-5
-2.416348873703482e-5
-2.2602126592558605e-5
-2.1066417835732364e-5
-1.9554243118314705e-5
-1.8064535048021383e-5
-1.6596437429000084e-5
-1.514664584465891e-5
-1.371696181369081e-5
-1.22987439446767e-5
-1.0898161348692153e-5
-9.508609353715096e-6
-8.131667761870117e-6
-6.7615757731319015e-6
-5.398955060248535e-6
-4.042439177378231e-6
-2.69259947262562e-6
-1.3455680852674204e-6
0.0

# 0002_r0

0.0
-0.000962024385435052
-0.0008730664858330314
-0.000822621856459379
-0.0007860448586043461
-0.0007552950052236457
-0.0007277188665129965
-0.0007020524390394396
-0.0006778455755013975
-0.0006547851746310419
-0.0006327289852700415
-0.0006115323395737724
-0.0005911776094956798
-0.0005714859222578683
-0.000552546021856137
-0.0005342637844003878
-0.0005165820004544816
-0.0004995147030993093
-0.00048294509380690395
-0.00046700525616662805
-0.0004515625357475175
-0.0004366330064752324
-0.00042218259398254555
-0.000408192752813728
-0.0003946729834406829
-0.0003816274696667538
-0.0003689490528423055
-0.00035670859335941956
-0.0003449069744882508
-0.00033342642334730584
-0.00032237240447478816
-0.00031163562699552857
-0.00030123590234889776
-0.00029120027377523325
-0.00028148267233216184
-0.00027209526505558477
-0.00026301635230790586
-0.00025421728472128403
-0.00024573148052754165
-0.00023749745187649944
-0.0002295122599685762
-0.00022179702470832225
-0.00021434889723653185
-0.00020713325007591646
-0.00020015707775214678
-0.00019340537947307686
-0.00018684540433979972
-0.00018051288070778334
-0.00017439439303127771
-0.00016846233381173804
-0.00016272022147975894
-0.00015716536642760022
-0.00015178919264369133
-0.00014657852730716158
-0.0001415481131867403
-0.00013666962419782487
-0.00013194519446490556
-0.00012737361845994945
-0.0001229399480311734
-0.00011864879732259824
-0.0001144880787256042
-0.00011046410259327657
-0.00010656514125901187
-0.00010278518192470161
-9.91120735210035e-5
-9.556828696150849e-5
-9.21272190213553e-5
-8.878478944825907e-5
-8.5551611935343e-5
-8.240993963575626e-5
-7.935742110193997e-5
-7.639833520924932e-5
-7.352599176930112e-5
-7.073812148162187e-5
-6.803194568850107e-5
-6.5392024211299e-5
-6.283478641198759e-5
-6.0345849242632555e-5
-5.792053515492627e-5
-5.556814587913173e-5
-5.327682201444658e-5
-5.104421498169108e-5
-4.8863810129879606e-5
-4.6745995919101596e-5
-4.467796234348555e-5
-4.265823535425194e-5
-4.069283283895143e-5
-3.876476247054635e-5
-3.6889838615404996e-5
-3.50494990256076e-5
-3.324956687138611e-5
-3.149206065005927e-5
-2.9769624310295266e-5
-2.8069732637370206e-5
-2.6418989458513587e-5
-2.4788112096862832e-5
-2.3191156371147454e-5
-2.1616141394754077e-5
-2.0067017503004067e-5
-1.8542067989027863e-5
-1.7030813072136912e-5
-1.5546655787281422e-5
-1.4076924085746598e-5
-1.2624161354569622e-5
-1.1185268756225974e-5
-9.760318205748309e-6
-8.349786911122471e-6
-6.939554742259712e-6
-5.539823851371418e-6
-4.151602156896851e-6
-2.7672239047217625e-6
-1.3838712201503147e-6
0.0

# 0003_r0

0.0
-0.0009713717117050066
-0.0008827411334893229
-0.000831925280945227
-0.0007948849568706337
-0.000763772363232453
-0.0007358334508956142
-0.0007098425295753304
-0.0006853220212512704
-0.0006619594854281343
-0.0006396045124520421
-0.0006181133253034865
-0.0005974225886194167
-0.0005774662806585032
-0.000558269787200903
-0.0005396902806494396
-0.000521774084340775
-0.0005045173009652696
-0.00048774916784402643
-0.0004715696484328435
-0.0004559854991259663
-0.00044084281370492
-0.00042621559454923675
-0.00041210808719594963
-0.0003984297724320627
-0.000385218663611643
-0.0003724700709915512
-0.0003600875917416095
-0.0003481488907045868
-0.00033657324303484676
-0.00032540425374138343
-0.00031460097221492706
-0.00030412350213236396
-0.0002940133140175491
-0.00028419938951890054
-0.00027473441169478964
-0.00026555207520070385
-0.0002567061192277913
-0.00024813356359766847
-0.0002398329621769288
-0.0002318062335365302
-0.00022403305308385388
-0.00021651168869322532
-0.00020923373162449595
-0.0002021835336187601
-0.00019536677569209233
-0.00018876328615605653
-0.00018238682557078376
-0.0001762127486282473
-0.00017021933424965954
-0.00016444350273178213
-0.00015883760196029297
-0.00015340064019501404
-0.00014813883411468596
-0.00014304720123555517
-0.00013811958872006586
-0.00013335115858953127
-0.00012872699219072909
-0.0001242537025644121
-0.0001199212046551131
-0.00011572346037935798
-0.00011164872855773596
-0.00010771029243333431
-0.0001038962986737822
-0.00010018557741609129
-9.659591151006132e-5
-9.312010472503044e-5
-8.974388641113304e-5
-8.647033946358478e-5
-8.329314615183536e-5
-8.020459770692376e-5
-7.720702421670481e-5
-7.431137461629088e-5
-7.148168014049979e-5
-6.874106941911836e-5
-6.607801393818108e-5
-6.349008967625659e-5
-6.0979554986175424e-5
-5.8532336195498105e-5
-5.614534310535631e-5
-5.383084218907897e-5
-5.156910968939731e-5
-4.936542419590673e-5
-4.722921731461771e-5
-4.513751589748805e-5
-4.310226855555508e-5
-4.111313765372604e-5
-3.917015957697986e-5
-3.72728655176932e-5
-3.5418518777052124e-5
-3.360336458916119e-5
-3.182548460983386e-5
-3.008258582590311e-5
-2.8370287160605605e-5
-2.6704736496323106e-5
-2.505591948165686e-5
-2.3440601421413054e-5
-2.1849164914196367e-5
-2.0282104078500023e-5
-1.8736941820218726e-5
-1.7217913426891997e-5
-1.571626065328291e-5
-1.4228045770756891e-5
-1.2762014083401175e-5
-1.1304471301114911e-5
-9.864417603095192e-6
-8.433821300595753e-6
-7.011846149965676e-6
-5.601706273772653e-6
-4.196269665362623e-6
-2.7933602077042257e-6
-1.3969404098424288e-6
0.0

# 0004_r0

0.0
-0.000967979743917541
-0.0008794122700644493
-0.0008284182556819276
-0.0007916485564592793
-0.0007605618723944413
-0.0007327045081259113
-0.0007067455130517349
-0.000682237561264015
-0.0006589175871814085
-0.00063655715946971
-0.0006151498608673725
-0.0005945294636660579
-0.0005746578552069732
-0.0005555318325598151
-0.0005369832938384823
-0.0005191280907724248
-0.0005018607944321472
-0.00048516150810365926
-0.0004690433760810942
-0.000453460854581071
-0.0004384240348591282
-0.0004238733940168538
-0.0004097655826235373
-0.0003961374888200993
-0.0003829855290227586
-0.0003702418331874427
-0.0003579339134487952
-0.00034603405093253174
-0.00033452875479328203
-0.00032339999533331315
-0.0003126245929784813
-0.00030223425858415563
-0.00029216375349236736
-0.00028237127488938443
-0.00027296909358445434
-0.0002638394413739902
-0.000255005194817986
-0.0002464948432044437
-0.00023824094533037393
-0.00023025209673246933
-0.00022254039026080183
-0.00021505837324386332
-0.0002078185981897456
-0.0002008186469524814
-0.0001940442790950174
-0.00018748133725291174
-0.00018113078444530783
-0.00017501202443489158
-0.0001690567422814807
-0.00016330965623843468
-0.00015773488690760064
-0.00015235552124824844
-0.00014712558639356726
-0.00014208446375124566
-0.000137187768063837
-0.0001324566456345268
-0.0001278754160591493
-0.00012344505666033115
-0.00011914911301330693
-0.00011497521993924905
-0.00011094356542555083
-0.00010703117684594402
-0.00010324154432936046
-9.957055204555303e-5
-9.600683927556513e-5
-9.255783288441388e-5
-8.921092414136915e-5
-8.595673701264882e-5
-8.2804514594882e-5
-7.974781019900509e-5
-7.677776825447052e-5
-7.390231299066192e-5
-7.109584708641618e-5
-6.838029285586015e-5
-6.573665530082873e-5
-6.317166376196676e-5
-6.0675844477224034e-5
-5.823938006097309e-5
-5.587887151013554e-5
-5.357474658101365e-5
-5.13314092401631e-5
-4.9145455360226744e-5
-4.701491919189932e-5
-4.493920443532426e-5
-4.291233530327205e-5
-4.093488706974095e-5
-3.899993645982842e-5
-3.711434951548532e-5
-3.526722398905642e-5
-3.3456580529743736e-5
-3.16876258750853e-5
-2.9950848479243936e-5
-2.8251351910686587e-5
-2.6585169517159255e-5
-2.494693834384192e-5
-2.3335329895028107e-5
-2.175309880168085e-5
-2.0190373945522206e-5
-1.865790552237474e-5
-1.7142791621428903e-5
-1.5645631813168004e-5
-1.416875619742607e-5
-1.270713831517846e-5
-1.1257198181613646e-5
-9.82124783620762e-6
-8.399916408743827e-6
-6.984544711366013e-6
-5.5798197444256976e-6
-4.177027400983209e-6
-2.783277007581881e-6
-1.3892427813455423e-6
0.0

# 0005_r0

0.0
-0.0009519989221770177
-0.0008633896105262441
-0.0008131853569937782
-0.0007768497725701817
-0.0007463959847295318
-0.0007189469092924956
-0.0006935872595151049
-0.0006696199365322471
-0.0006467457375188758
-0.0006249313082084576
-0.0006039513617435238
-0.0005838304081963546
-0.0005644248330466671
-0.0005456655402537193
-0.0005276051719670485
-0.0005101869624169977
-0.0004933306886712564
-0.0004770185923777193
-0.0004612818948830565
-0.0004460927326466448
-0.0004313683381382185
-0.00041716046719885244
-0.0004034442908585984
-0.0003901732831586981
-0.000377287994958125
-0.00036486126645159117
-0.0003527964274793272
-0.00034119696154568063
-0.0003299583999425766
-0.0003190730123871362
-0.00030852339373594744
-0.00029832582309175177
-0.00028845977487580607
-0.00027892444312941744
-0.0002696982828068976
-0.0002607876398969106
-0.00025214044787210364
-0.0002437710259301398
-0.00023567957294800003
-0.0002278429472864827
-0.00022026519589540732
-0.00021292579107835404
-0.00020581879156295933
-0.0001989513514859184
-0.00019229831617624432
-0.00018586126162507547
-0.0001796122808470965
-0.00017358509068761166
-0.00016773677145370708
-0.00016206833016094117
-0.00015658782055422905
-0.00015127563991385474
-0.00014612582412522356
-0.00014114833501301054
-0.000136308277876146
-0.00013164835576706067
-0.00012712239178853455
-0.00012273498527819125
-0.000118472148271836
-0.00011435973262614455
-0.00011035673906760895
-0.00010649397220554916
-0.00010274202555210516
-9.909780890285745e-5
-9.557124843035914e-5
-9.215256123898004e-5
-8.883465597701051e-5
-8.561003973810624e-5
-8.248302035867693e-5
-7.94497404531829e-5
-7.65058420243071e-5
-7.363939724523346e-5
-7.086229874543129e-5
-6.816405881290518e-5
-6.553465503605366e-5
-6.29746720066174e-5
-6.049597803534281e-5
-5.807825027292566e-5
-5.572103445218261e-5
-5.343670574352482e-5
-5.120239613174547e-5
-4.902835576711367e-5
-4.690621420231696e-5
-4.483589992443537e-5
-4.282224173810135e-5
-4.0854277352962976e-5
-3.8926494719335986e-5
-3.7040055830851455e-5
-3.5204056957976296e-5
-3.340076351676101e-5
-3.163759297068496e-5
-2.991256812470711e-5
-2.8211853364577155e-5
-2.6548641811286646e-5
-2.4915455653263687e-5
-2.330729269565314e-5
-2.1730132205431448e-5
-2.0172304503829896e-5
-1.8642222626946614e-5
-1.7124845769964078e-5
-1.563341341986075e-5
-1.4156379947748597e-5
-1.2697446209196644e-5
-1.1247725867321322e-5
-9.817170952232563e-6
-8.393145183980729e-6
-6.980160061108988e-6
-5.577738213297676e-6
-4.1779229937278555e-6
-2.781973618621394e-6
-1.389370767051885e-6
0.0

# 0006_r0

0.0
-0.0009609840109840554
-0.0008721414367269046
-0.0008214231555486006
-0.0007846758335925761
-0.0007539595912548061
-0.0007262025367410467
-0.0007004712296448265
-0.000676219976481855
-0.0006531138033046001
-0.0006309515659585164
-0.0006096918597733447
-0.0005893122852662305
-0.0005696624639859412
-0.0005506117831389326
-0.0005322887318361672
-0.0005145643338350556
-0.0004974642301974937
-0.00048093542885862384
-0.0004649876007672416
-0.00044951319916071897
-0.00043462458947093283
-0.0004201870207923666
-0.0004062285379454016
-0.00039277690419570915
-0.0003797262084026628
-0.0003671459553115566
-0.0003549553853700256
-0.0003431658665377547
-0.0003317635495802317
-0.000320732852406917
-0.000310100120905871
-0.000299775395117998
-0.0002898308578048022
-0.00028017531965004967
-0.0002708390281899038
-0.0002618266833674972
-0.0002530967735312375
-0.00024465410687506736
-0.00023649592600226863
-0.00022860719864770248
-0.00022097339916470594
-0.0002135581338776118
-0.00020642401795312407
-0.00019951963999656494
-0.00019280725447788657
-0.0001863534866557983
-0.00018008081577343708
-0.00017401605677327627
-0.00016811585318399363
-0.00016244724768832086
-0.00015693060156284964
-0.00015159240202534035
-0.00014643607095994428
-0.00014143639253118666
-0.0001365879006108869
-0.00013190630889409498
-0.00012737099136976901
-0.00012295531820424166
-0.0001186967711258408
-0.00011456619880492284
-0.00011055938038878999
-0.00010667652018144347
-0.00010292902331761878
-9.927820710583202e-5
-9.574799530972471e-5
-9.231200346728614e-5
-8.898096150730676e-5
-8.575044597011598e-5
-8.262004680348767e-5
-7.957237764229533e-5
-7.66169184294852e-5
-7.374986072789139e-5
-7.095710677489815e-5
-6.82489592873441e-5
-6.56165872072479e-5
-6.306321334889504e-5
-6.057376695254126e-5
-5.815167091372229e-5
-5.5795739499094796e-5
-5.350337167967785e-5
-5.126368179460522e-5
-4.908937036156551e-5
-4.696023013404069e-5
-4.4894427677928886e-5
-4.287229019047854e-5
-4.0897187996461035e-5
-3.897354895868791e-5
-3.7089752003123296e-5
-3.52514616738924e-5
-3.3446659615699414e-5
-3.1683218479041677e-5
-2.9953985414560676e-5
-2.825950159662277e-5
-2.6590459035505592e-5
-2.49586920833032e-5
-2.3348222890582053e-5
-2.1768770059076366e-5
-2.0211944509139523e-5
-1.867291835962488e-5
-1.7159383178870452e-5
-1.566319956307353e-5
-1.418598134905343e-5
-1.2723023238717665e-5
-1.1275003551790607e-5
-9.836134595850385e-6
-8.410329200551021e-6
-6.9946993484637665e-6
-5.587688510637756e-6
-4.181397958692267e-6
-2.786617813184133e-6
-1.3914691723235542e-6
0.0

# 0007_r0

0.0
-0.000963622057840733
-0.0008747020430975558
-0.0008239818530701938
-0.000787386484625568
-0.0007564860399201235
-0.0007288381367041786
-0.0007030492223614451
-0.0006788200106671684
-0.0006557077323069372
-0.0006335153317035215
-0.0006122825766043715
-0.0005918300323563831
-0.000572072224744784
-0.0005530214298983218
-0.0005346337737355947
-0.0005169232564823859
-0.00049970675635918
-0.000483150882524279
-0.00046714210077885237
-0.00045168646034466134
-0.0004367113394308734
-0.00042226634954900413
-0.00040826732527251934
-0.0003947711880082287
-0.0003817138094937029
-0.00036906331681729884
-0.00035686173887015786
-0.00034503904004263284
-0.00033364749411110794
-0.0003225912660363753
-0.00031189194372496017
-0.00030154567492813596
-0.00029154639677969173
-0.00028190160132357474
-0.000272552471134024
-0.0002634730206589657
-0.0002547077425049401
-0.00024623933551119325
-0.00023804330062025754
-0.0002300977240406569
-0.0002224173366186513
-0.0002149981824570287
-0.00020780640995688256
-0.00020083806191585222
-0.00019411402037628243
-0.00018759761411879302
-0.00018129142572247193
-0.0001751829922411789
-0.00016927703539441392
-0.00016356514657643402
-0.00015801753497966543
-0.00015265664730410998
-0.00014746294306771174
-0.00014242823210206456
-0.00013755870693765251
-0.00013284059412845727
-0.00012827034792277652
-0.00012384719586797829
-0.00011954927098412498
-0.00011540472032773552
-0.0001113762812225245
-0.00010746840874090416
-0.00010368761973215477
-0.0001000216439614699
-9.645769948034657e-5
-9.302495431374537e-5
-8.967338527473529e-5
-8.64217059325591e-5
-8.326878146553637e-5
-8.020473126535706e-5
-7.723470108643908e-5
-7.434924663465286e-5
-7.15497833368287e-5
-6.882358669608489e-5
-6.617226506695913e-5
-6.359623929808015e-5
-6.109358408851821e-5
-5.865340581789077e-5
-5.628347218068814e-5
-5.39729184503974e-5
-5.172193830701119e-5
-4.9528470724474066e-5
-4.73864094700642e-5
-4.529433506694377e-5
-4.32638801900699e-5
-4.127057793438734e-5
-3.9328719104609504e-5
-3.742665813420002e-5
-3.55654222286608e-5
-3.375232851944956e-5
-3.196649240535921e-5
-3.0221306657755596e-5
-2.8506908466885748e-5
-2.6827942549002974e-5
-2.5179595754499885e-5
-2.35541815308558e-5
-2.19553822841869e-5
-2.0388399362447926e-5
-1.8840064672291454e-5
-1.7310070115443405e-5
-1.5806403768713845e-5
-1.4314187072204977e-5
-1.2834794802896821e-5
-1.1375710554055976e-5
-9.926463165630189e-6
-8.485827796659613e-6
-7.058282238897249e-6
-5.635008558172802e-6
-4.223327541828402e-6
-2.8123893917044834e-6
-1.403770112794796e-6
0.0

# 0008_r0

0.0
-0.0009551471767102421
-0.000866197082416159
-0.0008152805632867173
-0.0007786208777315822
-0.0007477407657590995
-0.000720024333009226
-0.0006942729806045225
-0.0006699125989337957
-0.0006467860782936709
-0.0006246567753814098
-0.0006034136962034786
-0.0005829551568952684
-0.0005632485191078476
-0.0005442406544527715
-0.0005259208553671164
-0.0005082571018285509
-0.000491111325383381
-0.00047461416885042533
-0.000458674974567373
-0.0004432841117921811
-0.00042840778936620007
-0.0004140419069044422
-0.0004001366313023158
-0.0003867297052346309
-0.00037374363678785823
-0.00036119058673081704
-0.0003490781544025358
-0.000337387690474296
-0.00032604872806225654
-0.0003151151279409463
-0.0003045435819867627
-0.00029432460435052074
-0.00028442782211711773
-0.0002748652753372151
-0.0002656275778837528
-0.00025671911178851934
-0.0002480464181755574
-0.0002396997386799671
-0.00023160319335754467
-0.00022379328792811575
-0.000216236101740165
-0.0002089246426843932
-0.00020187308476156166
-0.00019501505602606773
-0.00018839464334231685
-0.00018199317211776495
-0.00017579803984831642
-0.00016981411350624093
-0.00016401634018632495
-0.00015840880865266167
-0.0001529790404462583
-0.0001477201011886638
-0.00014263637330805525
-0.00013772307804503985
-0.0001329555876963583
-0.00012834187874750537
-0.0001238837263589164
-0.00011955360235885625
-0.00011537379485407241
-0.00011132743951177482
-0.00010739475145189602
-0.00010359316693616152
-9.991085084168141e-5
-9.634004781300806e-5
-9.28765019847193e-5
-8.952118022531141e-5
-8.627614459283297e-5
-8.312194996157555e-5
-8.005779402655474e-5
-7.708974472161298e-5
-7.420685571572511e-5
-7.141192636091578e-5
-6.869576247540336e-5
-6.605496942508082e-5
-6.349491760708728e-5
-6.100420135507419e-5
-5.8583520355300086e-5
-5.622377804668082e-5
-5.393113138388443e-5
-5.170153600479532e-5
-4.9528524569611027e-5
-4.7415590011149054e-5
-4.535091707607134e-5
-4.333934410556953e-5
-4.138234119763392e-5
-3.946639256613483e-5
-3.7601034623798445e-5
-3.577423152870692e-5
-3.399120526723028e-5
-3.2243350545889844e-5
-3.053431097706751e-5
-2.88634812698264e-5
-2.7225056155053912e-5
-2.561165886996664e-5
-2.4032374906145953e-5
-2.2480388343292116e-5
-2.095195863261895e-5
-1.9452412953181212e-5
-1.7970680365292482e-5
-1.651543439045686e-5
-1.5072050456735602e-5
-1.3644881940264144e-5
-1.2235929391320543e-5
-1.0842044304629239e-5
-9.462224070834085e-6
-8.089001059590609e-6
-6.7256358997450116e-6
-5.371023118393612e-6
-4.024011070162656e-6
-2.68015897171496e-6
-1.3380785203256646e-6
0.0

# 0009_r0

0.0
-0.0009505126514778595
-0.0008616207662457332
-0.0008108289697368312
-0.000774168731370831
-0.0007433694577310687
-0.0007157539286898556
-0.0006899603951502619
-0.000665772617377673
-0.000642616632787738
-0.0006205441823547538
-0.000599381788556703
-0.0005789836210270795
-0.0005593867578184904
-0.000540461708745396
-0.0005222013547548631
-0.0005046128540051625
-0.0004875821596101925
-0.0004712198912382854
-0.00045532393992676374
-0.0004400365881968766
-0.00042523652231829317
-0.00041092215392894444
-0.0003971216950095625
-0.00038378900988359085
-0.00037091293511082914
-0.00035842028732240987
-0.0003463630888055037
-0.0003347299665126028
-0.0003234515552712
-0.00031255352508834826
-0.0003020210487572164
-0.0002918801678602046
-0.00028206064374111705
-0.0002725561385422578
-0.00026333705549972693
-0.000254456388960965
-0.00024586345304742377
-0.000237554251150018
-0.00022952001716358762
-0.00022175170581180861
-0.00021425910547977531
-0.0002069857452083912
-0.0001999753735794376
-0.00019318482994406613
-0.00018660462907753607
-0.0001802535984700075
-0.00017411734229231534
-0.00016817794920226246
-0.0001624194162673673
-0.00015685379005765917
-0.00015145422618329462
-0.0001462584056877466
-0.00014120793520416985
-0.00013633278292792501
-0.00013161175920636624
-0.000127039742866337
-0.00012260422516749536
-0.00011832191985412936
-0.00011417258557499155
-0.00011016146071645467
-0.00010626964215660333
-0.00010249975358571394
-9.885716899394261e-5
-9.531081771279143e-5
-9.188360102641141e-5
-8.856045957699657e-5
-8.533406531096656e-5
-8.220860180611423e-5
-7.918156470662293e-5
-7.623938735520677e-5
-7.339723482030444e-5
-7.062472007997645e-5
-6.794087235390538e-5
-6.532651851838988e-5
-6.279199541477475e-5
-6.032351110278485e-5
-5.793210958806732e-5
-5.560429839384989e-5
-5.334230032091748e-5
-5.1133260143108233e-5
-4.8990852634429284e-5
-4.689835293331118e-5
-4.486558265963859e-5
-4.288096073982074e-5
-4.094214205228106e-5
-3.905071493259954e-5
-3.720369460551409e-5
-3.5404505468613406e-5
-3.363699109596989e-5
-3.1918836137691564e-5
-3.0225168577694128e-5
-2.8571663758566707e-5
-2.6951786714595084e-5
-2.535951428128168e-5
-2.3796412726877205e-5
-2.2259777447981835e-5
-2.0752053841777103e-5
-1.926239177748085e-5
-1.7796248520777478e-5
-1.635414519470306e-5
-1.4931416282388084e-5
-1.3518704985051907e-5
-1.212143169176597e-5
-1.0743370239354967e-5
-9.37243434335499e-6
-8.012602265064743e-6
-6.664487931549253e-6
-5.32117200832062e-6
-3.988141509772619e-6
-2.6550567080411487e-6
-1.3267273810515033e-6
0.0

# 0010_r0

0.0
-0.0009639520480787535
-0.0008752184423413995
-0.0008243741780781655
-0.0007875932527930666
-0.0007566534972177968
-0.0007288020758399172
-0.0007028951712448173
-0.0006784701565626822
-0.0006552216805391964
-0.0006329365869528312
-0.0006116016215794276
-0.0005910235393662023
-0.0005712152719376456
-0.0005520990392078042
-0.0005336360353023516
-0.0005158554190104254
-0.000498604937097009
-0.00048193111884798045
-0.00046589393160085055
-0.0004504243314333315
-0.0004353566237011463
-0.00042084465268461244
-0.00040683105229975033
-0.00039326862181922215
-0.0003801832935033718
-0.00036753297744047557
-0.0003552536647462943
-0.0003434107666640715
-0.00033197029608265965
-0.00032089495889689343
-0.00031017663704188816
-0.0002998011133520803
-0.00028976346675390767
-0.00028009570231769067
-0.0002706971358656704
-0.0002616237884931384
-0.00025285628104849717
-0.00024435611857825197
-0.00023616252731425728
-0.00022821057167078643
-0.00022052703147931464
-0.00021308635108476187
-0.000205884290830509
-0.0001989363102112467
-0.00019219344024752478
-0.0001856576179737514
-0.00017935310557039028
-0.00017326630879205054
-0.00016735354763039133
-0.00016161735160749138
-0.00015608294252589735
-0.00015071973411147273
-0.00014553549044231986
-0.0001405274154414847
-0.00013565263165215468
-0.00013095816619035076
-0.00012640660759250408
-0.00012199634536524705
-0.00011771838316840113
-0.00011356890440672773
-0.00010956608980807715
-0.00010567360832456641
-0.0001019192878942803
-9.827296887251429e-5
-9.47349143872868e-5
-9.131190794876497e-5
-8.797929695395491e-5
-8.475957051552525e-5
-8.164870175694681e-5
-7.861241120439078e-5
-7.566896156133821e-5
-7.281742005244818e-5
-7.003870896224635e-5
-6.73483329580101e-5
-6.473396679127512e-5
-6.21902799724535e-5
-5.9721293036268224e-5
-5.732255866401308e-5
-5.4988637353882016e-5
-5.271350684764641e-5
-5.0504182827300645e-5
-4.83479659249391e-5
-4.624893974826134e-5
-4.420412207779337e-5
-4.220620182650042e-5
-4.0262977190154297e-5
-3.835795998191278e-5
-3.649957774273315e-5
-3.468021315105909e-5
-3.2902102907906003e-5
-3.116481918491905e-5
-2.9457549500908388e-5
-2.7787726389056317e-5
-2.6146025045675013e-5
-2.453703019545173e-5
-2.29525507976506e-5
-2.1397594681926995e-5
-1.986614871160966e-5
-1.8353557695801292e-5
-1.686154928472297e-5
-1.5393972667182132e-5
-1.3941297877200463e-5
-1.2502191811581651e-5
-1.1078899360789048e-5
-9.667573268935917e-6
-8.266672519035283e-6
-6.874471326866205e-6
-5.492138147128031e-6
-4.113883407214326e-6
-2.740124841525235e-6
-1.3688252066867367e-6
0.0

# 0011_r0

0.0
-0.0009700858168072599
-0.0008811725179035157
-0.0008301959571134384
-0.0007932726037407019
-0.0007621973124441022
-0.000734157137727581
-0.0007080831870575638
-0.000683552460336607
-0.0006602055810940369
-0.0006377482011928623
-0.0006162958500828564
-0.0005956501956150203
-0.0005756485548172919
-0.0005564547644979573
-0.0005379194291658519
-0.0005200425701966123
-0.0005027787529270131
-0.0004860814339591193
-0.000469931229209328
-0.00045432798226577575
-0.000439217869924403
-0.00042464118812052595
-0.00041051935822210425
-0.0003968743605309184
-0.0003837023542793757
-0.00037096768126453625
-0.0003586576686799477
-0.0003467245529343003
-0.00033517742116061634
-0.0003240123685501334
-0.0003132523272027628
-0.0003028062673179377
-0.0002927204079637537
-0.00028293903455558534
-0.00027349697345177164
-0.0002643554974563588
-0.0002555018517466679
-0.00024695783998010307
-0.00023869300468322795
-0.0002307023167150907
-0.00022293419454107424
-0.0002154597627629737
-0.00020820198039186636
-0.00020120166644722821
-0.00019439372343386596
-0.0001878399390110803
-0.000181494859027662
-0.00017535026477881116
-0.00016940103817857625
-0.00016363405062551096
-0.00015806623253701734
-0.0001526761117663326
-0.00014745312208381105
-0.00014240601482127702
-0.0001374972380089609
-0.00013274912712476624
-0.00012815863928877715
-0.0001237202119976526
-0.0001194027684074891
-0.00011523037825665574
-0.00011118802270175285
-0.00010726360777412812
-0.00010345857824995512
-9.976775914247292e-5
-9.619455137517255e-5
-9.272725907348251e-5
-8.936129336182898e-5
-8.609749794137014e-5
-8.294065913850242e-5
-7.98608405316975e-5
-7.688490367449212e-5
-7.398565534463227e-5
-7.117575746531815e-5
-6.845375687048144e-5
-6.579522306807499e-5
-6.322004700822283e-5
-6.0717355572544907e-5
-5.828398721863311e-5
-5.5913871931879344e-5
-5.3602712775540765e-5
-5.135712255995192e-5
-4.9168914512896564e-5
-4.703310974740064e-5
-4.49574564282041e-5
-4.292986838491047e-5
-4.094536524068143e-5
-3.901124251694782e-5
-3.712470344943225e-5
-3.527548619683544e-5
-3.346466540849599e-5
-3.169406179119807e-5
-2.99618438844759e-5
-2.825949427149264e-5
-2.658666511009422e-5
-2.4949431545607572e-5
-2.3339712126872195e-5
-2.1752536247431803e-5
-2.0192601004651525e-5
-1.865827215878746e-5
-1.714355954412965e-5
-1.5645005856903314e-5
-1.4164237630323468e-5
-1.2702391258587234e-5
-1.1256685833945093e-5
-9.818085859296232e-6
-8.399534124263058e-6
-6.9851494663027685e-6
-5.577962756899899e-6
-4.178225098941859e-6
-2.7832050304080765e-6
-1.3885820068589482e-6
0.0

# 0012_r0

0.0
-0.0009733767865495226
-0.000884387755239569
-0.0008333453329219283
-0.0007962702998692896
-0.0007650920534255022
-0.0007370399593391154
-0.0007108400990307609
-0.0006861966106872904
-0.0006627920833273483
-0.0006403214141422945
-0.0006187347719801532
-0.0005979401513012123
-0.0005779082779921831
-0.0005586150941655167
-0.0005399754568681609
-0.0005219953430154915
-0.000504612932539165
-0.00048781493776371715
-0.0004715977522276581
-0.00045590134858283305
-0.000440753909657259
-0.00042611016537146966
-0.00041193862271905485
-0.0003982386908399457
-0.0003849825424102447
-0.00037216031606755365
-0.00035976056580454377
-0.0003478065913424294
-0.00033622423419411927
-0.00032500937719759734
-0.0003141794367663208
-0.00030369008218593494
-0.0002935779086882465
-0.0002837610725254317
-0.00027428732724430203
-0.0002651361290012419
-0.000256232302360347
-0.0002476560916773135
-0.00023935721848499943
-0.00023132773414379966
-0.0002235703163113885
-0.00021606093460433597
-0.00020878609404494745
-0.00020174723843226526
-0.00019494474892819294
-0.0001883672653335587
-0.00018197633757570774
-0.00017583237852471443
-0.00016987478776994206
-0.0001641147690573063
-0.00015852258327756237
-0.00015312057206414177
-0.00014788657797656026
-0.0001428221043511901
-0.0001379179279496265
-0.00013316870626826403
-0.00012857609124570862
-0.00012412953845527898
-0.00011982182066690408
-0.00011564873014694657
-0.00011159885514540681
-0.00010766941504599034
-0.00010386692710546207
-0.0001001878989663243
-9.663040509230555e-5
-9.316311568796773e-5
-8.979609528691535e-5
-8.653847106388143e-5
-8.338083286037378e-5
-8.031177200436473e-5
-7.73358099090847e-5
-7.443763152376071e-5
-7.162769026629311e-5
-6.890182688037616e-5
-6.624464813293713e-5
-6.366680704719078e-5
-6.115826378597874e-5
-5.87168876068197e-5
-5.6342956378850385e-5
-5.4023484063950816e-5
-5.177460422633795e-5
-4.9580051557518694e-5
-4.7443611981339526e-5
-4.535426259512998e-5
-4.331872513479818e-5
-4.1329128666532415e-5
-3.938413758961961e-5
-3.748381474928445e-5
-3.562733507388073e-5
-3.381122299819423e-5
-3.203119353250851e-5
-3.028310890269336e-5
-2.8570434037164102e-5
-2.6891529671776373e-5
-2.5241101191405174e-5
-2.3616486399178058e-5
-2.201983227828754e-5
-2.044594791972503e-5
-1.8898248556721047e-5
-1.7365267574252744e-5
-1.5852902338445066e-5
-1.435757094997714e-5
-1.2875493903526248e-5
-1.1410393314856113e-5
-9.955470781665488e-6
-8.514381332170039e-6
-7.082273431269077e-6
-5.656503528698958e-6
-4.234560499192251e-6
-2.8221362523898345e-6
-1.4088698777086717e-6
0.0

# 0013_r0

0.0
-0.0009810887949076607
-0.0008920689838002343
-0.0008406845488221236
-0.0008033808519638649
-0.000771781402603479
-0.0007433338596967806
-0.0007169371605207927
-0.0006919983555307592
-0.0006682094602496229
-0.0006454400225066843
-0.0006235274531363441
-0.0006025213133155747
-0.0005822455632371839
-0.0005626683909840125
-0.0005438245085748688
-0.0005255965636616151
-0.0005079562291984801
-0.0004909632037261382
-0.0004745452702083612
-0.00045866083681764345
-0.0004433246522556129
-0.0004284826452228182
-0.0004141390952577972
-0.0004002746269176964
-0.00038688422391291104
-0.00037392178556261
-0.00036136960078617727
-0.00034925755864768926
-0.0003375421210708944
-0.0003261867707348853
-0.00031522640945963774
-0.00030463899931762836
-0.00029439894925566346
-0.0002844832307441352
-0.0002749289991230391
-0.0002656680705479842
-0.00025671166554848613
-0.0002480403940478477
-0.0002396661323313297
-0.0002315769290960687
-0.00022373388714703405
-0.00021616158657540035
-0.00020881339139432455
-0.00020172283627048352
-0.00019485646292599404
-0.0001882280721230291
-0.0001818049599629749
-0.0001756046773742821
-0.00016960360804545624
-0.00016378724851333422
-0.00015814663020505786
-0.0001527267783769957
-0.0001474612608832393
-0.00014236399949084033
-0.00013742930263344614
-0.00013265256464609093
-0.00012802267387581142
-0.00012355083725276147
-0.00011921118188972825
-0.00011500950113949803
-0.00011093921059524022
-0.00010699632331686569
-0.00010317175770861032
-9.947673193760308e-5
-9.587733622811122e-5
-9.240353602873761e-5
-8.902400405206914e-5
-8.575356074687236e-5
-8.257575719096442e-5
-7.949581149236813e-5
-7.65166002352754e-5
-7.361033711983867e-5
-7.080423786508318e-5
-6.807578957936565e-5
-6.541968701163324e-5
-6.283732338532566e-5
-6.034464483222147e-5
-5.790690882114689e-5
-5.5542624459196264e-5
-5.323815783758961e-5
-5.099248845849988e-5
-4.880518582645874e-5
-4.6684001742523845e-5
-4.4615838937734887e-5
-4.25925269646608e-5
-4.0618945168741196e-5
-3.87023604319959e-5
-3.681526977070343e-5
-3.498172045366813e-5
-3.318226182982607e-5
-3.142457938753855e-5
-2.970535361868962e-5
-2.801565677332867e-5
-2.6357558313504985e-5
-2.4729397212455246e-5
-2.3134791429805296e-5
-2.156282892055404e-5
-2.001384164523989e-5
-1.8490118664682844e-5
-1.6986871820534395e-5
-1.55045926297628e-5
-1.4040706096508592e-5
-1.2589459144243697e-5
-1.1153338910904511e-5
-9.731180872855598e-6
-8.321506271932706e-6
-6.921299447744902e-6
-5.525849324003252e-6
-4.136466816941859e-6
-2.753887611779724e-6
-1.3784549653809897e-6
0.0

# 0014_r0

0.0
-0.0009534311741714831
-0.0008647429967952528
-0.0008141767489928408
-0.0007774897578298839
-0.0007468391309940842
-0.0007191582923209741
-0.0006935756799855936
-0.0006693748343409214
-0.0006463109349269579
-0.0006243792405964934
-0.0006032206010501782
-0.0005828636274243602
-0.0005632235953852789
-0.0005443699327785278
-0.0005261617614167604
-0.0005085573101451648
-0.0004915573138822966
-0.0004750967766699621
-0.0004591927272373521
-0.0004438786559185697
-0.0004290750280911701
-0.00041473071528929804
-0.00040086510569608186
-0.0003874885045697247
-0.0003745497648435179
-0.00036205019760314044
-0.00034995757119813325
-0.0003382232959870755
-0.00032691686216926877
-0.00031596319662668753
-0.0003053945101327647
-0.0002951409801137396
-0.0002852585369751885
-0.0002757042978844705
-0.0002664587153883171
-0.0002575244583002855
-0.0002488596748744361
-0.0002404968259417915
-0.0002323968312249209
-0.00022457117156809132
-0.00021700496770727892
-0.00020967486377499473
-0.00020261116930857332
-0.0001957489122171105
-0.00018911873861907823
-0.00018270863997548156
-0.00017649213622739126
-0.0001705026127178816
-0.00016469302523493636
-0.00015907568089396461
-0.00015363634745265648
-0.00014837115694010206
-0.00014326628207534956
-0.00013833793791978924
-0.00013356561083986232
-0.00012894104192895552
-0.0001244689784336671
-0.0001201257974557246
-0.00011592683039801722
-0.00011186407974217257
-0.00010792484965233763
-0.00010410845815150373
-0.00010041997217384172
-9.683081442341264e-5
-9.335831560428393e-5
-8.998973045288516e-5
-8.672545987454854e-5
-8.35582883604244e-5
-8.048820296879874e-5
-7.751531052252667e-5
-7.4615889584027e-5
-7.181315848695052e-5
-6.909255889937164e-5
-6.644274968505804e-5
-6.38663625807092e-5
-6.136826822025071e-5
-5.893627549742268e-5
-5.656753955384161e-5
-5.4266957816133514e-5
-5.20234358440002e-5
-4.9842474867259916e-5
-4.771767820648512e-5
-4.563875870451542e-5
-4.3619113751625676e-5
-4.165055791795082e-5
-3.972819386222603e-5
-3.7846673715253354e-5
-3.601407063791504e-5
-3.4222221354822e-5
-3.246714746937118e-5
-3.074536020486215e-5
-2.9058637677894113e-5
-2.7408375784093353e-5
-2.5794307932936132e-5
-2.420148514780782e-5
-2.2640595904721252e-5
-2.110351536745979e-5
-1.959283869329995e-5
-1.8100294886306606e-5
-1.6627313245313963e-5
-1.5180038874247153e-5
-1.3743900435734406e-5
-1.2323885820435838e-5
-1.0921152189238753e-5
-9.53004791779096e-6
-8.148316646357572e-6
-6.774601993569128e-6
-5.412773093250986e-6
-4.054746132391019e-6
-2.704102505084653e-6
-1.3498643129322276e-6
0.0

# 0015_r0

0.0
-0.0009584116594355604
-0.0008696026880578291
-0.0008188794671521411
-0.0007822275321406118
-0.0007514093344173705
-0.0007236979440883011
-0.0006978690552777057
-0.0006735459448428576
-0.0006505068233380276
-0.0006283128864195862
-0.0006070895155636526
-0.0005866316265102113
-0.0005669221836759591
-0.0005478495897901287
-0.0005294998535247136
-0.0005118165439953213
-0.0004947165684166488
-0.0004781199179637426
-0.00046214344365457237
-0.00044666811518405343
-0.00043175236301606906
-0.0004173108583783516
-0.000403375980541559
-0.0003898410774795598
-0.0003767942645197517
-0.00036420315570400813
-0.0003520044895030226
-0.0003402317540910406
-0.0003288507788877849
-0.00031779009502075437
-0.00030714766803609933
-0.00029684684441679584
-0.00028688329472388157
-0.0002772670546238423
-0.00026794975258443647
-0.0002589419955792691
-0.00025022213681575336
-0.0002418061694167167
-0.00023365778042451634
-0.00022575956027101883
-0.0002181480306968141
-0.00021075896087296983
-0.00020363285783108812
-0.00019672223404074848
-0.00019006467851572477
-0.00018360304824103108
-0.00017734050793632452
-0.0001712937469642679
-0.0001654425926588056
-0.00015976343579613138
-0.00015427543913779915
-0.00014897342595193916
-0.0001438498413450548
-0.00013885324924426255
-0.00013405011725189171
-0.00012940394021126127
-0.00012488466388218132
-0.00012050306299343556
-0.00011627431383834143
-0.00011217384022614854
-0.00010820347499527324
-0.00010436342149895648
-0.00010063930995536565
-9.702140882930685e-5
-9.352608291628766e-5
-9.013376815533493e-5
-8.685734706067219e-5
-8.366967252035007e-5
-8.056697789133142e-5
-7.75634895096787e-5
-7.46561539974598e-5
-7.183505256315326e-5
-6.909013167172753e-5
-6.642866474083918e-5
-6.38384536413468e-5
-6.132180617348415e-5
-5.887670765736708e-5
-5.6502830095099966e-5
-5.419353185115738e-5
-5.1946796522617226e-5
-4.975394290017783e-5
-4.762777623678972e-5
-4.555091623261533e-5
-4.353097659809463e-5
-4.155391139223548e-5
-3.9624735393470585e-5
-3.774578800857667e-5
-3.5911467241921744e-5
-3.4120424803117736e-5
-3.236146014251803e-5
-3.0646599751528495e-5
-2.896410687528112e-5
-2.7315689897001853e-5
-2.5697269174140264e-5
-2.4113733741017107e-5
-2.255633431949493e-5
-2.1022434355251317e-5
-1.9513633717546505e-5
-1.803035984088177e-5
-1.656407732201735e-5
-1.5119218179360704e-5
-1.3688178470460446e-5
-1.2274075977806903e-5
-1.0875838868042726e-5
-9.48954039737063e-6
-8.115535876134952e-6
-6.744081436629898e-6
-5.387476685785654e-6
-4.037082388663328e-6
-2.6859239843357657e-6
-1.3413239182527999e-6
0.0

# 0016_r0

0.0
-0.0009745274213560169
-0.0008856766115770421
-0.0008345092484692911
-0.0007974364773046364
-0.0007661478261575775
-0.0007379289578900106
-0.0007117229865794013
-0.0006869619444742974
-0.000663415059232247
-0.0006408507160179853
-0.0006191383102129507
-0.0005983105525966091
-0.0005781627790317061
-0.000558806346548657
-0.0005400585791520998
-0.0005219887701408217
-0.0005044742858011244
-0.000487640426124757
-0.0004712787294528757
-0.00045549584051452526
-0.0004402198358316425
-0.0004254925975150789
-0.00041124657460276753
-0.0003974485056544491
-0.00038411373808789484
-0.00037123575617181725
-0.0003587515488875789
-0.0003467103930624274
-0.0003350634958478009
-0.00032375340362994726
-0.00031287574623317486
-0.0003023203498677966
-0.0002921270303699045
-0.00028226558127215586
-0.0002727148657148427
-0.00026349891332625
-0.0002545842379113723
-0.00024596044237166066
-0.00023762727227001948
-0.0002295441914630678
-0.00022175172542158748
-0.00021421283602048057
-0.00020691469667535487
-0.00019984929533794482
-0.00019302212216983756
-0.00018643941806999984
-0.0001800574920456893
-0.00017388113034646788
-0.0001678960187477106
-0.0001621286504634448
-0.00015653354816631322
-0.00015112901999080657
-0.00014588580752275047
-0.00014080278243847383
-0.00013592054717003713
-0.00013117479781668732
-0.00012657562066460077
-0.00012212153401448253
-0.00011780982807137437
-0.00011363893786432773
-0.00010960281198524094
-0.00010569024021885804
-0.00010190219011392338
-9.822856936909451e-5
-9.466911423762908e-5
-9.122567469235965e-5
-8.787928813074114e-5
-8.464345518196866e-5
-8.15077206376123e-5
-7.845499595299177e-5
-7.549641847974928e-5
-7.263409299473256e-5
-6.984600370354673e-5
-6.71508764539106e-5
-6.452818510719195e-5
-6.198501393591306e-5
-5.949632135253547e-5
-5.709656766043263e-5
-5.47517584687172e-5
-5.2480926566968305e-5
-5.02626403914852e-5
-4.810471858740211e-5
-4.600360687980914e-5
-4.396188327256851e-5
-4.1967053825546396e-5
-4.0012739569452726e-5
-3.8114042588086914e-5
-3.626075326447225e-5
-3.444879896081219e-5
-3.2675711501033886e-5
-3.0937706581312034e-5
-2.924166139861399e-5
-2.7573232385551813e-5
-2.5940320376532126e-5
-2.43393028716332e-5
-2.2764628907769955e-5
-2.1216928571953763e-5
-1.9688714141245504e-5
-1.8188308828945435e-5
-1.6711859864797017e-5
-1.5251816382774948e-5
-1.3808100825836094e-5
-1.238427245501841e-5
-1.0973468734885761e-5
-9.573481858739106e-6
-8.185142810692924e-6
-6.804426662095833e-6
-5.43505286366064e-6
-4.071347551565953e-6
-2.711728297614828e-6
-1.3546557643157052e-6
0.0

# 0017_r0

0.0
-0.0009644921584158715
-0.0008754606291917339
-0.0008245471036269023
-0.0007875440522847965
-0.0007564205599339734
-0.0007284338699844713
-0.0007024208574626143
-0.0006778640697873755
-0.0006544574858765405
-0.000632097280337092
-0.0006105636051949876
-0.0005899104462088711
-0.000569953247062713
-0.0005507175789526697
-0.0005321832355384459
-0.0005142690903602547
-0.0004970066770588618
-0.00048029940925683096
-0.00046415040376521563
-0.0004485113619321919
-0.0004334611895747616
-0.00041886098117841533
-0.00040480233329486665
-0.0003911639817113503
-0.0003779587773353902
-0.00036523107018915374
-0.000352932978217201
-0.00034103907797257996
-0.0003295561238967899
-0.00031842581234764505
-0.0003076650655775529
-0.0002973044487582399
-0.0002872245592668189
-0.00027752711137191886
-0.00026814929681753645
-0.00025908159963717356
-0.0002502821393594174
-0.00024177938445787663
-0.00023358044827535498
-0.00022564382618769566
-0.00021798077022579932
-0.00021054817134075736
-0.0002033757688194711
-0.0001964346904042446
-0.0001897285015510422
-0.00018324561544466085
-0.00017695327688383762
-0.00017090286513194456
-0.00016502778693602678
-0.000159336077374738
-0.00015383206402382133
-0.00014852124130979664
-0.00014337618003648335
-0.00013839264477370037
-0.0001335733557831849
-0.00012892230828297804
-0.00012439583812571387
-0.00012002773536168807
-0.00011579492115490663
-0.00011169936338209722
-0.00010773324880706618
-0.0001038924999097817
-0.00010016843952911339
-9.656463933708183e-5
-9.306852644678502e-5
-8.968628680708867e-5
-8.639769760681187e-5
-8.321454098645781e-5
-8.013759392856591e-5
-7.713279315923315e-5
-7.423418270648711e-5
-7.142045343764816e-5
-6.868701310560001e-5
-6.602922484400369e-5
-6.345915251831601e-5
-6.095115438328149e-5
-5.852088427371003e-5
-5.6158103921804864e-5
-5.385331151792137e-5
-5.161908213974697e-5
-4.943993028183758e-5
-4.7322711371827837e-5
-4.525906330762596e-5
-4.3248838367179244e-5
-4.1288361124510526e-5
-3.937496191742757e-5
-3.75092520630518e-5
-3.568206019352046e-5
-3.39017457064795e-5
-3.2159775739105156e-5
-3.0449720441573975e-5
-2.8782297928668288e-5
-2.7140706910326646e-5
-2.5533035573303822e-5
-2.395811275878043e-5
-2.2406004874199608e-5
-2.0878850731289958e-5
-1.9385295201210493e-5
-1.7909447808824447e-5
-1.6448123788864154e-5
-1.5013385112603396e-5
-1.3595090455263972e-5
-1.2190044012258756e-5
-1.080102067119729e-5
-9.422841092082403e-6
-8.05560407801369e-6
-6.69876872063845e-6
-5.348592328824777e-6
-4.007042367144917e-6
-2.667050827638452e-6
-1.3330254902931032e-6
0.0

# 0018_r0

0.0
-0.0009678447479287985
-0.0008788912405255381
-0.0008276164804602097
-0.0007905523260860923
-0.0007592459321610186
-0.000731021476799765
-0.0007047774668905142
-0.0006800330663516508
-0.000656379808832885
-0.0006337757094361128
-0.0006121399198187738
-0.0005912739129341823
-0.0005711833530132163
-0.0005518001615278461
-0.000533050327748775
-0.0005150753137414387
-0.0004976101059469614
-0.0004808070715861152
-0.00046450083396187695
-0.00044882001355887657
-0.00043363340361130546
-0.00041895822958747597
-0.00040482214543793063
-0.000391133451994475
-0.0003779049054138922
-0.00036513271285993243
-0.00035275419930804066
-0.0003408146636469501
-0.000329288350847335
-0.00031815927501707193
-0.00030734570566259183
-0.0002969530930933702
-0.00028686657712300204
-0.00027714364949184457
-0.0002677310618667054
-0.00025864451356548407
-0.00024985297921133767
-0.0002413496659545272
-0.00023314191763589955
-0.00022520158586135532
-0.00021749935599898966
-0.00021007387569798325
-0.0002029160666434908
-0.0001959615263354468
-0.0001892582062974565
-0.00018274948948749774
-0.00017647698262888978
-0.0001704020728676187
-0.0001645209559020201
-0.0001588405364614251
-0.00015335293670595704
-0.000148023240547787
-0.00014287895644076788
-0.0001379047539414538
-0.00013307830360600344
-0.00012840868773385204
-0.00012389160685350565
-0.00011953148750636013
-0.00011529507541927048
-0.00011120244800176214
-0.00010723879099420703
-0.00010340600375055243
-9.96903479474324e-5
-9.610314205656285e-5
-9.260682674486305e-5
-8.922652666996682e-5
-8.595242996740915e-5
-8.277393874757565e-5
-7.969595952606066e-5
-7.671823465991591e-5
-7.382213816742097e-5
-7.101395192765537e-5
-6.829503662940285e-5
-6.565290732759155e-5
-6.308482715575282e-5
-6.058952105201993e-5
-5.816351859316087e-5
-5.580852722902742e-5
-5.3522005240927775e-5
-5.129640055390188e-5
-4.912701452282196e-5
-4.702116959713168e-5
-4.496493191043113e-5
-4.296137191418796e-5
-4.101002546899888e-5
-3.9107381395537104e-5
-3.7250238840084555e-5
-3.54348880949837e-5
-3.366262852277193e-5
-3.193036833796329e-5
-3.02299308753391e-5
-2.8569772265724128e-5
-2.693870765140359e-5
-2.5346368625125468e-5
-2.377667228384759e-5
-2.2235827472668734e-5
-2.0722624175094598e-5
-1.9234877733071103e-5
-1.7767078981743147e-5
-1.631966737974116e-5
-1.4893231868302087e-5
-1.3487120656856186e-5
-1.2090015623123922e-5
-1.0710826949756712e-5
-9.346907190182496e-6
-7.992866863155211e-6
-6.644785290449498e-6
-5.3082405437851805e-6
-3.977598327122779e-6
-2.647915391771357e-6
-1.3276446264098262e-6
0.0

# 0019_r0

0.0
-0.0009787150798326772
-0.0008896487032701883
-0.0008380301633031321
-0.0008006727230778606
-0.0007690306422180146
-0.0007405782322583304
-0.0007140776483138934
-0.0006890734031372856
-0.0006652208653221891
-0.0006424322482958133
-0.0006205140050096934
-0.0005994182570181983
-0.0005790949468174253
-0.0005595488292242657
-0.0005406357782431566
-0.000522362610787451
-0.0005047127883339841
-0.0004876839937105683
-0.00047122987229039
-0.0004553126216290389
-0.00043992440944964423
-0.00042505668244735556
-0.0004106567960623463
-0.00039677767094316427
-0.0003833433567105972
-0.00037037690611092035
-0.0003578349343333805
-0.00034566471086755176
-0.00033393431812295336
-0.00032260121073004496
-0.00031162624823356767
-0.00030103732733856027
-0.0002908000978691125
-0.00028088709255051685
-0.00027132454422407757
-0.00026207094482183686
-0.00025312572556846245
-0.0002445219450525131
-0.00023616422181089487
-0.00022806549093231518
-0.00022025221660609452
-0.00021271180102878543
-0.00020540746303766838
-0.0001983540838575385
-0.00019154320072155054
-0.0001849416854838765
-0.0001785848786501111
-0.00017241042779222223
-0.00016645859928041799
-0.00016069226264037818
-0.0001551277991695817
-0.00014973235091219895
-0.00014451050536830163
-0.00013946747282829128
-0.00013458173670459267
-0.00012986608271327773
-0.00012529116200321732
-0.00012086690613725126
-0.00011658723002460704
-0.00011243770285486516
-0.00010843828660793833
-0.00010454049447374118
-0.00010078531097335804
-9.714229062180064e-5
-9.36052826781749e-5
-9.020164841750926e-5
-8.688049576995529e-5
-8.366086325761228e-5
-8.053624593756384e-5
-7.752670624210514e-5
-7.460161741281608e-5
-7.175949028434111e-5
-6.89996453292594e-5
-6.631696300902603e-5
-6.371335964678831e-5
-6.118752211162654e-5
-5.873373225124063e-5
-5.634038643947737e-5
-5.402182199824925e-5
-5.1768724391761815e-5
-4.9572761641471164e-5
-4.7433960517618924e-5
-4.535769445200887e-5
-4.333561221839446e-5
-4.135856755065726e-5
-3.9430797758919505e-5
-3.755121917256456e-5
-3.571512921725633e-5
-3.392700389251109e-5
-3.2175839599546506e-5
-3.0463535186078288e-5
-2.878734934786388e-5
-2.7140852264017142e-5
-2.552998318720792e-5
-2.3952976231478208e-5
-2.2399699405741537e-5
-2.0871060772770324e-5
-1.93731519171371e-5
-1.7897429193254204e-5
-1.6438693764078247e-5
-1.500360828842862e-5
-1.3584357096675088e-5
-1.2181094146572697e-5
-1.0792507967453585e-5
-9.414024653435733e-6
-8.047346358471549e-6
-6.691760463831745e-6
-5.344144415502025e-6
-4.003807651788141e-6
-2.6671281788184907e-6
-1.330360404772941e-6
0.0

# 0020_r0

0.0
-0.0009763894846186621
-0.0008874117021129083
-0.0008360746312541248
-0.0007989833780793692
-0.0007674970124434348
-0.0007393311733249266
-0.0007130314007035088
-0.0006881992169151903
-0.000664645708683956
-0.0006420327325278903
-0.0006203189198114838
-0.0005994146381342024
-0.000579222257040769
-0.0005598264943622677
-0.0005410473649598838
-0.0005229487776586677
-0.0005054106890385762
-0.0004885058414159393
-0.00047216887575708433
-0.0004563366900200623
-0.00044107042246544365
-0.00042627077070848615
-0.00041200873863590754
-0.0003981993325160832
-0.0003848477948113316
-0.00037189584066805103
-0.0003594481954925649
-0.0003473800931739905
-0.0003357043892519111
-0.0003244144893171703
-0.00031352951906350095
-0.00030297115943093235
-0.0002927509745370435
-0.00028290165751183947
-0.0002733488212640678
-0.00026411317198670635
-0.00025520324996580366
-0.00024655328771548544
-0.00023820221687793187
-0.00023012238514639677
-0.00022231079459675415
-0.00021473495854557975
-0.00020740871666081505
-0.0002003318370215521
-0.00019351589807569723
-0.00018687511133527022
-0.0001804797021962543
-0.00017429070306782075
-0.00016829362842901824
-0.0001624831390647099
-0.00015686478417488962
-0.00015144561529173865
-0.0001461876524294614
-0.00014109414354228686
-0.00013616593841958533
-0.00013141336891129638
-0.0001267904376778432
-0.00012232339632286025
-0.0001180045429643049
-0.000113812181220358
-0.00010976106007223273
-0.00010583816076454616
-0.00010204143062773061
-9.835889039104483e-5
-9.478433291738616e-5
-9.132993985542574e-5
-8.797905535041818e-5
-8.472999440570728e-5
-8.15796573647113e-5
-7.852328419695536e-5
-7.55636582140197e-5
-7.269726914384593e-5
-6.989946796383817e-5
-6.720034582403791e-5
-6.456357839208656e-5
-6.200751858042287e-5
-5.953481258827133e-5
-5.712110967252794e-5
-5.477900825384925e-5
-5.250024926042061e-5
-5.0278084382876834e-5
-4.812096164270084e-5
-4.601348109220364e-5
-4.3966138170085574e-5
-4.196442779299699e-5
-4.001403675849599e-5
-3.811043271019764e-5
-3.624800026949777e-5
-3.443685298750095e-5
-3.266022962549444e-5
-3.091926199120244e-5
-2.922380354326148e-5
-2.7554124746662304e-5
-2.592234174128707e-5
-2.431750129843829e-5
-2.2745772928075743e-5
-2.119430826104234e-5
-1.967279531220443e-5
-1.817364092330114e-5
-1.669188756406076e-5
-1.523440733259874e-5
-1.379332396541082e-5
-1.2365150826198057e-5
-1.095787224011813e-5
-9.55706350115592e-6
-8.173545772043821e-6
-6.796675137635602e-6
-5.428920550664435e-6
-4.065082106823972e-6
-2.707937416842093e-6
-1.3539400730725556e-6
0.0

# 0021_r0

0.0
-0.0009692868419898783
-0.000880213237523973
-0.0008288901161912361
-0.0007916013775937389
-0.000760284667531145
-0.0007319834594937211
-0.000705725333930759
-0.0006808903990698254
-0.0006572899010524845
-0.0006346773033372878
-0.0006129714942067713
-0.000592096495300294
-0.0005719415806416965
-0.0005525395455390275
-0.0005338017788336396
-0.0005157315966012958
-0.0004982909517327768
-0.00048142461387302684
-0.00046517119980718746
-0.00044947021209196144
-0.00043424118155450773
-0.0004195828410797961
-0.0004054081475913309
-0.0003916800074423021
-0.00037843455493954525
-0.00036562669960943616
-0.00035325150363928935
-0.0003412985239980793
-0.00032974485666185867
-0.0003185875632578356
-0.00030779153791427857
-0.000297350692663916
-0.00028726300195199385
-0.0002775074182306873
-0.000268086959528958
-0.0002589849234246471
-0.0002501771000673326
-0.0002416427273388353
-0.0002334201048948981
-0.0002254661106116594
-0.00021779022691798827
-0.0002103597528163344
-0.00020315223488865194
-0.0001961921630472574
-0.0001894667414120252
-0.00018296061498617526
-0.00017666557740576462
-0.00017058691115036788
-0.0001646924539674009
-0.00015899965966802195
-0.0001535020373085917
-0.00014817718372964967
-0.0001430232783726528
-0.00013803016033708178
-0.0001332211979974707
-0.0001285490378401569
-0.00012402859708367594
-0.00011965214774278732
-0.00011541909660224064
-0.0001113270386336832
-0.00010735579557984207
-0.00010351610398566227
-9.979412603813589e-5
-9.61854230942126e-5
-9.269001091757696e-5
-8.930725687155455e-5
-8.602769803226138e-5
-8.284815332174373e-5
-7.976347141601461e-5
-7.67814990465052e-5
-7.388551018550539e-5
-7.106912217688689e-5
-6.834493201466515e-5
-6.569302340011467e-5
-6.312754829633757e-5
-6.063081433969492e-5
-5.821036499962958e-5
-5.585349440051063e-5
-5.35580120024608e-5
-5.132770300670546e-5
-4.9159933437677415e-5
-4.705366952586444e-5
-4.499816479404992e-5
-4.299210812966427e-5
-4.1040594962970296e-5
-3.913780739792277e-5
-3.727390490340285e-5
-3.546120296155128e-5
-3.3684910054701876e-5
-3.195241287599875e-5
-3.0250065648196535e-5
-2.8591002728860772e-5
-2.695919908186192e-5
-2.5362857744857094e-5
-2.379541570085604e-5
-2.2256526964816196e-5
-2.074042277850807e-5
-1.925122689475245e-5
-1.777986487869739e-5
-1.6336997528996333e-5
-1.4908781378173472e-5
-1.3499446756200221e-5
-1.2104419635186259e-5
-1.0721120985916782e-5
-9.356928748600348e-6
-7.996969220299765e-6
-6.650111918059439e-6
-5.308357495594664e-6
-3.977122147079338e-6
-2.650896226984149e-6
-1.3211944592962708e-6
0.0

# 0022_r0

0.0
-0.000964580182660101
-0.0008757742173876828
-0.0008250105965160182
-0.0007881360523022356
-0.0007571598417794834
-0.000729285112663787
-0.0007033917638226495
-0.000678969919148469
-0.0006556711538857558
-0.0006334143661531493
-0.0006119977726110094
-0.0005914322306451943
-0.0005715804302296256
-0.0005524606699482364
-0.0005340179153533337
-0.0005161749774884639
-0.0004989561145678692
-0.00048229363978277516
-0.00046624143380420214
-0.0004506835824313647
-0.0004356948567142876
-0.00042114678017971896
-0.0004071329395043956
-0.0003935445962942763
-0.0003804402254666179
-0.0003677778391693218
-0.000355523358745064
-0.00034366013632665214
-0.00033220086857768975
-0.00032115059893153135
-0.00031042493327755523
-0.00030004947975700754
-0.0002900440521647997
-0.00028034493760009774
-0.000270979613573383
-0.0002619249980470164
-0.00025316414777047587
-0.0002446839578602286
-0.00023649196220481536
-0.00022855987330483072
-0.00022089971701823137
-0.0002134589697178112
-0.00020628019425634583
-0.0001993408281533324
-0.00019261873212758756
-0.0001861155481168397
-0.0001798235280962075
-0.00017373734225516538
-0.00016784641034328732
-0.0001621367128280812
-0.0001566224150350421
-0.0001512671104717401
-0.00014609849495052975
-0.00014109795276431557
-0.00013623624284635913
-0.0001315404172452503
-0.00012700076357571735
-0.0001225879627753861
-0.00011832633174030049
-0.00011418854052419548
-0.00011018805224617544
-0.0001063079125626157
-0.0001025401154208483
-9.889412250730189e-5
-9.53488468231827e-5
-9.192266194352805e-5
-8.859934588678868e-5
-8.537090525758519e-5
-8.224123217732122e-5
-7.920428523343924e-5
-7.62526936501688e-5
-7.338481582579528e-5
-7.06081712420134e-5
-6.790732743321714e-5
-6.52822761659061e-5
-6.273289016157877e-5
-6.024907890258073e-5
-5.783554485291274e-5
-5.5484094589997286e-5
-5.319844518857469e-5
-5.0965638315860066e-5
-4.8796878929990385e-5
-4.667730336978729e-5
-4.461542542099479e-5
-4.260199267582965e-5
-4.063075610900348e-5
-3.870882384461821e-5
-3.682854683957729e-5
-3.4999171922979686e-5
-3.320037313045671e-5
-3.144118163164803e-5
-2.972064903658405e-5
-2.8032754089374618e-5
-2.6377813843109086e-5
-2.475026841617636e-5
-2.314680648314965e-5
-2.1579454218857664e-5
-2.0029874424993687e-5
-1.8505813682316095e-5
-1.7000814740689248e-5
-1.551761450190635e-5
-1.4048405828988595e-5
-1.2600187764242857e-5
-1.1165072181009895e-5
-9.74161590121737e-6
-8.331506804968816e-6
-6.925674455185708e-6
-5.530363706930963e-6
-4.143795773191182e-6
-2.7601414471529887e-6
-1.3811233214446756e-6
0.0

# 0023_r0

0.0
-0.0009654129964269839
-0.0008766766522207488
-0.0008257152421729494
-0.0007886900387421342
-0.000757698728790856
-0.0007297669155788032
-0.0007037786075085449
-0.000679189655452178
-0.0006559140498465286
-0.0006335372366876582
-0.0006120691192969273
-0.0005914712635455585
-0.0005715791493520489
-0.0005524025627124664
-0.0005339224971581524
-0.0005160511556574092
-0.0004988331154170013
-0.0004821510922168219
-0.0004660041052927539
-0.00045049697628997697
-0.0004354277501973265
-0.00042092907755151936
-0.0004068629459218269
-0.0003932761214773234
-0.00038015702430823137
-0.0003674373096792433
-0.0003551539202394538
-0.0003432623695025342
-0.00033178266898800077
-0.0003206892598150674
-0.0003099411957765227
-0.0002995513869955168
-0.00028951818200167334
-0.0002798025346840597
-0.00027039994492487955
-0.0002613053313672288
-0.00025252557670831324
-0.00024401890693520617
-0.00023578890366165295
-0.0002278334470661248
-0.00022012847114088324
-0.00021266938881019362
-0.00020547080256523594
-0.0001984949298979558
-0.0001917437904389405
-0.00018522108329623648
-0.0001789009321595737
-0.00017278909982553162
-0.0001668718690459025
-0.0001611425614815132
-0.00015561078241162205
-0.00015024375873
-0.00014504988635994823
-0.0001400233530361096
-0.0001351535454566543
-0.00013044363118133064
-0.00012588048657759956
-0.00012146486633058445
-0.00011718527883129656
-0.00011305133555050956
-0.00010904266741897785
-0.00010515514732970718
-0.00010138690956409161
-9.774024199581488e-5
-9.421400830871722e-5
-9.07845043452058e-5
-8.746530828739593e-5
-8.424975151594873e-5
-8.112690514574705e-5
-7.81035851430205e-5
-7.51712183151086e-5
-7.231703288122897e-5
-6.955582293743718e-5
-6.687096127455358e-5
-6.425950208126111e-5
-6.172669577425303e-5
-5.926147253091416e-5
-5.687563881484294e-5
-5.4544650373162516e-5
-5.2281742274915554e-5
-5.007371037574211e-5
-4.793207145016314e-5
-4.584124301801693e-5
-4.380682518977575e-5
-4.182257235443235e-5
-3.98805943269181e-5
-3.7990498289905106e-5
-3.614291975061376e-5
-3.4335727858164625e-5
-3.257111644418707e-5
-3.084204664172227e-5
-2.915249874456744e-5
-2.7493269433267288e-5
-2.5863342083469596e-5
-2.426383029893522e-5
-2.2697775612852772e-5
-2.115196820504772e-5
-1.963523759706662e-5
-1.813786066114385e-5
-1.666111904328761e-5
-1.5209587131949216e-5
-1.377351732533508e-5
-1.2348135017519837e-5
-1.0940351370552285e-5
-9.546147941187536e-6
-8.160515950130311e-6
-6.785323213944228e-6
-5.421270417880081e-6
-4.06069770505025e-6
-2.703972628992099e-6
-1.3519003530885957e-6
0.0

# 0024_r0

0.0
-0.0009524739612763585
-0.0008632840931874807
-0.0008122790870539664
-0.0007755709696477531
-0.0007447266457830175
-0.0007170058027834537
-0.0006912834622864138
-0.0006669045658261727
-0.0006437679041464925
-0.0006216984159950027
-0.0006005014279124383
-0.0005800215084482068
-0.0005603908346389837
-0.0005414107203991856
-0.0005231158463383305
-0.0005054239952483691
-0.000488380958812907
-0.00047197929220591336
-0.00045606777099974435
-0.00044069216485561415
-0.0004258697327474379
-0.0004115305453339324
-0.00039767695363302754
-0.0003842946282869329
-0.00037135591317291204
-0.0003588530105106247
-0.00034674395011320133
-0.00033507337878544953
-0.00032377396460718077
-0.0003128260121297428
-0.0003022437945785791
-0.0002920159411188249
-0.0002821731656355901
-0.00027261783366549266
-0.00026339753893805034
-0.00025445797795920313
-0.0002458300777078122
-0.00023750055783408063
-0.00022943360820348605
-0.00022164857641193236
-0.00021410287249102447
-0.00020680640690223966
-0.00019974601218639788
-0.0001929273972705906
-0.00018635882490226164
-0.00017998176239831707
-0.00017380444669060988
-0.00016784295207609407
-0.00016209168630652043
-0.00015652001040731523
-0.00015111700771672888
-0.0001459026252253813
-0.00014085315558713614
-0.00013597803942572826
-0.00013125246657799108
-0.00012667044699759855
-0.00012223992663616416
-0.00011796413358825297
-0.00011381077089121921
-0.00010979794132674376
-0.00010590782007105777
-0.00010213524491203515
-9.849050674140344e-5
-9.495307389467053e-5
-9.152382595533346e-5
-8.82046197099193e-5
-8.498357890166095e-5
-8.186776817689034e-5
-7.883346931468386e-5
-7.589172356598489e-5
-7.304756990441541e-5
-7.028639944672872e-5
-6.760132711776521e-5
-6.499523004283047e-5
-6.2466384191432e-5
-6.0009089385444746e-5
-5.760905487142927e-5
-5.529784232116868e-5
-5.303735343306121e-5
-5.083588039896901e-5
-4.869882602000371e-5
-4.6614324606934e-5
-4.458259260163034e-5
-4.2603877306622326e-5
-4.0674033125103033e-5
-3.8790279767631025e-5
-3.6956167371184894e-5
-3.5159859335453666e-5
-3.34077515104293e-5
-3.16937917872661e-5
-3.001019821912339e-5
-2.8363643337031335e-5
-2.6751369490835896e-5
-2.516574837491041e-5
-2.361560963237965e-5
-2.2090221407474677e-5
-2.0589147245491566e-5
-1.911067527627858e-5
-1.765672566042574e-5
-1.6220694509259233e-5
-1.4805823200934864e-5
-1.3408141685753461e-5
-1.2025693403311704e-5
-1.0653710268564095e-5
-9.298617716680195e-6
-7.949414426649532e-6
-6.609845499296354e-6
-5.278386656138698e-6
-3.9541129843102805e-6
-2.6324700753542675e-6
-1.3168455088511518e-6
0.0

# 0025_r0

0.0
-0.0009587881142500359
-0.0008699979086724662
-0.0008189732508296808
-0.0007823510606603452
-0.0007513544692087029
-0.0007235919166901693
-0.000697774901497508
-0.0006734761438216087
-0.0006502852048928278
-0.000628123787233459
-0.0006068078800807508
-0.0005863577089896806
-0.0005665962446873362
-0.0005475984506854352
-0.0005292529698144759
-0.0005115229616416398
-0.0004944167940967147
-0.00047785578149641344
-0.00046194258021854895
-0.0004464911696272057
-0.00043157056497158274
-0.0004171484196666345
-0.0004032335518107018
-0.00038969380285247605
-0.00037668865032525
-0.00036405184892450865
-0.00035183247611718886
-0.0003400835428372607
-0.00032865775251071416
-0.00031763724931252154
-0.0003069392237572657
-0.0002966355255784995
-0.00028666368872741016
-0.0002769862459769598
-0.00026764833438318135
-0.00025860545977934293
-0.0002498837402697483
-0.00024142135622153273
-0.0002332640555680958
-0.00022535143734978312
-0.00021769583582747864
-0.00021028879323715583
-0.0002031418146486107
-0.0001962273645803112
-0.00018952252838762333
-0.00018305269439269767
-0.0001767963501137814
-0.00017074950257343343
-0.00016487721016056122
-0.00015919257195268105
-0.0001537062968471785
-0.00014839112195242946
-0.0001432418137705265
-0.00013826470900403225
-0.0001334572567116492
-0.0001287846260175917
-0.00012428103874734234
-0.00011990089658587469
-0.0001156585896244671
-0.00011156460415251968
-0.0001075953372486534
-0.00010374867487655847
-0.0001000229146349352
-9.642009709254814e-5
-9.292196413721975e-5
-8.953825712990553e-5
-8.625378492567932e-5
-8.306837450304354e-5
-7.998183468019853e-5
-7.698507412936459e-5
-7.408500626205436e-5
-7.127069742264634e-5
-6.852737039658809e-5
-6.587520216040864e-5
-6.330035099448884e-5
-6.079340919999383e-5
-5.8364031562867634e-5
-5.599595166863786e-5
-5.3698953523281586e-5
-5.14660798635959e-5
-4.928691231878335e-5
-4.716905677743698e-5
-4.51091536635003e-5
-4.309970431294831e-5
-4.1134869808219824e-5
-3.922559736969745e-5
-3.736092707635726e-5
-3.553912184447416e-5
-3.375426433947813e-5
-3.201797102487246e-5
-3.0312233829785535e-5
-2.864361636740262e-5
-2.700937991770864e-5
-2.5406377502632412e-5
-2.3831042804235924e-5
-2.2285966481977824e-5
-2.076827982661837e-5
-1.927711841424817e-5
-1.780330651377729e-5
-1.6357243695980617e-5
-1.4927696585000097e-5
-1.3512882363368457e-5
-1.2118473015024532e-5
-1.0733994632737255e-5
-9.36702810980942e-6
-8.00874493055215e-6
-6.658424532327043e-6
-5.315843138684602e-6
-3.983001478470778e-6
-2.6514659972696226e-6
-1.3258491422887917e-6
0.0

# 0026_r0

0.0
-0.0009665917734751132
-0.000877746593501379
-0.0008264598775090921
-0.0007892981454867878
-0.0007578996183507864
-0.0007297701303010376
-0.0007034982682480277
-0.0006787238815177468
-0.0006552503785250926
-0.0006327230536725904
-0.0006110707074342694
-0.0005902438588641731
-0.0005702168183861014
-0.0005509089947378845
-0.0005323076198325284
-0.0005143284461462132
-0.0004969947573122115
-0.0004802553272788513
-0.0004640752705660664
-0.0004484407478016449
-0.00043334327146940917
-0.00041873924556085534
-0.00040462081711053897
-0.00039100704915691993
-0.0003778385996333443
-0.00036513458016352256
-0.0003528105344811137
-0.00034089870642204663
-0.00032940540221089416
-0.00031826556966659187
-0.0003075101425569775
-0.0002971348117215595
-0.00028707932167346936
-0.0002773686590883934
-0.0002679795560641403
-0.000258878736239539
-0.0002501017936057956
-0.00024160514429053624
-0.00023340072111619926
-0.00022548592549109905
-0.00021781851670374004
-0.00021041245624885954
-0.00020323436795463272
-0.00019631564826254642
-0.0001896138687093633
-0.00018314395920706139
-0.0001768744084740841
-0.0001708080121446767
-0.00016494092809101938
-0.0001592727852034862
-0.00015379784879088432
-0.00014849920090732427
-0.00014336305360232175
-0.00013840279739791992
-0.00013359474541712257
-0.0001289393922361378
-0.00012443828583420132
-0.00012007391481044457
-0.00011585618327918217
-0.00011176870669799512
-0.00010780234894359203
-0.00010397287837695127
-0.00010024720407675956
-9.664464238366517e-5
-9.314842466279437e-5
-8.977027079878127e-5
-8.648620478205367e-5
-8.331264111056022e-5
-8.021691082696056e-5
-7.722597987950006e-5
-7.432099766792747e-5
-7.150625660404272e-5
-6.876764110721704e-5
-6.611696876611269e-5
-6.353917560126128e-5
-6.1034848489653225e-5
-5.860712653659874e-5
-5.6237010319094534e-5
-5.393755521589793e-5
-5.169824826812386e-5
-4.95230717123001e-5
-4.740392479127661e-5
-4.5341931715682544e-5
-4.333094717883126e-5
-4.136786382084208e-5
-3.945011840487277e-5
-3.758224452349634e-5
-3.575761812278478e-5
-3.397482459952009e-5
-3.2227812696989154e-5
-3.051739101848872e-5
-2.884321617391792e-5
-2.720219502084511e-5
-2.5593783675596036e-5
-2.401391411662484e-5
-2.2457554401583383e-5
-2.093242562375886e-5
-1.942700183784596e-5
-1.794526714634704e-5
-1.6487753385908922e-5
-1.5046460983891982e-5
-1.3623100234707612e-5
-1.2216177853034662e-5
-1.0826068549945726e-5
-9.444739234005074e-6
-8.075549434041746e-6
-6.717838740650266e-6
-5.363160921558693e-6
-4.01601784709773e-6
-2.6745076520045814e-6
-1.3391168721813612e-6
0.0

# 0027_r0

0.0
-0.0009573767214738129
-0.0008681602817420255
-0.0008171595465795023
-0.0007802228183646022
-0.0007491667009078151
-0.0007211863571341003
-0.0006953001918914778
-0.0006708740188756181
-0.0006475769885012025
-0.0006253470978261256
-0.000603966430751326
-0.000583422476266201
-0.0005636753894564518
-0.0005445955487188335
-0.0005261754132607715
-0.0005084033895172759
-0.0004912534811487534
-0.00047468463819598007
-0.0004587017676879474
-0.0004432707803633339
-0.0004283387292509528
-0.00041391842192157037
-0.0003999533765651645
-0.0003864866769252324
-0.0003734320535263518
-0.00036086583191395725
-0.0003487053392075536
-0.0003369464854656637
-0.00032557267168557613
-0.00031455348678305876
-0.00030394762811343376
-0.00029367652375446817
-0.00028374914973259055
-0.0002741390098054025
-0.00026485762021878363
-0.0002558619395683953
-0.00024721401376859254
-0.00023881628111691925
-0.00023070367925208233
-0.00022286100057801193
-0.00021528388504519924
-0.00020793194856223675
-0.00020083672107907134
-0.00019399559840701147
-0.00018736277318779236
-0.000180955102925578
-0.0001747552863775136
-0.0001687472466751071
-0.00016295478324881955
-0.00015734443896617059
-0.0001519046662588899
-0.00014666450909126927
-0.0001415842914152855
-0.00013666093941844365
-0.00013191019496988307
-0.00012729765146755718
-0.00012284636754025357
-0.00011851996545436356
-0.00011435464292536564
-0.00011030099364533403
-0.00010638690635673324
-0.00010259642019194946
-9.892291604924189e-5
-9.535272994443194e-5
-9.190440897182143e-5
-8.856555544567943e-5
-8.53211020016268e-5
-8.217888075811412e-5
-7.913181833517511e-5
-7.61744096324536e-5
-7.330828760267819e-5
-7.052623775772705e-5
-6.782656267426792e-5
-6.520977284889974e-5
-6.266270357275246e-5
-6.019000056968985e-5
-5.7788936746418e-5
-5.545657880068296e-5
-5.31854332357038e-5
-5.098009045328399e-5
-4.88339402064859e-5
-4.67415875672197e-5
-4.470200354842568e-5
-4.271314946188478e-5
-4.078175846915629e-5
-3.8892505401812645e-5
-3.704705893186741e-5
-3.524261040959301e-5
-3.348215627590741e-5
-3.1760383481466275e-5
-3.0077023879524887e-5
-2.842676083660486e-5
-2.6812472104498578e-5
-2.5221079238804664e-5
-2.36641367753558e-5
-2.213045330317487e-5
-2.062771923917735e-5
-1.914735144409525e-5
-1.7684425197091805e-5
-1.6247920995745718e-5
-1.482970582922836e-5
-1.3425352337066935e-5
-1.2041209223253848e-5
-1.0668853252969312e-5
-9.308884910792385e-6
-7.952792883005279e-6
-6.6161870198466246e-6
-5.280641542404563e-6
-3.955263925397572e-6
-2.6351957636867825e-6
-1.3152214889652982e-6
0.0

# 0028_r0

0.0
-0.0009477794291906089
-0.0008590512008718401
-0.0008081898757822857
-0.0007715576226611877
-0.0007409554737680949
-0.000713309241233655
-0.0006877223417082991
-0.0006635022429003991
-0.0006405559745771259
-0.0006185355019205453
-0.0005973659174302299
-0.0005770764821958895
-0.0005575353160493059
-0.0005386488830494547
-0.0005205307754389811
-0.0005029880481952204
-0.0004860863783319782
-0.00046966754935126104
-0.000453912529390354
-0.0004386145364128873
-0.00042390686654550727
-0.00040964561872416575
-0.0003959031498049225
-0.00038257739018511175
-0.00036967582670133025
-0.00035723758036613936
-0.00034524739032193257
-0.0003336386250096107
-0.00032240737537793726
-0.0003115545564650661
-0.00030103935815444384
-0.00029090340441902715
-0.0002810747467376212
-0.00027160008098112853
-0.00026243408150088116
-0.0002535809144524104
-0.000244989805324405
-0.0002366825381619462
-0.00022866420552123158
-0.0002209280522053505
-0.00021342221179262164
-0.00020616806876230337
-0.00019917087475769787
-0.0001923965639583081
-0.0001858306133436528
-0.000179482670426017
-0.00017335288756812757
-0.00016743035814263934
-0.00016168294249454507
-0.00015612643747968784
-0.00015075437385973667
-0.00014556606402685722
-0.00014052400683979704
-0.000135658800896114
-0.0001309451371897783
-0.00012638526280736007
-0.0001219711807619661
-0.00011769281536018197
-0.00011355249911397412
-0.0001095461443322413
-0.00010566392948858855
-0.0001019010412670687
-9.826163767465485e-5
-9.473171558637305e-5
-9.131443077275933e-5
-8.800303096009056e-5
-8.478875105748738e-5
-8.167654289420639e-5
-7.86529238864374e-5
-7.572503429287179e-5
-7.289004571545315e-5
-7.012648570341936e-5
-6.745218012317197e-5
-6.485376911413848e-5
-6.232446949885416e-5
-5.9869861785142636e-5
-5.7483356535008594e-5
-5.516584494492446e-5
-5.2918297631146105e-5
-5.072151778598825e-5
-4.858618404892403e-5
-4.651114811601598e-5
-4.447930508818159e-5
-4.250751806519083e-5
-4.058749099292915e-5
-3.870404966001556e-5
-3.686882548772179e-5
-3.507243324700608e-5
-3.3324142454105235e-5
-3.1609786266742356e-5
-2.9936292992084786e-5
-2.8289852732915692e-5
-2.6679587208462122e-5
-2.5099579464559244e-5
-2.3545724773349683e-5
-2.202510161670844e-5
-2.0527604819041697e-5
-1.9053329653025108e-5
-1.760087747767638e-5
-1.6165612096811654e-5
-1.4755758697030443e-5
-1.3358334168790878e-5
-1.1977824109700124e-5
-1.0611738003851431e-5
-9.257114778573491e-6
-7.91825135498349e-6
-6.582537875571966e-6
-5.2561356647755655e-6
-3.938320173650053e-6
-2.6207178025219245e-6
-1.3111064922339656e-6
0.0

# 0029_r0

0.0
-0.0009738960530627526
-0.0008849086923160644
-0.0008336268670959137
-0.0007964135732204313
-0.0007650153176526713
-0.000736694955335144
-0.0007103360691900612
-0.0006855979323392338
-0.000661905024105237
-0.0006392919088803194
-0.0006175615541579383
-0.0005966536551740738
-0.0005765117785004759
-0.0005571092499575115
-0.0005383958448405718
-0.0005203488177278294
-0.0005028934215948551
-0.00048602097792329533
-0.0004697847273334397
-0.00045405498217782525
-0.00043885112110363805
-0.0004241395279549678
-0.00040994847234730123
-0.0003962123156244247
-0.000382948544033571
-0.0003701632308586006
-0.0003577475392137253
-0.0003457244747311548
-0.00033415096208275636
-0.00032295437309641674
-0.00031209549649576613
-0.0003016188397186257
-0.00029146133764142325
-0.00028166686408867276
-0.0002721733425363415
-0.0002630058135338588
-0.00025416457384600845
-0.0002455692382364836
-0.00023725456757037297
-0.00022924218979461
-0.00022147404118010524
-0.00021396307418760364
-0.00020669713978532247
-0.00019967967742744047
-0.0001928867945889001
-0.0001863104528086361
-0.00017993541274959423
-0.00017378795084143267
-0.00016784171402897745
-0.00016207772006532288
-0.0001565059592065736
-0.00015110756561899846
-0.0001458794593875909
-0.00014083829098687312
-0.00013594765943337718
-0.0001312078305166523
-0.00012664572144372463
-0.0001221961254099309
-0.00011790609849084987
-0.00011375448464834624
-0.00010973073737090061
-0.00010583224645293011
-0.00010205920041511238
-9.840561494641583e-5
-9.485391253505214e-5
-9.142436613128458e-5
-8.80895871283006e-5
-8.48632582505811e-5
-8.173245815023774e-5
-7.870147375513094e-5
-7.574763407349766e-5
-7.28923403004843e-5
-7.012031972932086e-5
-6.742104557858621e-5
-6.48038586438891e-5
-6.225777885942752e-5
-5.979111065515974e-5
-5.738755354204386e-5
-5.504761117333218e-5
-5.277220154235148e-5
-5.0555436285664313e-5
-4.840473640162879e-5
-4.6296802069288365e-5
-4.4248443692280366e-5
-4.2251085571032166e-5
-4.029981426356405e-5
-3.8398402380883205e-5
-3.653964841295894e-5
-3.4717449663735385e-5
-3.293531220578402e-5
-3.119518599427383e-5
-2.949077310117934e-5
-2.7822240994697697e-5
-2.6177326502850696e-5
-2.4561797990296106e-5
-2.2980481200487006e-5
-2.141914591074242e-5
-1.9886158484992168e-5
-1.837275310500814e-5
-1.6883684831594513e-5
-1.5409299964704085e-5
-1.3955501665422461e-5
-1.251373477227164e-5
-1.1086754539741962e-5
-9.67716541400219e-6
-8.273791821349928e-6
-6.8820634793205096e-6
-5.4959040866533775e-6
-4.1155386162237574e-6
-2.739655851699019e-6
-1.3712388040528608e-6
0.0

# 0030_r0

0.0
-0.0009760212470084604
-0.0008868597015326596
-0.0008354731573728351
-0.0007982074890589398
-0.00076677499132149
-0.0007385200078155825
-0.0007122095743139035
-0.0006873868226146557
-0.0006637816621437398
-0.0006411832827275038
-0.0006194834798341453
-0.0005985535486413734
-0.0005784291278738884
-0.0005590532196584702
-0.0005403042005145915
-0.0005222279776611301
-0.0005047654475689903
-0.0004878736302183907
-0.0004715745345613408
-0.0004558302742804228
-0.00044059021783635815
-0.0004258800833634341
-0.00041166904298734635
-0.0003979192313660316
-0.0003846078350843585
-0.00037174823542934044
-0.00035929550482265144
-0.0003472760186348788
-0.0003356406413559854
-0.00032438211444190686
-0.0003135176597386571
-0.0003029695115159878
-0.00029283608419754524
-0.00028298938386538445
-0.0002734671118469483
-0.0002642730598817657
-0.0002553641849931449
-0.00024675321531243807
-0.000238427156814566
-0.0002303719473559029
-0.00022256302161602118
-0.00021502566933750763
-0.0002077215150594695
-0.00020066975720779904
-0.0001938507445795857
-0.0001872465916625275
-0.0001808606265934958
-0.00017467676637150886
-0.00016868481059142352
-0.0001628928792610218
-0.00015728487281437445
-0.00015186129565937043
-0.00014662246359318438
-0.00014154174560300882
-0.00013662260797213353
-0.00013186017525138597
-0.0001272565464167861
-0.00012279505818300464
-0.00011847129937969828
-0.0001142917965725872
-0.0001102380697695788
-0.00010630881720665513
-0.00010250697328547454
-9.882137442365406e-5
-9.525566493874103e-5
-9.178804914210423e-5
-8.843097380883484e-5
-8.518129631295975e-5
-8.201493322898249e-5
-7.895304886372092e-5
-7.598410779874852e-5
-7.310471840569914e-5
-7.030639863034095e-5
-6.759123422227547e-5
-6.495072484115177e-5
-6.239208383028692e-5
-5.990253931102353e-5
-5.7483835124230456e-5
-5.513096283296851e-5
-5.2841072111802685e-5
-5.061136819745314e-5
-4.8442299522379814e-5
-4.632570486494105e-5
-4.4265858865001075e-5
-4.2264697568113455e-5
-4.030466321022981e-5
-3.8388744929535346e-5
-3.65202756927585e-5
-3.469601844429885e-5
-3.2907223223644486e-5
-3.1158914380924244e-5
-2.9449937382171063e-5
-2.7774639089272353e-5
-2.6128380152873127e-5
-2.451708646300034e-5
-2.2931766115263234e-5
-2.13763239567271e-5
-1.9841434775345522e-5
-1.8330308026549595e-5
-1.6842046229478052e-5
-1.5370352405067347e-5
-1.3919101143245141e-5
-1.2484197070252601e-5
-1.1061685022382146e-5
-9.653096651090382e-6
-8.254141900344601e-6
-6.863923415726731e-6
-5.481558009317255e-6
-4.1058274878706914e-6
-2.736540926492772e-6
-1.3686275570229334e-6
0.0

# 0031_r0

0.0
-0.000978890806462029
-0.0008896719387122031
-0.0008380478758793776
-0.000800453838361061
-0.0007686819308492294
-0.0007401536535840802
-0.0007136382915593303
-0.0006884962701867607
-0.0006645666636058685
-0.0006417918039332767
-0.0006197737984576642
-0.0005987108304971137
-0.0005782889094794194
-0.0005586225192034486
-0.0005397741312370323
-0.0005215117835359705
-0.0005038288464043163
-0.0004867877022029633
-0.00047032110137897
-0.0004543782044862937
-0.0004390205090916295
-0.0004241521251728076
-0.0004098126802128989
-0.0003959248672003261
-0.00038257107650875984
-0.0003695671702440703
-0.00035703706009874585
-0.0003449340239074147
-0.0003332319989916075
-0.0003218527480997059
-0.0003109375234566116
-0.00030036953367367766
-0.00029014089568677907
-0.00028024803446051255
-0.0002706715548983108
-0.00026142012012924076
-0.0002524869924720546
-0.00024386456574388544
-0.00023549722357879492
-0.00022743229868603366
-0.00021962595366546055
-0.000212088392684716
-0.00020479853843081403
-0.0001977517537140262
-0.0001909294177862718
-0.00018433553620619136
-0.00017797451865497486
-0.00017179208129999534
-0.00016583869626987674
-0.00016009904686446782
-0.00015452109806307247
-0.00014912602312543434
-0.0001439146205671582
-0.00013887468859601906
-0.00013400883987557414
-0.0001292889438533491
-0.0001247395168992802
-0.00012031724101813485
-0.00011603778452426543
-0.00011190656502344345
-0.00010790316209276513
-0.00010402844997184838
-0.00010027143353143631
-9.664214459447299e-5
-9.311727719492838e-5
-8.971160651718586e-5
-8.640067237728352e-5
-8.320144315778758e-5
-8.009650100983753e-5
-7.70742643517579e-5
-7.416388469413437e-5
-7.133433905543959e-5
-6.858554854887095e-5
-6.591841627297939e-5
-6.332885368770262e-5
-6.0816591389224784e-5
-5.837470459696803e-5
-5.6010686575699547e-5
-5.370694607954158e-5
-5.14638375511262e-5
-4.928106609807493e-5
-4.7163760876375044e-5
-4.509578641158846e-5
-4.308449680609016e-5
-4.1125563428653807e-5
-3.9211235304219985e-5
-3.7343615103171324e-5
-3.551902274682309e-5
-3.3742701340711374e-5
-3.199982019608798e-5
-3.0299894089358853e-5
-2.8629584538775642e-5
-2.699648831896597e-5
-2.5395824803698586e-5
-2.3823609885725783e-5
-2.2280400925911435e-5
-2.0762216314554473e-5
-1.927440295964711e-5
-1.7801590997118443e-5
-1.6352579753853434e-5
-1.4924114813660098e-5
-1.3512010583921867e-5
-1.2116329113734101e-5
-1.0734608678953078e-5
-9.364280231989756e-6
-8.00836696154626e-6
-6.661501131469696e-6
-5.316945186545839e-6
-3.982481812624084e-6
-2.6509905899117295e-6
-1.3264929488296632e-6
0.0

# 0032_r0

0.0
-0.0009796030140994199
-0.0008905652646567473
-0.0008388868070981405
-0.0008012711980195332
-0.0007695891242638246
-0.0007410409526658811
-0.0007144448099419355
-0.0006893840668332792
-0.0006654039695593932
-0.0006425332275249284
-0.0006206039304194143
-0.000599446774618834
-0.0005791301527321792
-0.0005595039939369766
-0.0005405668826662437
-0.0005223287200490424
-0.0005046447484995239
-0.0004876309898790812
-0.00047117548484892306
-0.00045526996958318626
-0.0004399429112228826
-0.0004250625414941118
-0.00041069108783202787
-0.00039681725103395203
-0.0003834626810145972
-0.00037046940253219595
-0.00035793052467758877
-0.0003458363652958249
-0.00033411890736128827
-0.0003228126675805056
-0.00031186469630017975
-0.0003012725811977263
-0.0002910623196206874
-0.0002811391246661246
-0.00027157422114011453
-0.00026235789974460023
-0.00025342046215398047
-0.0002447749115880916
-0.00023643483838554886
-0.00022835702291489724
-0.00022055011975894334
-0.00021299525033460206
-0.00020571670073860486
-0.0001986374427327095
-0.00019182615185561755
-0.00018522773057762912
-0.00017885950134433648
-0.0001726824384151598
-0.00016673351419217668
-0.0001609613507793547
-0.0001553835526757193
-0.00014999023586423612
-0.00014477263894080387
-0.00013973258844307928
-0.0001348469541007847
-0.0001301152617380194
-0.0001255374389010601
-0.00012111271838542572
-0.00011682945361573229
-0.00011268776278633534
-0.00010866026372840282
-0.00010477247593034286
-0.00010100238906396909
-9.735567834798123e-5
-9.382099337637398e-5
-9.039111699875196e-5
-8.70655250868543e-5
-8.384113122446161e-5
-8.073448725338372e-5
-7.769471401617562e-5
-7.475912605875495e-5
-7.190925310020124e-5
-6.913870059007697e-5
-6.645610494398712e-5
-6.385082344618299e-5
-6.131416262784284e-5
-5.885527301453268e-5
-5.646538026442662e-5
-5.414237636677051e-5
-5.188622782858292e-5
-4.9687903833755425e-5
-4.7543674260961594e-5
-4.5461418198689495e-5
-4.342501434830963e-5
-4.145318790319044e-5
-3.9521819846886496e-5
-3.763750809589792e-5
-3.579932851250998e-5
-3.400181516267117e-5
-3.224546042699131e-5
-3.0524464171840756e-5
-2.8847943566105685e-5
-2.7200047921253385e-5
-2.5582817573890034e-5
-2.3998251154899632e-5
-2.2443802787801965e-5
-2.091185293401654e-5
-1.9410401127626133e-5
-1.792409547674708e-5
-1.646618966867241e-5
-1.5025532005062355e-5
-1.360234877037431e-5
-1.219696520124586e-5
-1.080574483469573e-5
-9.425570256883298e-6
-8.057735362478458e-6
-6.697224469166832e-6
-5.352303717565709e-6
-4.008134186172309e-6
-2.672362242290328e-6
-1.3322022894695481e-6
0.0

# 0033_r0

0.0
-0.000986468756757399
-0.0008969522169859189
-0.0008450642426906866
-0.0008071405189429417
-0.0007751595753005859
-0.0007463038241713452
-0.0007193949556987616
-0.0006940718743731035
-0.0006698897113650897
-0.0006467442626099499
-0.0006245415776042657
-0.0006032156334233137
-0.0005825839948270706
-0.0005627578337768207
-0.0005436033285607761
-0.0005251187256181983
-0.0005072431585543851
-0.0004900290920669455
-0.00047338121078630116
-0.00045731235031028775
-0.0004417790622332144
-0.00042677775204333964
-0.0004122724239733491
-0.00039828658498305736
-0.000384683540645077
-0.00037161321549505704
-0.0003589417492544556
-0.00034670655838361285
-0.00033491980668183514
-0.00032349031446856453
-0.0003124491185856346
-0.00030179736523035613
-0.00029149591360231876
-0.0002815320755555362
-0.0002719001432240485
-0.00026259650396382215
-0.000253619273811514
-0.00024493800039585375
-0.00023653056017978137
-0.00022843735442196783
-0.0002206093112052583
-0.00021302406004466634
-0.00020569262064661743
-0.00019862653382968074
-0.0001917924106774271
-0.00018518850988472857
-0.00017879279297353473
-0.0001726050302212416
-0.00016665615776916484
-0.00016087710488722138
-0.00015528381313483682
-0.0001498876242789939
-0.0001446622269124075
-0.00013961451940688763
-0.00013472052145172112
-0.0001299874303645057
-0.00012541710149782862
-0.00012099011324186932
-0.00011670222890210751
-0.00011255807777804578
-0.00010853655534679251
-0.0001046507694734654
-0.00010087853670853605
-9.722656579846374e-5
-9.369265207107861e-5
-9.026846410450904e-5
-8.694632103241501e-5
-8.373960470802926e-5
-8.060866287680432e-5
-7.75770848699061e-5
-7.464610022969153e-5
-7.179756116592263e-5
-6.903136036563402e-5
-6.63534214544422e-5
-6.374542382494581e-5
-6.12174694660608e-5
-5.8764074664233463e-5
-5.637551468562163e-5
-5.40536688546206e-5
-5.179513286906455e-5
-4.960189088013145e-5
-4.746220964794181e-5
-4.538096696165077e-5
-4.335458583916935e-5
-4.1374485937456514e-5
-3.944933224379735e-5
-3.7570734537637374e-5
-3.573155990383541e-5
-3.3935152417731546e-5
-3.218357141124201e-5
-3.047046936610518e-5
-2.8794043606803727e-5
-2.7146662455003444e-5
-2.5536151418656677e-5
-2.3953140321134462e-5
-2.240234152259237e-5
-2.0875243580502755e-5
-1.9374447607343508e-5
-1.789369817628281e-5
-1.643755959787321e-5
-1.4999537779987732e-5
-1.357849599352507e-5
-1.2173100490562832e-5
-1.0787500531631108e-5
-9.411223963596519e-6
-8.04747589470779e-6
-6.6922708423017e-6
-5.344099250861036e-6
-4.0000932238562806e-6
-2.6661485551341173e-6
-1.3336991491417707e-6
0.0

# 0034_r0

0.0
-0.0009920929447006011
-0.0009029423996652705
-0.0008513529927830644
-0.000813525827711749
-0.0007815670575484948
-0.0007527885861378402
-0.0007259773185605509
-0.0007007163469279195
-0.0006766102924024871
-0.0006535572215362279
-0.0006314151281966647
-0.0006101059344054059
-0.0005895305482663965
-0.00056975527505011
-0.0005507087999349709
-0.0005322340415698784
-0.0005144228208419678
-0.0004972129510488584
-0.0004805476397331325
-0.00046452043706558853
-0.0004489887063847531
-0.0004340107702552988
-0.0004195074786781919
-0.0004054545327099139
-0.0003918516313119897
-0.0003787356501049928
-0.00036603141107648725
-0.00035374217877905047
-0.0003418798356293916
-0.00033039328077392105
-0.00031927571859020627
-0.0003085380302176778
-0.0002981485883407726
-0.0002880773918070189
-0.00027835562932229256
-0.0002689357141982185
-0.0002598636990178265
-0.000251056379706469
-0.00024256238525224803
-0.00023431409420971791
-0.00022636954783102637
-0.00021866954572137516
-0.00021121650334959285
-0.00020401062963485266
-0.00019702691066363185
-0.0001903013656802945
-0.00018378271133317106
-0.00017746525146674895
-0.00017137634915056235
-0.00016546772198148835
-0.0001597616573038772
-0.00015425937900325116
-0.000148908870230137
-0.00014373889664137215
-0.00013873928818450748
-0.00013389471406242495
-0.00012921327765014345
-0.0001246684912906781
-0.00012028189763238605
-0.00011603398309845006
-0.0001119139905606174
-0.00010792606660502946
-0.00010406650503222858
-0.00010032010580555704
-9.669735794433215e-5
-9.31803724308152e-5
-8.977596638512531e-5
-8.646874258154629e-5
-8.326921759340073e-5
-8.016237923045383e-5
-7.714835308984687e-5
-7.421770005527262e-5
-7.137595965241836e-5
-6.862366625853495e-5
-6.59538217002698e-5
-6.335038196885e-5
-6.0828839031708315e-5
-5.837003877486831e-5
-5.5986755156087045e-5
-5.366989506204202e-5
-5.1408634673782286e-5
-4.920716370488855e-5
-4.706379752162596e-5
-4.497602928736731e-5
-4.29388845742317e-5
-4.095324152660092e-5
-3.9011585493116016e-5
-3.711827371094496e-5
-3.526616603417598e-5
-3.345561249064359e-5
-3.167891981401428e-5
-2.9945343562278726e-5
-2.824757368385519e-5
-2.657323403163826e-5
-2.4930521594634356e-5
-2.3321971435886396e-5
-2.1741312937446495e-5
-2.0180030888246096e-5
-1.8645343334624835e-5
-1.7129020499276435e-5
-1.5634925344302268e-5
-1.4158029489767349e-5
-1.2697158460677428e-5
-1.125031497576367e-5
-9.813414230506586e-6
-8.392134917168736e-6
-6.979046649813948e-6
-5.573655526309937e-6
-4.175293450513571e-6
-2.7802985894164104e-6
-1.3888743260580696e-6
0.0

# 0035_r0

0.0
-0.00098953440287145
-0.0009000999435467798
-0.0008484511067928759
-0.0008107265866748646
-0.0007788335003057874
-0.0007500716932294459
-0.0007233502642882313
-0.0006980885549915758
-0.0006740385448543502
-0.0006509836523240125
-0.0006289384223756308
-0.00060759725185563
-0.0005871067663633776
-0.000567371259698523
-0.0005482528193889432
-0.0005298560434726247
-0.0005120594166058433
-0.0004948641140191562
-0.00047823759972859476
-0.00046220482696787826
-0.00044668378998051234
-0.0004317074559720841
-0.0004172383627114169
-0.000403208864312
-0.00038968586839893904
-0.0003765842178973001
-0.00036389562498347257
-0.00035169647733748814
-0.00033985564676724704
-0.0003284346613253972
-0.00031740739674043295
-0.00030667883250569373
-0.0002963576908156051
-0.00028636418560473026
-0.00027672193497950637
-0.00026736448697340715
-0.00025830801372051665
-0.00024959379369212303
-0.0002411591650920669
-0.00023300495964662815
-0.00022509089275097775
-0.00021744944572690974
-0.00021008449735355808
-0.0002029471587197064
-0.00019602684595728236
-0.0001893342893212374
-0.00018289684738609924
-0.00017663867654748835
-0.00017059751034517915
-0.00016474932527239613
-0.00015908724696257626
-0.00015360069586849043
-0.00014830993828261125
-0.00014317867020038427
-0.00013820847204076554
-0.00013340330089420268
-0.00012874190290458953
-0.00012424458243902393
-0.0001198853162847634
-0.00011565541134265044
-0.000111557252161968
-0.00010759750673902111
-0.00010374620421600743
-0.00010002359056267689
-9.641860126859527e-5
-9.292139813397007e-5
-8.952859263897056e-5
-8.623829992681686e-5
-8.305376894160881e-5
-7.995338504215641e-5
-7.694904243291276e-5
-7.403896603599726e-5
-7.121667886576982e-5
-6.846589893288894e-5
-6.580241414553828e-5
-6.320801686705201e-5
-6.06978427585624e-5
-5.8244677442242467e-5
-5.5864141459221994e-5
-5.3547701064425304e-5
-5.129380968598659e-5
-4.90998981410964e-5
-4.6961944606412404e-5
-4.48782691970301e-5
-4.2846019161479826e-5
-4.0862495015680826e-5
-3.892787478967322e-5
-3.703595160232011e-5
-3.518765221880054e-5
-3.338012048974174e-5
-3.160806946372449e-5
-2.987862746134919e-5
-2.817797561899709e-5
-2.6510632154165076e-5
-2.4876038603778543e-5
-2.3269568999083002e-5
-2.1685644437361784e-5
-2.0132656821694472e-5
-1.8601781034362646e-5
-1.709159801818927e-5
-1.560049549861761e-5
-1.4122450912923661e-5
-1.2668651391328419e-5
-1.1222196252129563e-5
-9.794332295385137e-6
-8.375940638598273e-6
-6.966223945734034e-6
-5.563968079452125e-6
-4.163777999685459e-6
-2.7740707492209286e-6
-1.3885216006465084e-6
0.0

# 0036_r0

0.0
-0.0009912316216216697
-0.0009018950453340291
-0.0008499915677561471
-0.0008121453990289566
-0.0007801703743416109
-0.000751329706990644
-0.0007245688278194499
-0.0006991820224834902
-0.0006750530612140171
-0.0006520003502237666
-0.0006298327500415491
-0.0006084314556316408
-0.0005879017248273615
-0.0005680966540899826
-0.0005489877107690377
-0.0005305355267755132
-0.0005126986949231038
-0.0004954828792108218
-0.0004788777992602143
-0.0004627993964786214
-0.00044725886392525395
-0.00043224328365976903
-0.0004177343184404524
-0.00040365854843561966
-0.0003900928054278747
-0.0003769752527048865
-0.00036427791594844
-0.00035202773454202886
-0.0003401861435588108
-0.0003287343584125417
-0.0003176506406833427
-0.0003069319975135022
-0.000296576525028784
-0.00028657195861244903
-0.00027691038137555945
-0.0002675281906254929
-0.00025848646171703477
-0.0002497334424891229
-0.00024128113720168608
-0.00023307436278294173
-0.00022515701872348102
-0.00021750336143583278
-0.00021008820869467763
-0.00020293824601240825
-0.00019600618149800687
-0.0001893199032637867
-0.000182834327191226
-0.00017656196040778636
-0.000170492569367844
-0.00016463452262934704
-0.00015896098927633027
-0.00015347091782872885
-0.00014815762246573222
-0.00014301312048835358
-0.00013805114873829
-0.00013324190280923086
-0.00012857561258461308
-0.00012406656848754349
-0.00011970045698963031
-0.0001154766160289655
-0.00011137769307905708
-0.00010740310326980819
-0.00010356853926242689
-9.984378301603489e-5
-9.623086593932624e-5
-9.273357385520639e-5
-8.93368234634236e-5
-8.605745779804213e-5
-8.286045747887549e-5
-7.97683573918238e-5
-7.676292666887912e-5
-7.385203860171436e-5
-7.103305204689976e-5
-6.828859687761601e-5
-6.561772082119464e-5
-6.3030858523777e-5
-6.052063906215584e-5
-5.8078709179046266e-5
-5.569848845261268e-5
-5.3383005448811365e-5
-5.113267537287435e-5
-4.894300383862963e-5
-4.6811135566553036e-5
-4.472667065315855e-5
-4.270005971129066e-5
-4.072607038084652e-5
-3.879421871921453e-5
-3.690985901103916e-5
-3.506700419041507e-5
-3.326519420303437e-5
-3.150440843956043e-5
-2.9772411198870427e-5
-2.8078815615885656e-5
-2.642117994186886e-5
-2.479585098003091e-5
-2.318961258945547e-5
-2.16164535658698e-5
-2.0063993683727178e-5
-1.8540121414874674e-5
-1.703136476545598e-5
-1.5545346278829847e-5
-1.4074185494725489e-5
-1.2620117853241027e-5
-1.118409390439869e-5
-9.760094529464324e-6
-8.34428051723901e-6
-6.939855888230238e-6
-5.540202547817638e-6
-4.151085236941457e-6
-2.761868188174337e-6
-1.3809056059473372e-6
0.0

# 0037_r0

0.0
-0.0010024031411878056
-0.0009128705360860599
-0.0008606188913537241
-0.000822400923872244
-0.0007900696263794498
-0.0007608682952335289
-0.0007337582080310755
-0.0007080808841186435
-0.0006836674109410352
-0.0006603286455128763
-0.0006378994170212059
-0.0006163509040172461
-0.0005955376894883287
-0.0005755595776714458
-0.0005562324665646743
-0.0005375806210514911
-0.0005195517488582704
-0.0005021608967662451
-0.0004853608078868496
-0.0004691422662810296
-0.0004534503191870017
-0.00043829002048769865
-0.0004236499043806823
-0.00040949075961392204
-0.0003957716957051736
-0.0003825422051870756
-0.00036976356696416914
-0.00035736958870564875
-0.0003454251202953262
-0.00033385817546706067
-0.0003226760618195903
-0.0003118479299721653
-0.00030139252807516605
-0.00029129320092693755
-0.0002815156535800457
-0.0002720574623289782
-0.0002629180298691257
-0.00025408030375161593
-0.0002455207654964257
-0.00023726148311308809
-0.0002292587346048695
-0.0002215309487600738
-0.00021405170432014638
-0.00020679547953474472
-0.00019981191556800606
-0.00019303533106513997
-0.0001864987967546479
-0.00018015844016584735
-0.00017400988750976726
-0.0001680799981984551
-0.00016233357430973008
-0.00015677416175928556
-0.00015139688142099504
-0.00014616947654551404
-0.00014113737604322998
-0.00013624187882857152
-0.00013151174872477612
-0.0001269395847865337
-0.0001224925648450139
-0.00011819287771702208
-0.00011403856652818096
-0.00010999349729268316
-0.00010609042754120442
-0.00010229727441858776
-9.863030378208451e-5
-9.506479858599679e-5
-9.16209096303058e-5
-8.826856905526519e-5
-8.501991191771579e-5
-8.185885100478853e-5
-7.88032284728122e-5
-7.582513232400555e-5
-7.294106868614414e-5
-7.014253408654682e-5
-6.74153054749482e-5
-6.47703705527483e-5
-6.219358855308414e-5
-5.968964253391743e-5
-5.725497897822764e-5
-5.48856675871502e-5
-5.2583156625791534e-5
-5.0336811046492716e-5
-4.8141135458048734e-5
-4.6007374667164916e-5
-4.3924230648669036e-5
-4.1890775378115915e-5
-3.990775256858287e-5
-3.797147477661529e-5
-3.607848260955072e-5
-3.4227241995435094e-5
-3.2406515072310644e-5
-3.06289223667437e-5
-2.889015984094923e-5
-2.718055185374922e-5
-2.5500587352158978e-5
-2.385292077927765e-5
-2.223088642063182e-5
-2.0633441375747373e-5
-1.9065518743497022e-5
-1.7513355424190184e-5
-1.5981099549848188e-5
-1.4473259824496006e-5
-1.2977374531730167e-5
-1.1498871378328045e-5
-1.0034929520856028e-5
-8.579170076491778e-6
-7.133696762251313e-6
-5.699821838651253e-6
-4.269393277237453e-6
-2.844827461270721e-6
-1.420874419546144e-6
0.0

# 0038_r0

0.0
-0.0009996208939125023
-0.000910152492455345
-0.0008580213591043839
-0.0008199451810590284
-0.0007876083639673144
-0.0007583805321291637
-0.0007312723229060213
-0.0007056268086836757
-0.0006810827813831631
-0.0006577385403169874
-0.0006353229903018327
-0.0006136551533622747
-0.0005927676540132017
-0.0005726843514373988
-0.0005532635668044522
-0.0005345826625112525
-0.0005164741970604235
-0.0004990183994566679
-0.0004821268882836699
-0.00046585027372775923
-0.00045008319987249024
-0.0004348168460502802
-0.00042010921241750394
-0.0004059287168678336
-0.00039218485799482293
-0.00037891669860040607
-0.0003660773891676099
-0.00035365927627426495
-0.0003416715739840867
-0.00033007333042349733
-0.0003188703117073974
-0.0003080258090396564
-0.00029755991935311455
-0.00028744792968135813
-0.0002776507990069689
-0.0002681818397999638
-0.00025904132144844046
-0.0002501930257413704
-0.00024164786053255943
-0.00023337368146680987
-0.00022538039636911116
-0.00021764187482375863
-0.00021016776566796166
-0.00020292422545263074
-0.00019593822685649986
-0.00018918681892025785
-0.00018264436691306697
-0.0001763251848125057
-0.00017018910988731025
-0.00016428148830946015
-0.00015856570668819537
-0.00015302744173212242
-0.00014767209378699307
-0.00014249037265435375
-0.00013747123931242357
-0.00013262876783691396
-0.00012793294835484638
-0.00012339871508945698
-0.0001189982032621216
-0.00011475324784755548
-0.00011062840443464918
-0.00010664211406132051
-0.00010279063653283284
-9.905043802535802e-5
-9.54260750091623e-5
-9.192347619385293e-5
-8.852716328103885e-5
-8.523989853073349e-5
-8.204505428907205e-5
-7.89608324567732e-5
-7.596572068462795e-5
-7.30475444961816e-5
-7.023248208962522e-5
-6.749834565187839e-5
-6.484612163858603e-5
-6.226353582446555e-5
-5.976545054691313e-5
-5.733316351295629e-5
-5.4969053932778926e-5
-5.267179572994201e-5
-5.043790330001944e-5
-4.8258359457913716e-5
-4.614273287865474e-5
-4.407663927299611e-5
-4.206468754127409e-5
-4.0107661522301185e-5
-3.8194105930726255e-5
-3.632707804215696e-5
-3.4504790775406006e-5
-3.2725613336531495e-5
-3.0983851921697945e-5
-2.9273875238818713e-5
-2.7600733683919862e-5
-2.5962675011226374e-5
-2.4357340470850996e-5
-2.2778471259289158e-5
-2.122639559360374e-5
-1.9699271789411868e-5
-1.8199409036981654e-5
-1.6716793713488777e-5
-1.5254800281877432e-5
-1.3809112859883658e-5
-1.2380219138743103e-5
-1.0971986824352401e-5
-9.57311678360969e-6
-8.185608694638422e-6
-6.80283914115976e-6
-5.434565815192796e-6
-4.069332454738747e-6
-2.7086424326891278e-6
-1.352969427215781e-6
0.0
