
# 0001_r0

-0.6481699323531475
0.1112677492856452
0.04041105832099544
0.02261946260286474
0.016562237685262493
0.013790428720686648
0.01220918379282369
0.011151360973157805
0.010359676977748308
0.009719594188184456
0.009175293439845841
0.008694672928970009
0.008259467141229073
0.007859553604855822
0.0074888679763231
0.007141882810984874
0.006815161564994602
0.006506452051129568
0.006213694906489833
0.005935217846917888
0.005669472360644921
0.005415813301992693
0.005173901360925123
0.0049431332341140655
0.0047238674579265965
0.00451497802788223
0.004315358919969223
0.004124614066010549
0.003942431227898214
0.003768495249650238
0.0036021708543141585
0.0034432382089804973
0.003291051809961164
0.003145383981171688
0.003005868278184717
0.0028723146290926607
0.0027446717701956696
0.0026224116388944402
0.0025054640643667955
0.002393931309859924
0.002287761337466022
0.0021862516933055286
0.0020894753726812764
0.001997256720508547
0.001909415534160462
0.0018254174581685838
0.0017449097468434668
0.0016682562019711537
0.001594969804487462
0.0015249282165609227
0.0014580958061772508
0.0013942091505716216
0.0013331975638827822
0.0012751526745103
0.0012196710527226022
0.001166675651980393
0.0011161828264671498
0.0010679257539707716
0.0010217989256905843
0.0009776977881636292
0.0009355274617852061
0.0008953283767676627
0.0008570261112922544
0.0008202734069052515
0.000785011385639985
0.0007512169328004538
0.0007189596318786433
0.0006883575890869124
0.0006590641076442521
0.0006311157475823588
0.0006045925206951584
0.0005792864516905982
0.0005551428040697295
0.0005321074771048615
0.0005102576296902175
0.0004893351370742365
0.0004692899365162679
0.00045018770260558445
0.0004319642879653209
0.0004145933313875765
0.0003980527532905755
0.0003823262929152629
0.00036752795115239484
0.0003534710229096352
0.00034000204511744076
0.000327135225479003
0.0003148883405995787
0.0003032905833065041
0.0002922829418208637
0.0002819128513274192
0.0002721951771086098
0.0002630450781587564
0.000254503585585269
0.0002465037160267481
0.00023900340919591538
0.0002319842227314411
0.0002254088014059426
0.0002192786551546672
0.00021360148784607325
0.00020836230248703815
0.0002035415919255023
0.0001991686679255607
0.00019520266651690173
0.00019162006933928059
0.00018850901169848293
0.0001857425362183386
0.00018337303349301822
0.00018133228039725742
0.00017969821071760808
0.00017851459035193317
0.00017772327871541245
0.00017728056517028425
0.00017715298837842896

# 0002_r0

-0.648179399173925
0.11128634313724424
0.04043983520980269
0.022648049206452605
0.016587357204990653
0.013811620126697125
0.012226882300769326
0.011167934772399659
0.01037632970245665
0.009738035351587293
0.009194421703754355
0.008714173433589005
0.008279075675971755
0.007879374140762013
0.007508463516681829
0.007161693026472672
0.006835478392404033
0.006527740927319398
0.006235969263565565
0.005959559233820977
0.005696691493179856
0.005445677944907251
0.005206491139287525
0.004978860246730511
0.004761845673640753
0.0045545594442517445
0.0043558426587495475
0.004166365256161064
0.003985831223260583
0.0038135193481850316
0.003648726329287369
0.0034910250393624005
0.0033400175103817406
0.0031958187551735366
0.003057547383316326
0.0029255584189176466
0.002798823752405337
0.0026769957158279344
0.002560204821530646
0.0024484799777219407
0.0023413575126973634
0.0022390377956940195
0.002141141788757601
0.0020478842111000656
0.001958488081413502
0.0018729493780882643
0.001790771126433341
0.001711912492203093
0.001636603512731127
0.0015646023373674211
0.0014959111070477825
0.0014302963634206405
0.0013674760197968285
0.001307562938871701
0.0012504401536988657
0.0011957975092668546
0.0011435312173624812
0.0010935544771216465
0.001045554196343915
0.0009996275068453358
0.0009557694692047477
0.0009139583792984326
0.0008740576227739584
0.0008358742114043388
0.0007997586492474205
0.0007652169303397213
0.0007321897676589968
0.000700631906849261
0.0006706425114766393
0.0006422133162554541
0.0006152200401698938
0.0005895161525975729
0.0005649579436338582
0.0005415469144395146
0.0005193207058988277
0.0004982058259900875
0.0004781060095309543
0.0004588657728154281
0.00044057638650367166
0.0004230946636126703
0.00040638984808858244
0.00039045270284765443
0.0003753099867721459
0.0003609036891134396
0.0003472437207860947
0.00033431487131215415
0.0003220475662195698
0.00031044502891776566
0.00029947459828183226
0.0002890699660556581
0.00027926048864326114
0.0002700591787443274
0.0002613982135683383
0.00025330701539537614
0.0002457398401559792
0.00023865168662999065
0.00023213921439601163
0.00022611381450907982
0.00022049883925338764
0.00021529881020791942
0.0002105516713709345
0.00020622103247156494
0.00020229800126441076
0.00019872432959304787
0.00019549579098367375
0.0001926491581821074
0.00019019410934462805
0.00018815207811934665
0.00018647574876022184
0.00018513743568254322
0.00018421274407985473
0.00018365462534935444
0.00018345100301958795

# 0003_r0

-0.6478403617990424
0.11162355260028002
0.04075953933959683
0.022956301193248294
0.016886048996229815
0.014102131441085877
0.012508653815303219
0.011438652327689017
0.010636140822856905
0.009985440586969515
0.009430118467467833
0.008938957045880071
0.008494500928652437
0.008085444833054697
0.007704530646955587
0.007347056415500988
0.00700996885351801
0.0066917452947524375
0.006390930911484357
0.006105246064105582
0.005833602003081447
0.005574893492729482
0.005327867678018133
0.005092690652326959
0.004868238005462951
0.004653556767997511
0.004448643010111019
0.00425273412087057
0.00406511763742108
0.003885449365974924
0.003713613680743352
0.0035491946506497818
0.0033924719904143007
0.0032432116890073284
0.003100811146459046
0.00296504236233646
0.0028353357922183786
0.0027114648788345336
0.002592747504280005
0.0024795375803793413
0.0023714729478036263
0.0022683900707036954
0.0021696123298342172
0.002074931653271236
0.0019843359115456092
0.001897621013822098
0.0018148951659193995
0.0017358366520243737
0.0016603797836226297
0.0015880620155222429
0.0015187539755993106
0.0014525894627024725
0.001389110219654803
0.0013284789813359608
0.0012705724194446374
0.0012151604479278125
0.0011620584540490925
0.0011110293456236798
0.001062061945261294
0.001015234528118769
0.0009705525487111344
0.0009278813768139271
0.0008871089057544771
0.0008482964565401749
0.0008113703098426754
0.0007762554838252259
0.0007429229581887672
0.0007111920616706989
0.0006811653241786099
0.0006525968612145691
0.0006252733001703478
0.0005990344531535336
0.000573897113363703
0.0005497858945237002
0.0005268145165958485
0.0005048591656860842
0.00048393580971189227
0.0004639978079161165
0.00044509000540283707
0.0004270132049431159
0.0004097115995037352
0.0003933015558963652
0.00037764264965163037
0.0003627005641388794
0.0003485240081337284
0.00033505905884739404
0.00032232258524511777
0.00031023990236093686
0.0002988523704119372
0.00028815451319887895
0.00027807007531956954
0.0002685584832582274
0.0002595753706709281
0.0002511533315018968
0.00024328660464915028
0.00023587488292103534
0.00022897010114288072
0.000222553563847701
0.00021664774685655096
0.00021127899015507384
0.00020644129772453163
0.00020201625212462552
0.00019803915964333054
0.00019442863874097972
0.00019116693972957326
0.0001883530337564031
0.0001858721126576696
0.00018376866929188795
0.00018208230740134456
0.000180767089596203
0.00017979779643695232
0.0001792011124012538
0.00017900671329511335

# 0004_r0

-0.6478219060342508
0.11160415381449415
0.040753294694566254
0.022955750823023195
0.016888332953169403
0.01410474029472623
0.012510431685868458
0.011441341411113885
0.010639957491870602
0.009990966211599119
0.009437215885625539
0.008947345254915046
0.008503959169798608
0.008095867606692817
0.007715876413046176
0.007359109067960034
0.007023160337107977
0.006705842454498781
0.006404723076565673
0.006118457085893308
0.005846387675013569
0.005587204253595847
0.005339394250667423
0.005102867199336206
0.004877153333380349
0.004661317247690194
0.0044555946451852145
0.004258787007470466
0.004070217307046813
0.00389038609992231
0.0037182971723784693
0.0035544024429226503
0.0033975205607928824
0.0032470617653554265
0.003103741623929515
0.0029667274955155966
0.002835800582757591
0.0027110036456477055
0.0025917477056881075
0.002477485931155553
0.002368290551455806
0.0022637869670747023
0.0021641117822376317
0.002068601036095188
0.0019772712014673975
0.001890118000791836
0.00180720905756671
0.001727859617889424
0.0016519785257363081
0.001579501349678273
0.0015102756606559483
0.0014443145621397947
0.0013809881545590352
0.0013203394068779146
0.0012623015918426053
0.0012068641105736748
0.0011540682826797614
0.0011039704156185829
0.0010562489151771087
0.0010105496800339793
0.0009668541710820842
0.000925054290258295
0.0008849687970177462
0.000846655501722436
0.000810077748838745
0.0007752653011620888
0.0007421016116550855
0.0007104200529267391
0.0006802131920410922
0.0006513357225433682
0.0006239388244295449
0.0005977662737030529
0.0005727790528653832
0.0005490342131783164
0.0005263386456164813
0.0005047112938559552
0.00048408796741366037
0.00046453143155208423
0.0004459491737413777
0.0004281002877991002
0.00041110511463888805
0.0003949499067516543
0.00037959057256940206
0.0003650057793583323
0.0003511715305583029
0.0003380867319093457
0.0003257601573415234
0.0003141116075186296
0.0003031425652518394
0.0002926528304090618
0.0002826222409184958
0.0002730820813456192
0.00026407744963039605
0.0002555703891329988
0.00024762293663023157
0.00024014688787663048
0.00023320559343043102
0.0002267614295455175
0.00022079782875598155
0.0002152708742214606
0.00021019797982366366
0.00020557168763807613
0.00020136520164249972
0.00019753154204308699
0.000194220124228726
0.00019137529907133083
0.00018891876532055844
0.00018676934435653993
0.00018494193211028687
0.00018351097023841956
0.00018251439013540556
0.00018189611003108108
0.0001817010161984495

# 0005_r0

-0.6482236452405931
0.11133267595555926
0.040489240618910946
0.022699176285938403
0.016640758826242653
0.013866933371867401
0.012282156494370427
0.011222743354067028
0.010430144870776994
0.009789285709394416
0.009243299323106885
0.008760381061151954
0.008323068992429006
0.007920870596329036
0.007546404504538487
0.00719534372853263
0.006865857182284672
0.00655564818520246
0.00626212843011424
0.005983149318881595
0.005718253321793659
0.005465631522458629
0.005224626953909518
0.004995144373039865
0.004776536053941636
0.004568314486925078
0.004369542429323065
0.004179804917812687
0.003998648615953899
0.0038252000061669246
0.0036595271843531075
0.0035009871591642283
0.0033491118644851416
0.003203744055293961
0.003064562583009917
0.0029316244308203515
0.0028045180352373653
0.002683058364229563
0.0025667939937502643
0.0024557037654262745
0.002349337525108328
0.0022477102086742736
0.0021506976689259515
0.0020577474023612307
0.001968603228457928
0.001883349417560788
0.001801819554523845
0.001724060796329822
0.0016496998019230435
0.0015783610184501432
0.0015099340951370362
0.0014444779457430648
0.0013819865217568974
0.001322223417069916
0.0012650810269321372
0.0012104958979887465
0.0011583440501921666
0.0011083557716519692
0.0010605723059361157
0.001014873373756502
0.000971175825680789
0.0009296200849295011
0.0008898951721854906
0.0008520104709340622
0.0008158084331514401
0.000781272407093563
0.0007484246916605689
0.0007172060107173075
0.0006874588054710851
0.0006589908201920059
0.0006317215996158586
0.0006056677147706304
0.0005807477479496547
0.0005568236261767401
0.0005339077451625786
0.000512054996168136
0.000491274564075101
0.00047148405108309114
0.0004527224931292854
0.000434908491489603
0.000417948759235194
0.00040191741418366003
0.00038661485389669047
0.00037208843934024834
0.0003582815450191408
0.0003451531877600167
0.0003327063726201221
0.00032094396019516976
0.0003098443899217106
0.000299304192368965
0.0002893923910548179
0.00028003398044440514
0.00027129047488889523
0.0002630838133200233
0.00025539014432920124
0.00024821390978326555
0.00024162091206801688
0.00023545969413031885
0.00022977914441026909
0.00022459385488041167
0.000219814194004152
0.00021543238100227792
0.00021141729709889682
0.00020789658635837389
0.00020483227750666587
0.0002021562428022843
0.00019985913493567896
0.0001979449975457023
0.0001964215238010772
0.0001952314197744376
0.0001943802029913144
0.00019385403953067515
0.00019371472784487413

# 0006_r0

-0.6481108745025146
0.11136489500960338
0.04051033857231291
0.022717056532913803
0.016654552710028348
0.013878324661461475
0.012293856656517041
0.011232716259869864
0.01043872346324219
0.009797403593131014
0.009251356343702152
0.008769012166248619
0.008331824810924749
0.007929584116756502
0.007555582403243401
0.00720543038783913
0.00687565171985264
0.006563318011745531
0.006266723504846247
0.0059850609752351005
0.005716761261092562
0.005460537380881357
0.005216130287915281
0.0049824077619415475
0.00475947335764035
0.004546357136132328
0.004342663134328257
0.004148646008065014
0.003963512151475738
0.0037867368572321726
0.0036177211652196274
0.0034561074424177586
0.0033022356307197353
0.0031553618417842874
0.0030144609461098025
0.0028798385569585943
0.0027513431096873172
0.002628517952608977
0.0025106655182064825
0.002397906975093702
0.002290218109412913
0.0021875090032155886
0.0020899632986736056
0.0019970862029215614
0.0019085065662174231
0.0018239531733986274
0.001743425681477898
0.0016666728153114404
0.0015936981155117607
0.0015242470285414254
0.0014577876174171837
0.0013942039739040823
0.0013333448807789498
0.001275148324433681
0.0012192256087249639
0.0011659493598420321
0.0011150016863579492
0.001066323606297439
0.0010197546185249317
0.0009751208750875514
0.0009324382173067217
0.000891822266148475
0.0008532387985005146
0.0008164907371267206
0.0007814507671112733
0.0007480623164880976
0.0007163190098519527
0.0006860750081603379
0.0006571148601244302
0.000629382657131721
0.0006029111200656507
0.0005778156938064757
0.0005538692288000655
0.0005310107063793358
0.0005091794984646413
0.0004884158870549048
0.0004685647894043825
0.0004495579686714921
0.00043133630363408634
0.0004139709351716403
0.00039743221547107916
0.00038169590889454544
0.00036687660947633624
0.0003529262456412903
0.0003396761763553706
0.00032711623646509774
0.00031524233753044026
0.00030404395066133014
0.0002934143295596605
0.0002833952899128941
0.00027401225511647993
0.000265205859357568
0.00025690076273500207
0.0002491437721080321
0.00024193995356254695
0.0002351186209729115
0.00022868727647142427
0.0002226998580633054
0.00021717981726606192
0.00021209779026198903
0.00020748627127225466
0.0002034117215205167
0.00019971757005939032
0.0001963615436381351
0.00019337835365474488
0.00019074109906258335
0.00018844732227502495
0.0001864268795852502
0.0001847878380665551
0.00018355114065091505
0.00018266657845566746
0.00018214284372975852
0.00018195897102496282

# 0007_r0

-0.648202118005826
0.11132115891672992
0.04047315810585978
0.02268341807566237
0.016627149006380036
0.013855085494077364
0.01227267526317831
0.011213734490196988
0.010421678946521165
0.009781048457742369
0.009234384172755225
0.00875110001743749
0.008314539074660983
0.007912777094919379
0.007538902261211561
0.007188417569530312
0.006858002281393996
0.006545911549153569
0.006250255262124881
0.005968616938588907
0.005699411662550705
0.005442894828863787
0.005198274768228795
0.004964805792855855
0.004741631396316871
0.004528885177976913
0.0043264965553336246
0.004133922898673782
0.003950413056950123
0.0037751696447276004
0.0036080604215366443
0.00344915360006304
0.003297898428589351
0.0031536121615438257
0.0030156435029208574
0.0028832901835418403
0.002756630173774683
0.002635779927557406
0.002519888384585971
0.00240882767489985
0.00230241828815406
0.002201083938440879
0.0021044028175467465
0.0020124085197626264
0.0019246589295824194
0.0018408309643392865
0.0017603855209359415
0.0016833424990981762
0.0016097004682001687
0.0015391333837964291
0.0014715464106316671
0.0014067447936672646
0.0013446929359428766
0.0012853475069090597
0.00122870109085764
0.001174697441661869
0.0011231153520479661
0.0010737978749929564
0.0010267188276721485
0.0009818690098523258
0.0009391884553344692
0.0008986903897705296
0.000860109687179815
0.0008231724981519533
0.0007878929106971558
0.0007544814185756742
0.0007227315940978904
0.0006925128070558492
0.0006637363581030329
0.0006362091063762389
0.0006098187183825522
0.0005846539918744438
0.0005604999692257178
0.0005374127825323976
0.0005153840121220985
0.0004944541289582129
0.0004745264306482379
0.00045559245087520235
0.00043755981253334585
0.0004204179782151836
0.000404126326860714
0.0003885157873326815
0.00037363104832273516
0.00035940284292454016
0.000345977459782971
0.00033327464233870403
0.0003212505043701325
0.0003098701218225065
0.00029905421277488483
0.0002887588530313489
0.0002789540557921109
0.00026969053898617953
0.0002608742332864648
0.000252511942438946
0.0002446392873767375
0.000237309657755992
0.00023054969228490603
0.00022432050552241407
0.00021863692768156416
0.00021344885386596167
0.0002087027484514439
0.0002043944779531064
0.0002004960861275013
0.00019696805247303097
0.00019378359044266603
0.00019096223861999576
0.00018856825092164413
0.00018658082814126652
0.00018492305463253534
0.00018365594883178234
0.00018278567150956478
0.0001822406220321943
0.0001820619608954779

# 0008_r0

-0.6479899474103258
0.11146009323841898
0.04059777812481693
0.022793566631648474
0.016721074837608044
0.013936394224663891
0.012344451015937253
0.011277993662890201
0.010479591417242416
0.009833177714312927
0.009282005891171567
0.008794377563571694
0.008353201199457814
0.007947105681989957
0.007569444421916399
0.007215794024767276
0.006882131178579853
0.006566145555586309
0.00626668588086949
0.005981657521931069
0.005710424703781304
0.005451831690289719
0.005205027126655567
0.004969807450821637
0.004746140088813245
0.004532758345375222
0.004329176892121125
0.004134772594215001
0.003948997141235548
0.0037715981226153347
0.0036028887163387538
0.003442489425640806
0.003289456777467013
0.0031435508698046477
0.0030043138855295214
0.0028710512379973427
0.0027437776945262063
0.0026221989225005517
0.0025057908873947097
0.002394191444658912
0.0022873253626333463
0.0021852249047954347
0.002087457193346246
0.001994204143433345
0.0019047817427291034
0.001819461465147626
0.0017382270677502758
0.0016606634303104652
0.0015866058995969248
0.0015160898525697875
0.0014488593002591958
0.0013847001678905589
0.001323519989585326
0.0012653513790127156
0.0012098613302152005
0.0011566111349032707
0.0011057629129659372
0.001057438037524656
0.0010113968285512408
0.0009671734185552295
0.000924738899042504
0.0008842575541059907
0.0008457922241254763
0.0008091914570041832
0.0007741952395257972
0.0007408532807753854
0.0007090624526009515
0.0006786882935637374
0.0006497341015379021
0.0006218848043365328
0.0005951044330174709
0.000569435103985178
0.0005448892082025542
0.0005216304449422255
0.0004996252273900714
0.00047869368491578357
0.00045878604248049973
0.00043986942440514223
0.0004218597355675681
0.00040472672496545366
0.00038847074784752
0.00037306184383407157
0.00035848774940287623
0.0003446439280026927
0.0003315747638152213
0.00031925424493642714
0.00030758295633041924
0.00029649767429882186
0.0002860599451366508
0.00027619230203580866
0.00026690343809269106
0.0002581285126911817
0.000249877066414073
0.00024211816147048343
0.00023478805820435457
0.0002279109849851167
0.00022156826806828583
0.00021578106371611673
0.0002104606053259445
0.0002055687013838607
0.00020106608140733144
0.00019695960398547632
0.0001932590653998314
0.00018997858035547024
0.00018705654719747104
0.00018452353683902811
0.00018234373890464766
0.00018055228992456502
0.00017912073179220683
0.000178033782236777
0.00017728921655581537
0.00017680166733797143
0.0001766349566813409

# 0009_r0

-0.6480480145622922
0.11145595485934591
0.040590360833784964
0.022785503042647787
0.01671412756810465
0.013928557293569696
0.01233325209664994
0.0112632642400877
0.010460554386478745
0.00981093505763519
0.00925590205623737
0.008765524947384216
0.0083215384370498
0.007912557062560837
0.007532216844699063
0.00717674763443168
0.006842706070020307
0.006527214662369606
0.0062284410468807115
0.005944364811287793
0.005674525170461138
0.005417428484812958
0.00517363499700847
0.004941460772969667
0.004719776287551993
0.004508115394786744
0.004305408190884941
0.004111693552995608
0.003927194872578437
0.0037509848138705055
0.0035821890533350087
0.0034209784680374277
0.0032676871098742013
0.00312148580899959
0.0029818439862212423
0.002848262009633643
0.0027199995105095347
0.0025976639908758662
0.0024806127323876393
0.0023688908128925586
0.002262200592176604
0.0021605262784333995
0.002063733466669253
0.001971333978197348
0.0018834346495454715
0.0017997854232553138
0.0017203732777333791
0.00164426975906372
0.0015718099602155097
0.0015028427758839928
0.0014369809297610785
0.0013739993451821774
0.0013138165751040312
0.0012564007226481342
0.0012014032029778493
0.0011489436945227426
0.001098941215668616
0.0010514815595084306
0.0010060072752087422
0.0009625026421010718
0.0009208009075638594
0.00088075177067032
0.0008424343662375031
0.0008059018208625021
0.000771065282599789
0.0007378104521653688
0.0007061420283430662
0.0006760233080798148
0.0006473303303602744
0.0006200314885329531
0.0005938055939128922
0.0005687434841418424
0.0005448344028138461
0.0005221804754594148
0.0005007092604166872
0.0004803241621000271
0.00046092912405269493
0.0004425044058755041
0.00042503316402285536
0.0004085196726686728
0.00039288387569754373
0.00037791640698685785
0.0003636941299773434
0.00035021313339560325
0.00033742131344932115
0.0003252452240399616
0.0003137571286691276
0.00030290975246954633
0.0002926312738840982
0.0002829051232014353
0.0002736452027469162
0.0002648847365862366
0.00025660436018088773
0.0002488489261673579
0.00024159516916556054
0.00023474849827359468
0.00022838633322111614
0.00022252574174420653
0.00021705372065625544
0.000211971743216375
0.0002072971645552162
0.00020298402828440094
0.00019907304708316543
0.00019558113805889866
0.00019246270612622638
0.00018967647303481271
0.00018724591199477527
0.00018522760474294975
0.00018360738497242497
0.0001824362465356711
0.00018165252393013935
0.00018120809720943042
0.00018106862068246777

# 0010_r0

-0.6478163055180415
0.11166756253276365
0.04081387715548177
0.023015481070698944
0.016948951526874652
0.014167256368341137
0.012576135958308478
0.011509352691366914
0.010708096513917248
0.010058492550271548
0.009505284966862131
0.009017576279832736
0.008576731613699217
0.008170790186380953
0.007792883577630611
0.007438394370854989
0.007103284719008634
0.0067856909844471605
0.006484494663814812
0.0061971377642770584
0.005922908567864764
0.005661673424066282
0.005412302838307311
0.005173764478884293
0.004945669138892203
0.004728669356176078
0.00452155161444043
0.004323745295633996
0.004134905253973534
0.00395488404176088
0.0037828307864948446
0.00361823137968605
0.00346089822670581
0.003310210786102452
0.0031662495036357185
0.0030286874430272967
0.0028973673950068073
0.0027716575581460887
0.002651340262092986
0.0025362155368789338
0.0024261214841283687
0.002320623119495227
0.0022196591746691933
0.0021231939414221327
0.002031143690412704
0.0019433851871595257
0.0018592072416492593
0.0017785930177898648
0.001701646927724752
0.0016279393415977721
0.001557273199666854
0.0014892682528098893
0.0014244673165079015
0.0013626016013125908
0.001303502080966584
0.0012468894360952835
0.0011928527643476573
0.0011414225110124084
0.0010924567154452147
0.0010456237663526854
0.0010007886373389438
0.0009580801372848552
0.0009172596686565122
0.0008781180592629352
0.0008405891497090792
0.0008048611493547813
0.0007708236383883539
0.0007383916257302705
0.000707510622948047
0.0006782443611453851
0.0006503610841998867
0.0006237847067186227
0.000598544384059585
0.0005744331772680631
0.000551359560276133
0.0005292590189777881
0.0005080703527282657
0.00048787623870477815
0.0004686401789330535
0.00045033272203464796
0.00043300089712404005
0.00041650643139951764
0.000400796122193254
0.0003857890667647019
0.000371376578902117
0.00035770263816125404
0.0003448450570492324
0.0003326734869852831
0.00032118537722461914
0.00031041810969407405
0.000300208497754481
0.0002906183757814959
0.000281610011829217
0.00027316312167306457
0.0002652223229346337
0.000257780950305466
0.000250811653515195
0.0002443586777841967
0.00023835618061601805
0.0002327971385983973
0.00022769297622039013
0.00022306442730501177
0.00021890609816004828
0.00021519017981141324
0.00021184495243862055
0.00020888876524126007
0.00020627662759498472
0.000204126288473576
0.0002023545377525642
0.00020094743957732862
0.00019993752638801498
0.0001993631954347337
0.00019920359005511093

# 0011_r0

-0.6481507897169739
0.11129256985891786
0.04043345866176074
0.022636199617154067
0.01657190677979384
0.01379266910557796
0.012204232647306985
0.011140037031353847
0.010341517088996019
0.009693868069652672
0.009140816039645774
0.008652859692174776
0.008211326655633925
0.007806083009138871
0.007430034517405593
0.007078368497157249
0.006748680005278868
0.0064371902721574266
0.006142671028682537
0.005863439394024709
0.005598215682185147
0.005345922083421472
0.005105075196750288
0.004875280233733533
0.004655981908858824
0.004446781268247767
0.004247579010641484
0.0040582273274492615
0.0038773697100731677
0.0037046731514142075
0.003540017793028894
0.003382124288739566
0.0032314898953044735
0.0030877956663590066
0.0029504783510437616
0.002819235713238919
0.0026936980949698918
0.002573657402768836
0.0024589540699103546
0.0023492480323966604
0.0022444867382111363
0.002144178800849196
0.0020484949125950088
0.0019567243646240033
0.0018690687519784582
0.0017854283723585033
0.0017057026973486447
0.0016295491654527959
0.0015566181628338467
0.0014871575184919454
0.0014207814298050666
0.0013571961573006464
0.0012965537603498811
0.0012388901005748378
0.0011841921339705568
0.0011318359046027721
0.0010816208383418494
0.001033816206185509
0.0009881881615849655
0.0009446537177436635
0.0009031769023631574
0.0008637512026530547
0.0008260971269822463
0.0007901243615283035
0.0007557745573234361
0.0007228839004758968
0.0006913908471728999
0.0006612390599976633
0.0006322415237086543
0.0006044519794335639
0.0005780854447815794
0.0005530211469182511
0.0005291795800358613
0.0005064842877114375
0.00048480334321404856
0.0004640526876818945
0.00044424352159184603
0.00042535075031428424
0.00040731700764549153
0.000390178576061728
0.00037392758909790807
0.00035851239983420997
0.00034391111369792474
0.00033013696325716254
0.0003170910036417004
0.0003048104111611057
0.0002931102169367878
0.00028209842061518726
0.00027169053905174605
0.0002618585186191438
0.0002525716468746465
0.00024380234907618527
0.00023561581667150736
0.0002279284913213039
0.00022073931363876835
0.00021397435361673485
0.0002076774907551093
0.00020180846984002595
0.00019638614436261922
0.00019135377280977145
0.00018664754428144022
0.00018230482052994327
0.00017839746954707744
0.00017484729836811957
0.00017164875334661956
0.00016889448009967288
0.00016654814754205326
0.0001645667967715118
0.00016298273309317088
0.00016177372368490875
0.00016090474598549716
0.0001603556658915393
0.0001601854683768701

# 0012_r0

-0.6480585146753882
0.11146730123218858
0.040616336147260325
0.022820749722956
0.016756944474508324
0.013976276443659674
0.012386846305409954
0.011322680206365338
0.010525202224705061
0.009880346886559144
0.009329483530992074
0.008843371834951918
0.008402640231216616
0.007996018086225274
0.0076182926186507205
0.007265091543782344
0.006932381159639188
0.0066182626622761495
0.006320965583308619
0.006038830797355578
0.0057705956649039955
0.005515010207075395
0.005270883480802138
0.0050374890643998665
0.004815451954996222
0.004603790677164786
0.004401693388932432
0.004208529219595599
0.0040230975546511295
0.0038455910950531565
0.003675987072764592
0.003514392884298219
0.003360034390148843
0.003212669685652802
0.0030717639737377596
0.0029368655821486772
0.002807589921432659
0.0026843374813064237
0.00256698594194051
0.0024548399446505447
0.0023475568804412514
0.0022445163265370767
0.0021454928363168545
0.0020509609964210725
0.0019609065308797747
0.0018750639043587374
0.0017929903179102174
0.0017147309182839918
0.0016399318320812132
0.001568592895917357
0.0015005087508893982
0.0014352736606815177
0.001372832119131782
0.0013129407891985655
0.0012554723070159635
0.001200436200300642
0.0011480541616270825
0.0010980349166450029
0.001050394546519867
0.0010049566218125045
0.0009615572214337145
0.0009201896191826149
0.0008805850833834502
0.0008426230966064915
0.0008062624788829099
0.0007715828752708286
0.0007387222666220128
0.0007074177975497433
0.0006772494855228529
0.0006482985691424029
0.0006206572593571147
0.00059437945280505
0.0005694234584469787
0.0005456571083410816
0.0005229669910918488
0.0005013356971302388
0.000480710127645035
0.00046110943394267934
0.0004424890291675454
0.00042477796257756647
0.0004079834790586327
0.00039210411277183825
0.0003770215361671557
0.00036271256172565677
0.00034915878617797696
0.00033617012774736493
0.0003238610315585418
0.0003122919123327786
0.0003013786486644081
0.00029095792452494884
0.00028109906274352743
0.00027185284950996845
0.00026321183843788906
0.0002551071151515766
0.00024750519699529954
0.00024044047461682826
0.00023387868710486877
0.00022778751993719404
0.00022223680839698743
0.00021713238435768067
0.0002124225898641804
0.00020803552857061154
0.0002040347590712446
0.0002004828656849662
0.00019743136536354844
0.00019479657387745587
0.00019248491538682088
0.00019054472714772724
0.00018894434952226868
0.0001877129631998066
0.00018682905392792764
0.0001862494193364724
0.0001860406561112015

# 0013_r0

-0.6480748743911182
0.11145575374045921
0.040599460541445406
0.022800187659216133
0.016733025202947966
0.013951098541432259
0.012360404090012234
0.011293885801496453
0.010495218832320958
0.009846683524840904
0.009291347571390135
0.00879993080459937
0.008354134303089605
0.007943866125665635
0.00756173194567958
0.007203785611724476
0.006867065738437101
0.006548408201906163
0.006246445787103233
0.005959683664840123
0.0056879311583358525
0.005430108405764337
0.005184550427268953
0.004950682438489882
0.004727833517110265
0.0045148214231578365
0.004311355685359646
0.004116634405707537
0.0039305233700931246
0.003753314805500008
0.0035840747294535523
0.0034226385905963856
0.003268874582086844
0.0031223895807008808
0.0029829318180651016
0.002849590596359641
0.0027223814676192054
0.0026008884499176812
0.002484654245038905
0.00237322627159334
0.00226673222180719
0.0021648017759875035
0.002067173794643467
0.0019738575850883214
0.0018848422547137797
0.0017996634351745947
0.0017181401884870065
0.0016405141645822149
0.0015667053655995051
0.0014961043999576604
0.0014284820382840535
0.0013640790935539459
0.0013026667097219239
0.0012441509806977722
0.0011885462973334807
0.0011356117177545504
0.0010850901616596734
0.0010370368377877095
0.0009912501285556363
0.0009474959089971114
0.0009058122086570149
0.000866113720539241
0.0008281885957504514
0.000791949534090795
0.0007573159805853655
0.0007240914120207439
0.0006923858242407398
0.0006620944717416035
0.0006330057183384545
0.0006051763375211031
0.0005785410151979116
0.0005531857335385627
0.0005290213297605334
0.000505923070851968
0.0004839946020848994
0.00046306056563063895
0.00044311107520230564
0.0004240390152156605
0.00040589603231882827
0.0003885789292806642
0.000372042172195861
0.00035630532148754623
0.0003414051604211525
0.00032717648190104445
0.00031365881867797575
0.0003008346269564313
0.000288781246492189
0.00027745587232850215
0.0002668081753077335
0.0002567666898292004
0.00024723754945359496
0.0002382607359554364
0.0002297940916562979
0.0002218595977450383
0.00021442869633853733
0.00020749786592385476
0.0002010059853358305
0.000194966023220869
0.00018946974539986675
0.00018442804414582652
0.00017979833240008104
0.00017558573842482267
0.00017177088632226053
0.00016828097225838725
0.0001650518230384928
0.0001621664713906151
0.00015959691061258322
0.00015742426222246892
0.00015565071221172513
0.00015434717833228478
0.00015342073256820201
0.0001528241726665081
0.0001526263289232149

# 0014_r0

-0.6483418566327862
0.11115585434949736
0.04031075843287685
0.02251723697434836
0.016455735016423605
0.013681174480483631
0.012099197973769822
0.011043153385478942
0.010253554419128164
0.009615431739867333
0.009071171392127736
0.008590251560330844
0.008156123094138946
0.007757921109189753
0.007388232327517395
0.007041581643407113
0.006715641316013272
0.006408503757460189
0.006117201463897221
0.005840054153848276
0.005575781092713581
0.005323589216615674
0.005082767949946142
0.004852862176290863
0.004633439174853035
0.004424491110730992
0.004226033686934812
0.004036881306146317
0.003855485736830358
0.0036820430911363006
0.0035164827652978087
0.00335857691647815
0.0032077275488676003
0.003063437576038669
0.002925372588220098
0.0027937219118163215
0.002668165073527941
0.002548374907825265
0.002433977564998391
0.00232468007265732
0.002220179129502836
0.002120667718513501
0.0020253735170921447
0.0019340833239794527
0.0018471345965910201
0.0017639777645015121
0.0016848642935835838
0.0016093216192511355
0.0015374764751879238
0.0014689733291840656
0.00140384015534088
0.0013415958720299638
0.0012821246752004417
0.001225519355262397
0.0011714247021453017
0.0011195006130717254
0.0010698771386522233
0.0010225691385783665
0.0009774608057850857
0.0009342476111900377
0.000892999503813359
0.0008537536080054338
0.0008162689236971716
0.0007805397575697582
0.0007464151686120203
0.0007138879518859491
0.0006827558739591611
0.0006529783988632372
0.000624640000414357
0.0005978703771344383
0.0005725068610815375
0.0005484271189903718
0.0005253717729122946
0.0005033609841765356
0.00048229165011696946
0.0004621459026283127
0.00044305025701198587
0.0004249491711307395
0.00040774808426247795
0.000391412302185206
0.00037577669160697826
0.00036082595637032235
0.00034660608717847495
0.00033301734645455435
0.00032011187620084906
0.0003078631652399991
0.0002962126693789815
0.00028511120132714365
0.00027468283175144294
0.0002648726520989957
0.0002556601071724359
0.0002470597498271497
0.00023903761168878198
0.00023154570505263744
0.00022457204216139252
0.00021803938028280823
0.00021191216904572807
0.00020617185072915322
0.00020090845496793748
0.00019603227986813635
0.0001914905370292254
0.00018738142443823266
0.0001836945157532529
0.00018033451995802898
0.00017729673833539298
0.0001745933503955975
0.0001722318169328831
0.0001702607035691072
0.0001686832246675451
0.0001674684915408218
0.00016662418664288475
0.0001660943794017132
0.00016591281824684853

# 0015_r0

-0.6481668487581888
0.11125806660705984
0.040398977536102006
0.022604518052032316
0.016545662941878245
0.013773895495519982
0.0121947567215256
0.011140145933531884
0.010351174861920304
0.009713484946985484
0.009169507251577056
0.008688990938357528
0.008254350673424954
0.007854347484910517
0.007482209613520927
0.007134027076319852
0.0068060978857761275
0.006496147391182291
0.00620177503202948
0.005921279101026965
0.005653928975849294
0.005399184607062141
0.005156568071761372
0.00492539338119224
0.004704624860582698
0.0044937520216008055
0.004292589053916896
0.004100446728651089
0.0039171510941499645
0.0037424601421700674
0.0035755447009333005
0.003416405501598309
0.003263924899681719
0.0031176906139391294
0.002978034139816216
0.0028445709673492474
0.0027175212417826183
0.002596295073946331
0.0024806106348863946
0.0023698339549229276
0.002263923936459411
0.002162805870430224
0.002066700984220632
0.0019753880952447555
0.0018878455899820554
0.0018041883060050748
0.0017243642165260618
0.0016479665645218902
0.0015751756723068853
0.0015056813538100442
0.0014393854239534273
0.0013762223198931756
0.0013158349858851774
0.0012582482804713846
0.001202842322963316
0.001149581664508157
0.0010987875491236638
0.0010503344169813815
0.001004102919420946
0.0009599356705903315
0.0009179460653498242
0.0008778323649948204
0.0008394207508217167
0.0008026728906405696
0.0007675299997307874
0.0007340407863061702
0.0007020549059160369
0.0006713842601493299
0.0006421760797509791
0.0006145138466351231
0.0005882146156405743
0.0005633238304577433
0.0005397123151935766
0.000517236234841224
0.0004957983362993323
0.00047535667647595644
0.0004559194311468193
0.00043731760703736325
0.00041955050976178815
0.0004026228479146533
0.00038647422531843957
0.0003710391874771174
0.00035630396482952826
0.0003422608739373558
0.0003289772627936611
0.0003165000859907357
0.00030474083127730216
0.000293607920848378
0.00028302837552918387
0.0002729621408901658
0.00026351984348287755
0.0002546174132413045
0.00024618884681880735
0.0002382826586403873
0.00023090443322820224
0.00022403293084810805
0.00021750737474983707
0.0002113700667184015
0.00020569792421569323
0.00020040815072068732
0.00019552662304017868
0.00019104559932238722
0.0001870391044598187
0.00018350920344441878
0.00018041159901686273
0.0001776843264212645
0.00017533878545502446
0.0001734622499103541
0.0001719845573882937
0.00017088627746254288
0.0001701466784607166
0.0001697271252052089
0.00016957123121616983

# 0016_r0

-0.6475622803153077
0.11200884091757206
0.04114386203305992
0.023335010456055856
0.01726085505013773
0.014473694650883795
0.012876945655233714
0.011803660649508486
0.010996052259405158
0.01033911549750994
0.009776545276970134
0.00927810269433633
0.00882571372859173
0.008408426351048619
0.008019713068937522
0.00765466887394109
0.00730995046274345
0.006983903172736624
0.0066751046643543305
0.00638167979248476
0.006102693694852888
0.005836291392385848
0.0055815903786307465
0.005339096774101511
0.005107483963654834
0.004885812378798095
0.004673354472755637
0.004470409592675688
0.004276548212647815
0.004091430374593147
0.003914139677232188
0.003743822315624582
0.0035805160190393614
0.003424375928215105
0.0032748314678544663
0.003132195682768083
0.002995387130468511
0.0028639723886587616
0.0027381192284139364
0.0026173470383980524
0.002501989781167794
0.002392134817194782
0.002287755987066472
0.0021881096799543456
0.002092751231027346
0.002001691908677507
0.0019146575899704583
0.0018313493675487548
0.0017512995446175932
0.0016747339658514185
0.0016018268222576203
0.0015322450984716035
0.0014657420786054667
0.0014023833599772525
0.0013419764344018387
0.0012839746389258755
0.0012285055312632222
0.0011753213965525829
0.001124361597510367
0.0010757789336247007
0.0010292135171752499
0.0009845008801405686
0.0009418057826388655
0.0009010867883332333
0.0008622175941904623
0.0008251697593416238
0.0007898034598242997
0.0007559818436267443
0.0007234562971370092
0.0006924470712910742
0.0006630117558248402
0.0006350535338243629
0.0006084742401820866
0.0005830717169067581
0.0005587580291019975
0.0005355630193507498
0.0005135945344899511
0.0004926631099186976
0.00047272529615031603
0.00045369948220993036
0.00043556034624447833
0.00041830650810423394
0.000401798951735526
0.0003860920668251269
0.0003712114398831255
0.0003570524873613007
0.0003436044026113479
0.00033082379721680863
0.0003188043023709493
0.0003074283707232211
0.00029672883983162716
0.0002866662008444031
0.00027721875438962274
0.00026832998653415795
0.0002599654626281988
0.00025224207021519007
0.00024508893640348424
0.00023843347197602673
0.0002322223157775736
0.00022652500281657403
0.00022131592623007363
0.0002165337854221785
0.00021214333319981017
0.00020823204616405777
0.00020478061855400657
0.00020170699255230186
0.00019904315161688063
0.00019679833621184228
0.0001949686691428256
0.0001935428877527636
0.0001925342761650596
0.00019194920202814848
0.0001917610497668536

# 0017_r0

-0.6480979344968372
0.11136661101087454
0.04050515253259294
0.022703682109191315
0.016633946185682032
0.013850485725967792
0.012259041409441973
0.01119198007739634
0.01039242036570387
0.009744530032884455
0.009190801641368438
0.008702408365601192
0.008260696833691409
0.007854580198125523
0.007476866172961273
0.007122749554728609
0.0067895085839759
0.006475117657159026
0.006178098624539525
0.005896320058181449
0.005627421265159924
0.005370576376912513
0.0051259295305040335
0.00489258595076486
0.004669457061822001
0.004456093405966718
0.004252951257892911
0.0040601446923545
0.0038766875029610367
0.003701609669270704
0.0035348523622711096
0.0033763178461565695
0.003224603298312556
0.003079794663961629
0.0029422229875820036
0.002810748879595942
0.002684857721854106
0.0025648143911419425
0.002450340964619458
0.002340771168685816
0.0022351459556617915
0.002134200720904293
0.0020382291926467322
0.001946839562568831
0.001859646663009735
0.001776406003873609
0.0016969147305109216
0.0016208194020306936
0.0015480844957060078
0.0014788287943200626
0.0014129176033402851
0.001349929159278298
0.0012899109967948505
0.0012326882148913534
0.001178103859835467
0.0011260984172253886
0.0010764001228980172
0.0010289347185603026
0.0009835410233130614
0.0009401639361912244
0.0008987516737343513
0.0008592893117452336
0.0008216321817722631
0.000785794832813568
0.0007515544566711397
0.0007187574320784718
0.0006873589344980587
0.0006571405266763764
0.0006279754366377149
0.0006001416740683135
0.000573706431064069
0.0005485211345547439
0.0005244255757311195
0.0005015536563152744
0.000479919204421896
0.00045940876643358285
0.00043979511379087347
0.000421162966150782
0.0004034854815830894
0.00038674448632456646
0.0003708431693453883
0.00035589146898098035
0.0003416695443389219
0.0003280977122450016
0.00031530062957923073
0.0003032396180506601
0.00029178695630928067
0.0002808894400173268
0.000270599655077403
0.00026089348931894457
0.00025168023397174053
0.00024298478952259245
0.00023482067540002882
0.0002271519303359971
0.00022002438630212186
0.00021347375657732672
0.0002073907565654051
0.00020164943186742174
0.00019630037072176636
0.00019130366174467236
0.00018664236266804877
0.00018245929737116144
0.00017870297853880436
0.0001753245224390129
0.0001723272906895449
0.0001696631430030467
0.00016740327202875775
0.00016556707122919134
0.00016410824777977486
0.00016301274961168162
0.0001622383522426503
0.00016176175208291744
0.0001615898773688317

# 0018_r0

-0.647918429635744
0.11157101451932452
0.04071626583718869
0.022918367831261516
0.016852087928015475
0.014071187485486051
0.01248018840579711
0.011413995635277122
0.010614719400535877
0.009966940540259737
0.009413540165198454
0.008922549126369934
0.008477604497087775
0.008066468544139825
0.007682941119099037
0.007321975469993554
0.0069805555742080225
0.006657026306533329
0.006350723317303381
0.006059397543007236
0.005782338338995355
0.005518686331659223
0.005267399385254259
0.0050283363712106096
0.004801099301311076
0.004584376386882981
0.004377938670366924
0.004181173588065528
0.003992812641116607
0.003812596132133285
0.003640966447307571
0.0034771294376269306
0.0033200321526964433
0.0031701208128478223
0.0030272446723101218
0.0028914104205609503
0.0027618012789674606
0.002638153324822295
0.0025200508139456754
0.002407447296928992
0.002299785353696892
0.0021966164384410844
0.0020979666144704556
0.002003865102805625
0.0019139306515167699
0.0018281776038066662
0.0017463900145811265
0.0016683755818941734
0.0015938550031209572
0.001522785364385078
0.0014546708679410824
0.0013897447351732622
0.001327890221848337
0.0012689894168765783
0.0012126587043255292
0.001158679579398055
0.0011069809766797575
0.0010575270256533817
0.0010102713093322051
0.0009649651485174849
0.000921701454316564
0.0008804829124451127
0.0008413168715389718
0.0008039267775309334
0.000768257499698488
0.0007341714367160327
0.0007014620841259096
0.0006701282908935263
0.0006403115243534292
0.0006119448394111335
0.0005848736349012932
0.0005590849045265276
0.0005346667131068545
0.0005114491946984003
0.0004892419837362463
0.0004679884048568868
0.00044767593455344345
0.0004282779701646881
0.00040988884887824316
0.00039244336102279355
0.0003758982430124045
0.00036025672249455413
0.00034551027133294265
0.000331453153401867
0.0003180071428224409
0.00030526176436854576
0.00029322190398063766
0.00028191278006880837
0.0002712658467728716
0.00026112598801074485
0.0002515441825914139
0.0002425808782439207
0.00023421382416498999
0.0002264031662488005
0.00021909776656248094
0.0002122980372192434
0.00020600540312609697
0.0002000810838084562
0.0001946494757769116
0.00018955677012035622
0.00018488232493030002
0.0001806773721747111
0.00017687921215913004
0.00017349718475497423
0.0001705247170973301
0.00016785638878401453
0.0001655266052083314
0.00016358646722707624
0.00016201372659238405
0.0001607657355050345
0.00015985050786600428
0.00015929200098313245
0.00015911574541210713

# 0019_r0

-0.6479561440074091
0.11161774378520649
0.04076865411275136
0.022967514104205368
0.016895754778464573
0.014107476959611908
0.012510127681307905
0.011436261221240957
0.01062931138632127
0.00997429423419469
0.009413936105462244
0.008918067576564348
0.00846785519532494
0.008052356564211847
0.007667058209568381
0.007306962258249475
0.006968629325233999
0.006649510837696855
0.006346991036239911
0.006059417764055548
0.005786384791922582
0.005526074264878489
0.005277531775972427
0.005040453070599684
0.004813429265525085
0.0045963966387768
0.004389672527533191
0.004192027955099668
0.004003108562162766
0.0038232772809979505
0.0036518282914382587
0.0034881534467676597
0.0033314573139310555
0.003181660309466488
0.0030384281420174053
0.0029010649690997133
0.0027695238243208293
0.002643514165384483
0.0025229589615399545
0.0024077336585795945
0.002297993672185157
0.0021933726638290385
0.0020936020284716347
0.001998168587772956
0.0019071294809296058
0.0018202693851565395
0.0017374988184255021
0.0016585273635885904
0.0015831088971439658
0.0015113395702479788
0.0014429951691900377
0.0013780882391046633
0.001316010714333174
0.001256831918505328
0.0012004557603103388
0.0011466989899506503
0.001095290647451789
0.0010460142237382053
0.0009989814327578013
0.0009541576281171466
0.0009117547332984423
0.0008716257883652289
0.0008332859826937955
0.0007965774545420754
0.0007617023365124321
0.0007283240891068719
0.0006964097939366488
0.0006659736369867601
0.0006367785788279504
0.0006088711125188884
0.0005821796605707067
0.0005567584768713312
0.0005325954978592562
0.0005096859295851046
0.000487961296794163
0.00046732232464847514
0.00044763844303512
0.00042883418031584207
0.00041074047527398346
0.00039335280908492983
0.0003767928146746268
0.0003610407956267791
0.00034612150434305773
0.00033206392663247226
0.00031879426037664967
0.00030624207170843696
0.00029436120929210804
0.00028304960446917286
0.00027237459803175604
0.00026227204707026194
0.00025271494705079463
0.00024374236257556647
0.0002353588671135515
0.00022751378031131802
0.00022016928406872624
0.0002134008778285526
0.0002071055622683566
0.0002012463866089379
0.00019587494916888427
0.00019085019682269568
0.00018625006122973165
0.00018205576752476166
0.00017823270438661263
0.00017474506890273142
0.00017164180316220126
0.0001689363709041426
0.00016656165382001215
0.0001645820535322595
0.00016293457826398506
0.0001615867786142773
0.00016060983071287987
0.00016002620631240327
0.00015983621499781868

# 0020_r0

-0.6480496035001597
0.11151740349020496
0.0406723359202848
0.0228786907101389
0.016814552674487074
0.014032710292556459
0.01244060679487848
0.011372747666122786
0.010571094712195648
0.009922356824432247
0.009367216308731984
0.00887641839108074
0.00843351838874436
0.00802636411723922
0.0076480712088175485
0.007293599598220402
0.006959802797109867
0.006644217331708842
0.006344962255389692
0.006060740439733197
0.005789671033970871
0.005530795749099295
0.0052843370360983865
0.0050491004860510336
0.0048249387243904495
0.004611343795068072
0.0044071033706728924
0.004211694844305557
0.004025333656164298
0.0038474162826989218
0.0036773976148585705
0.0035151501855055687
0.0033602295874223254
0.0032124939752079204
0.0030713424277448377
0.0029358460056069006
0.0028063260709826616
0.0026825007211707017
0.002563929368458372
0.002450260267932534
0.002341683878192466
0.0022379405113988346
0.0021387515996265363
0.002044032299737341
0.0019532215313475968
0.0018661530883492827
0.0017829136543498476
0.0017030948428460627
0.001626772489447092
0.001553872235746096
0.0014841223834902817
0.001417782449976025
0.00135453941342666
0.0012943484925599716
0.0012370091454284172
0.0011821346856543905
0.0011298311537784656
0.0010800467953452156
0.0010325857051023458
0.000987217274850716
0.0009437378254286234
0.0009022980108441703
0.0008627428739230917
0.0008250491589535372
0.0007891668703507675
0.0007548862517248817
0.0007221652716650188
0.000690857416903845
0.0006609992170324901
0.0006325704247743325
0.0006053996041604552
0.0005795648189334554
0.0005548467288120866
0.0005313517916061324
0.0005090637847848768
0.00048780153083168514
0.00046747698274324917
0.0004480500667967648
0.00042944167237283636
0.00041168067082557645
0.00039485338199827825
0.000378926048263904
0.00036386474665788253
0.0003495174001284654
0.0003358151605140741
0.00032292395156021563
0.00031078171833902286
0.0002992925086608549
0.0002883533232943194
0.0002779915566024905
0.00026821068220429984
0.0002589815887020356
0.0002502267140273526
0.00024200374002376215
0.0002342958549073426
0.0002270975593045168
0.0002204077726296235
0.00021413006859100306
0.0002082974266663094
0.00020288687105590803
0.00019799507543316616
0.00019352873705818127
0.00018942212810495068
0.00018571462256386528
0.00018243422867434086
0.00017957409003446656
0.00017705502953542122
0.00017493717820121155
0.00017317692622898542
0.00017182655126672116
0.00017087035902949637
0.00017024739932003773
0.00017005183473383316

# 0021_r0

-0.6476981446210867
0.11177177584865876
0.040908048331825195
0.023100709011262235
0.01702905125549334
0.014243108226915888
0.0126471956168154
0.011574893281567371
0.01076959912294508
0.010116023348572438
0.009557502575026458
0.00906357947928264
0.008615048098745467
0.008201482114111086
0.007816640609056005
0.007456037384837888
0.0071157386832942605
0.00679267852355246
0.006485828238190951
0.006194114409523901
0.005916713819100623
0.005652948639672894
0.005401166959380366
0.005161316301852016
0.004932513925290016
0.004714426216524581
0.004505920171416224
0.004306865003109559
0.004116320492866738
0.003934234742837335
0.0037601768120586613
0.003593713726939782
0.0034344062902570355
0.003282015096503247
0.003136164145359683
0.0029969481008918796
0.0028641784905231596
0.0027373215653591666
0.002615756842889428
0.002499302298876619
0.0023882459562788055
0.00228237382023356
0.0021818483892793498
0.0020859147879840755
0.001994277230545323
0.0019067088060761817
0.0018231851827386328
0.0017434545315040775
0.0016670116668899059
0.0015941042865797314
0.0015245463962352994
0.0014581219572514998
0.0013945205213329432
0.0013337530497670033
0.0012756973933927948
0.0012202273449540813
0.001167122355007301
0.0011162732789318935
0.001067856627357187
0.0010215731869346655
0.0009774822664708042
0.0009352747593058165
0.0008950526393634637
0.0008566323792116069
0.0008200884492060792
0.0007852659128556836
0.0007518084701533647
0.0007198561652894182
0.0006894045267751703
0.0006602401907920873
0.0006324831627515974
0.0006060226084652811
0.0005805531542791337
0.0005562733721192512
0.0005330511625594191
0.0005108332458935997
0.0004897397394222965
0.000469652887529613
0.0004506173882347371
0.0004325558870351181
0.000415578743824431
0.0003994084971239071
0.0003841079652417391
0.00036956901222716637
0.0003557702111808771
0.00034264233020888263
0.0003301624775264163
0.0003182900844151012
0.00030708310596652005
0.00029644852463328624
0.0002864676497887462
0.00027699198236832105
0.00026811527504241737
0.00025975969022178113
0.00025188905859846905
0.00024460286676419217
0.00023777556631946316
0.00023144236634813127
0.00022557766011797195
0.00022017998177671804
0.00021519580483568093
0.0002107218568323322
0.0002066819044247107
0.0002031073193285064
0.00019994732116433654
0.0001971988262271075
0.00019474218613613602
0.00019259106501678843
0.00019078043075216323
0.00018940705967575555
0.00018839267325808877
0.00018779506777648013
0.00018758134894170697

# 0022_r0

-0.6483303295886919
0.11119112397811269
0.04034187124802698
0.022545781070812655
0.01648126774290145
0.013701808214873282
0.0121127134407347
0.01104829621283329
0.010250858887291835
0.009606415179583423
0.009057628656493169
0.008573769088713414
0.008135624537693259
0.007733172893049266
0.007360242157437867
0.007011574195496937
0.00668394040256075
0.006375188639763024
0.0060824512069029765
0.005804793410980005
0.005540122116485043
0.005287797109054011
0.005047402502432162
0.0048180802266589925
0.004599294220979198
0.004390689887333771
0.004191756564920558
0.004002052633877919
0.0038202065152033835
0.0036461012355607364
0.003480071027028789
0.0033220055676827912
0.0031712866357878696
0.003027025157859926
0.00288909454921862
0.0027574071248425702
0.002631765050001061
0.002511995394678439
0.0023976421013514352
0.002289181320708693
0.0021858965081977618
0.002086836085240375
0.0019920301578273555
0.0019016918152310101
0.0018152901100283686
0.001732644782247935
0.001653904964959408
0.0015788074972107335
0.001506973587064773
0.0014382168751544081
0.0013726441035185647
0.0013100685309747379
0.0012506425931207833
0.0011940116899391252
0.0011399369339103586
0.0010883066478023398
0.0010389883944443982
0.000991710436483804
0.0009466405437767184
0.0009039196699320111
0.0008631344706834818
0.0008241896602662576
0.0007870929047755638
0.0007517207245599397
0.0007181203641663257
0.0006861502285317821
0.0006556178104027187
0.0006264737553230975
0.0005985211547942013
0.000571868034683398
0.0005464225898341649
0.000522342480785164
0.0004993840964175512
0.0004774131453528096
0.00045656435841265244
0.00043682951369881673
0.0004180435722180514
0.00040034207282394055
0.0003836404267623784
0.0003677885221731445
0.0003526779580292345
0.0003382644350514779
0.00032465844341138104
0.00031167040476357796
0.00029936769648179735
0.0002877697883169393
0.0002767395946751538
0.0002662286141902126
0.00025630762157016496
0.0002469641936172096
0.0002381517515298143
0.0002298551623940867
0.00022199189345693102
0.00021456105332567408
0.00020757397746538176
0.00020104725320500518
0.00019499704013831607
0.00018936579917792112
0.00018420264618790303
0.00017946577934126927
0.00017512660626679266
0.0001712062070948011
0.00016770024500584134
0.0001645869810658156
0.00016175852741220453
0.00015928659224826515
0.00015716502394303662
0.00015536617327682766
0.00015392050343623163
0.00015276372449755205
0.0001518910568155336
0.0001513102062881843
0.00015111200785639383

# 0023_r0

-0.6480460379266405
0.11144734913120573
0.04058967436074681
0.022790591944340792
0.01672356895838776
0.013942645230737072
0.012352512344526539
0.011285961904722244
0.010487151223149013
0.009841506814074303
0.009291748277857526
0.008805723702660856
0.008365749904430153
0.007960611138412203
0.0075837495655055615
0.007231461171716652
0.006899575216659398
0.006585330691328014
0.00628641975515658
0.006002236189690753
0.005732200793034764
0.0054749948843192476
0.005229779149328188
0.004995565842742309
0.004772448270090988
0.0045595099008332975
0.004356176565521149
0.004161848196260487
0.003976080122646657
0.003797974897039589
0.003628290443351616
0.0034667546905265928
0.0033125589954815953
0.0031655165375897554
0.003025369476581536
0.00289128720164435
0.002763059883630723
0.0026403129768312007
0.002523300091227983
0.0024119687773411225
0.002305678310800504
0.0022039817651484752
0.0021064828572210587
0.0020131995464119944
0.0019239888146905973
0.0018387682450677313
0.0017573782574942167
0.001679504728311449
0.0016049434538117373
0.0015339313925056529
0.0014662913455494814
0.001401723618665617
0.0013400461357651018
0.0012809734901570084
0.0012245254910272381
0.0011708626548007676
0.0011196501114296793
0.001070665922753585
0.0010238005130514395
0.0009790375164908645
0.0009361431262350081
0.0008951830410898925
0.000856231505176217
0.0008189739671295812
0.0007832843283464595
0.0007494161440191268
0.0007171292266090968
0.000686315417336881
0.0006569014052750602
0.0006289469170861026
0.0006023270012686594
0.0005769436973573388
0.000552634572840913
0.00052921295603934
0.0005068679370274068
0.00048552966128346387
0.0004652261005825179
0.0004459251860446193
0.0004274763263395144
0.0004098599918596172
0.0003931503923305514
0.0003773179272782635
0.00036240823310536253
0.00034821233307809064
0.0003346043650526218
0.0003216199319288169
0.0003093553662776736
0.00029772239707457677
0.00028673308935199434
0.00027633083899816904
0.0002665475295686659
0.00025733639074589966
0.0002486559608559458
0.00024043642824945493
0.0002327882299504554
0.00022568434945029585
0.00021900673268415962
0.00021278483073616865
0.00020701987849079301
0.0002017453122975415
0.00019699385864688774
0.0001926896374333366
0.00018877128570610175
0.00018519235419372544
0.00018202345725791173
0.00017920965880001663
0.00017679878045338002
0.0001747832523423828
0.00017311122763772292
0.00017174604277058497
0.00017075097782097873
0.00017017127825379345
0.0001700068665052924

# 0024_r0

-0.6479147857845265
0.11149185818096168
0.04063514628905636
0.02283793666857717
0.016770997064864797
0.013988329942356619
0.012396740680843657
0.011330252679144675
0.010531804429150924
0.009886046644066332
0.009334651991123336
0.008845978893313186
0.008403225761507796
0.007996508600738621
0.0076183763843273924
0.007264309669065446
0.006930106393037684
0.006614271759574382
0.00631553567260164
0.006031949222631008
0.005762020016978552
0.005504902521200449
0.005259822930796493
0.00502598961633297
0.004803321229031448
0.004590964138922854
0.004388890613495156
0.004196588871414194
0.004012875607968498
0.0038364161558953115
0.003667277204289451
0.0035048726586377455
0.0033497030170036037
0.00320145115656809
0.003059702187014597
0.0029241596474255567
0.0027946458597800324
0.002670667494657231
0.0025524098060047224
0.002439703618928797
0.0023321482845816382
0.002229402253108196
0.0021313887682536292
0.002037735098327051
0.0019482574729302784
0.0018626213551515471
0.001781028213381012
0.0017030202996881024
0.001628261221579067
0.0015567532582245233
0.0014888360002967432
0.0014242405274807071
0.001362444579779704
0.0013034595764488679
0.001247005453955117
0.0011932557336147354
0.0011416209202801003
0.0010921282936849238
0.0010447798604388196
0.0009996715854784885
0.0009566938150898799
0.0009154174500714253
0.0008757898347510202
0.0008378192104424697
0.0008015298551007875
0.0007670881579074484
0.0007343009031599261
0.0007030082732230527
0.0006730374002082067
0.0006443859734304254
0.0006170586409008575
0.0005909339495502891
0.0005659803321779289
0.0005421115789641238
0.000519449446517466
0.0004978823344096971
0.0004773019484945611
0.000457712448790809
0.0004391186771379751
0.00042145563154832025
0.0004047441192309448
0.0003888750616341624
0.00037380027046527656
0.00035953850519564716
0.0003459929607237039
0.00033309849657246396
0.00032084798389864905
0.0003092611092471131
0.0002983722201280871
0.0002880800658947213
0.00027837499737306523
0.0002691388521231013
0.00026039211604981773
0.0002521525067755851
0.0002444437492332223
0.0002372421531323994
0.0002304607984890349
0.00022417293647583112
0.0002184176793006627
0.00021314669379748677
0.00020832442712116205
0.00020393688736555725
0.0001999613183536675
0.00019637278430450976
0.00019316167210642644
0.0001903780129868196
0.00018795247792922055
0.00018589051795074376
0.00018418289590681013
0.0001828279520005734
0.00018182419901690506
0.00018122258958749594
0.00018100062082584644

# 0025_r0

-0.6484502603073006
0.1110117514651739
0.04016509040011575
0.02237469448290333
0.016314785852043774
0.013538935543149682
0.011954049166628273
0.01089325105047381
0.010099828775993025
0.009458477454999878
0.008912400131667718
0.008431623329454428
0.007997683378148946
0.0076000426654327545
0.00723192493397099
0.006888270305418754
0.0065651321751564315
0.006259608719081997
0.005970662273127023
0.005697049900415393
0.0054371378776190025
0.005189573812462517
0.0049537620006223125
0.004729799759908897
0.004515842973921116
0.00431148857515203
0.0041162240720165185
0.003929906956827356
0.0037521334253109244
0.003582642390904796
0.0034210365378669005
0.0032668758029125223
0.0031199196616669353
0.0029790395115187607
0.0028444217962393117
0.0027158214284358946
0.002592782156760371
0.0024754055300989855
0.0023628966841051573
0.0022552259710031408
0.002151843431633711
0.002052907194168814
0.0019584654891819805
0.001868539351625176
0.00178296261160573
0.0017013115440446464
0.00162360120817485
0.001549519195492392
0.0014788673143556678
0.0014115965963725355
0.0013475791187185437
0.001286513479467008
0.0012282076277793622
0.0011723629208005508
0.0011191437292642184
0.0010684474326499566
0.001020000375713476
0.000973670970494656
0.0009292918325367856
0.000887054541578141
0.0008468100108131978
0.0008082818737759878
0.0007714569004135331
0.0007364530391858769
0.0007031659330569326
0.000671420566523334
0.0006411124239887259
0.0006122602573635728
0.0005847977620855517
0.0005588758609846892
0.0005342432358342706
0.0005108056968382272
0.0004885653446763134
0.0004672700589080957
0.0004469266850832691
0.00042746048982585403
0.00040890754791706314
0.00039117792733989735
0.0003742958570607692
0.00035825269637406983
0.00034295711080448165
0.0003283670916283755
0.0003145731676371359
0.00030155563546876713
0.0002892165850546009
0.00027747320075188433
0.000266341215419672
0.00025581867645813495
0.000245854295698707
0.00023643698669286437
0.00022755216742424394
0.0002191893185506715
0.0002112570327476373
0.00020372656005003897
0.0001966757829254063
0.00019013946117504287
0.0001840951990089205
0.00017851295913856097
0.0001733944253972818
0.0001686765066595365
0.0001643672352700855
0.00016042372197344303
0.0001568348702489094
0.0001536140218338929
0.00015069731710125678
0.00014812816032326413
0.00014587565645922117
0.00014393801267242466
0.0001423383946485148
0.00014111637064709014
0.00014028314067971131
0.00013977098799948032
0.00013962345045179358

# 0026_r0

-0.647814886387873
0.1116400706964624
0.040785934279001804
0.02298132007502407
0.016906040846650268
0.014116270322909855
0.012518665767932358
0.011445539006772908
0.01063967654654903
0.009984793484483088
0.009424490450740716
0.008927620722018543
0.008477501892987764
0.008063940822368583
0.007680416858114853
0.007321133511781009
0.006982941404258256
0.006663819611398607
0.006361004526687158
0.006073667380000557
0.005800322950905737
0.005539917358319947
0.005291571480453622
0.0050550759386970056
0.004829618489484989
0.004615469800175014
0.004411968811597575
0.004217727313910849
0.004032173986392334
0.003855093518075794
0.003685691305449881
0.003524066868478648
0.003369431095746457
0.0032216790085303278
0.0030797342945799327
0.0029437011691592747
0.0028132361759945807
0.0026883610415647822
0.0025686878381683195
0.002454262330161761
0.0023446056625669484
0.0022396709526107087
0.002139775977273486
0.0020446245002416867
0.001953896854605197
0.0018671837109249074
0.001784320544939932
0.001705022126880388
0.0016294071424295027
0.0015572701971941765
0.0014883043714058978
0.001422733303349641
0.001360313254659494
0.0013010112794042395
0.0012445191195111195
0.0011903325627470984
0.0011383737550051613
0.0010885597149389629
0.001040922100901615
0.0009955756516276248
0.0009522082692377515
0.0009109793064097447
0.0008717727866381541
0.0008345467368082847
0.000798895556678594
0.0007648377434961034
0.0007322435322279641
0.0007010038519860461
0.0006711721437543201
0.000642609830249767
0.0006153488008041047
0.0005892927084846756
0.0005642978792451105
0.0005404504979959117
0.0005176117669450618
0.0004958373046480809
0.0004752690858794731
0.00045581148870718207
0.0004373415930981455
0.00041984663600616373
0.00040326318095938875
0.00038746754178816176
0.00037249012773990666
0.00035825912216082663
0.0003447200567599051
0.00033197319610073564
0.00031997804627854274
0.00030860075175258024
0.00029784127831240147
0.0002876765525485424
0.00027812193649954587
0.0002691348124722522
0.00026071687938304986
0.00025281541284702505
0.0002454326809945726
0.00023848920805022317
0.00023195664589647675
0.00022581640671825138
0.0002201174899736312
0.0002148776661561902
0.0002100593143082316
0.0002056894078047849
0.00020165910590127847
0.00019813778297243656
0.0001950455140843529
0.0001923499575395546
0.00019005009905988466
0.00018812079980614274
0.000186507540960511
0.00018532056712216685
0.00018446819735741792
0.00018393666073314007
0.00018375341567598795

# 0027_r0

-0.6483079558461265
0.11121287518468406
0.040356859869425624
0.022553525329137826
0.016484703156717507
0.01370221752084686
0.012111208369506531
0.011044942066415262
0.01024481183875228
0.00959760565061765
0.00904552048494634
0.008557577324978544
0.008116728013295592
0.007711946683794318
0.0073367718853710835
0.006986122177749182
0.006655909487528736
0.006343769751650964
0.0060484464369116074
0.005768688590093078
0.005502712603762257
0.005249689333603283
0.0050085134906026835
0.004777802350259682
0.004557785890843931
0.004347935708995886
0.004148122357620862
0.003958023255620842
0.003776781865253654
0.0036044219336373922
0.0034402031662830986
0.003283570505173952
0.003134281000827148
0.0029917301694904917
0.0028557435899662607
0.0027261256107337186
0.0026024289109600383
0.0024839131294450674
0.002371095679744402
0.002263144335454919
0.0021598618250123817
0.002060782627677942
0.0019661312083500385
0.0018759025976357018
0.0017897337547006509
0.0017076356720224424
0.0016292139889373238
0.0015542720905646352
0.0014827339995659012
0.0014143387573024926
0.001349140452534856
0.0012869763887468114
0.0012276564264874401
0.0011707398601793052
0.0011165417690628752
0.001064936568480051
0.001015687878708377
0.0009687363515590512
0.000924068067362026
0.0008814777274315041
0.0008409194955856064
0.0008023931319054112
0.0007656782641413017
0.0007307457533417289
0.0006975370909971619
0.0006660661066361149
0.0006361586933247473
0.0006076327094971683
0.0005803953873655697
0.0005545306154974501
0.0005298076510064875
0.0005060770854936138
0.0004836571129880194
0.0004623838783594348
0.0004419457568791105
0.00042245120265251
0.0004039272345456556
0.0003862460060748743
0.0003694787854714001
0.00035359992486713813
0.0003386072155527249
0.00032449252156274493
0.00031111631737897283
0.0002984144757764688
0.00028638392695190946
0.00027495109947295613
0.0002641049726891082
0.0002538909887272941
0.00024422736257324467
0.00023505845844061293
0.00022632855804163792
0.00021812662244062817
0.00021045574796716373
0.00020323227247073092
0.00019643588019928386
0.00019012823227831441
0.00018427539172646728
0.00017876016230391472
0.00017366514810392201
0.0001689084708219875
0.00016453692490525076
0.00016057193615725128
0.00015701284656454337
0.00015381633563402183
0.0001509670309249829
0.00014847102952203253
0.00014629086973149435
0.0001444160639529502
0.00014284062620221859
0.00014162935358281328
0.00014075667760708724
0.00014022351976168218
0.00014004202000619903

# 0028_r0

-0.6482234850309185
0.11123855262676584
0.04037914629118037
0.022581301324300352
0.01651785632034986
0.013741008000463104
0.012155917897419929
0.011095716990203536
0.010302445503944501
0.009661241490132328
0.009114783399806004
0.00863256162661309
0.008196415712511115
0.007795426678571371
0.007422052530029708
0.007071930731139408
0.00674248120786952
0.006431625089993722
0.006137232351278033
0.005857165686016825
0.005590947940267117
0.005337975545636683
0.0050977209461276545
0.0048694286737412055
0.004652083809194004
0.004444692249578798
0.004246403736118126
0.004057137407869842
0.0038760463088174414
0.0037027269828762985
0.003537429286228086
0.003379505214560898
0.0032285310514202667
0.0030846555599066223
0.002946990486657713
0.0028157622744664143
0.002689945699010734
0.002569630464711453
0.0024549069654020983
0.0023456326093851685
0.0022412408490628285
0.00214178615765321
0.002046738230005874
0.0019558438000706023
0.0018688431861187459
0.0017857647221326764
0.0017064827339148439
0.0016305111226391496
0.001557800077489662
0.0014883100699407366
0.001422035288716042
0.0013588750465065688
0.001298689942666528
0.0012412246613948332
0.0011864441330645444
0.0011340310240306253
0.0010837314114604353
0.00103558136666961
0.000989572149140505
0.0009456357503253289
0.0009036212361090226
0.0008635116414432596
0.0008251291003851788
0.0007885206152026482
0.0007535766833912664
0.0007201498463986568
0.0006881900693873655
0.0006576447506784117
0.0006284963413417602
0.0006008238772506006
0.0005745931755203091
0.0005498145871380931
0.0005262776633081007
0.0005038446755329132
0.0004825693060355872
0.0004623043329479108
0.0004428677204510167
0.00042440158287623434
0.00040681710225080756
0.0003901316538596645
0.00037435284427412424
0.0003593068864789083
0.00034492531157116394
0.00033117770424327225
0.0003180881443996003
0.0003056594542435484
0.0002938665250691357
0.0002826716253352013
0.0002720942771063151
0.0002620916409570665
0.00025265366024445626
0.0002436938204925018
0.0002352460408568932
0.0002273910744677581
0.00022008289667976516
0.00021316933300292266
0.00020666300776206136
0.00020059229116822032
0.0001949598933283934
0.00018979252183017303
0.00018499977038143755
0.00018062877825709934
0.0001767288860677952
0.00017322557431473986
0.00017010362266750432
0.00016734205711495479
0.0001649774040526505
0.000162973610184678
0.000161310372211588
0.0001600264037650664
0.00015907053026020405
0.00015849708129071205
0.00015830865703679643

# 0029_r0

-0.6478184829546413
0.111680424227263
0.04082246146942063
0.02301828127705466
0.016943833617714472
0.01415285976277096
0.012551296757220377
0.011473821395761146
0.010663955211060833
0.010006961822344087
0.009445781422151857
0.008949070822951455
0.008498142397737166
0.008082866839634066
0.007695880972983726
0.007333461530964274
0.006993004692917687
0.0066708598964499285
0.006366271470078142
0.006078037484238172
0.005804014363138095
0.0055432779843358196
0.00529493815232013
0.005058765391555975
0.00483386797448044
0.004618904376199266
0.004413565089076193
0.0042174842932563555
0.004029841902428056
0.0038504202120246854
0.0036788470869754714
0.0035150864626624077
0.0033593841321898237
0.0032109905574154267
0.0030691382623867433
0.002933431440329553
0.002803752830615236
0.00267940252751172
0.002560702770650259
0.0024470967007546762
0.0023388401913564277
0.0022355746512151106
0.002136908978349509
0.0020428038950633864
0.0019527112788236504
0.0018664963274105334
0.0017841512078690222
0.0017055941459430527
0.0016307189159663925
0.0015592072629862113
0.0014909761598501314
0.0014256211783338656
0.0013631338398176016
0.0013034508484843293
0.0012461354752825074
0.0011913052515718058
0.0011387289331114818
0.0010882549743062443
0.0010399230583191716
0.0009938155953060548
0.00094978292478937
0.0009078522430570133
0.0008680799952787612
0.0008303993726663943
0.0007944461286331952
0.0007602124522894889
0.0007275953355855889
0.0006965355714378766
0.0006668767231221588
0.0006385583822279501
0.0006115335461897069
0.0005855856086178238
0.0005608776461502588
0.0005374283604064596
0.0005150497983330405
0.0004938197360497028
0.0004736501823257177
0.0004545051241274042
0.0004362220659909698
0.00041881992725277404
0.00040211722763267417
0.0003862024886610146
0.00037114612094233784
0.0003567569657878892
0.00034303037624337275
0.0003300158525305384
0.00031766148965977367
0.00030595883687598285
0.00029486798600591
0.00028433901147981893
0.0002744227287692451
0.0002652063800447632
0.00025664089809872173
0.0002485851394459409
0.0002409608878522782
0.00023385698762309098
0.0002272671472501765
0.000221125970121542
0.0002154521231968199
0.00021015017750924077
0.00020528454660354318
0.000200837277110769
0.00019672138508636526
0.00019297293691041996
0.0001895931423646812
0.00018662257120588037
0.00018405618152716397
0.0001818582084370934
0.00018009411748158753
0.00017873259489357865
0.00017780591037523734
0.00017723687739399627
0.00017699879850063266

# 0030_r0

-0.6479689189199079
0.11152812396326954
0.040669318950535736
0.02286605336685431
0.016793690240702114
0.0140062697399571
0.012410756057059241
0.011340056901698325
0.010535271736851285
0.009882729177352601
0.009325351802443779
0.008833633362385582
0.008388535686610953
0.007977932513372412
0.007596053742734088
0.0072381978226496585
0.0069018339773612115
0.00658356526046411
0.006280874739175898
0.005992801738319386
0.00571884921385657
0.005458268075240127
0.0052100732649840815
0.004974383512899109
0.004749822395067471
0.00453592821743636
0.004332059998551086
0.0041372132297329825
0.003950717850668613
0.00377256371120107
0.003602194982278647
0.003439218998012122
0.003284033974151867
0.003136330158692742
0.0029948553831339584
0.0028599469464299326
0.0027315712152351963
0.0026092757586149776
0.0024925898963613804
0.0023812464780095964
0.002275104810887636
0.0021736890091927836
0.002076490331251139
0.0019837374566145
0.0018950333741215716
0.0018105042390760776
0.0017296778895745993
0.001652415744398749
0.0015788098534429333
0.0015086441278970764
0.0014416614396862845
0.0013776643633590109
0.0013167799772729814
0.00125859700956883
0.0012028707031938803
0.0011493723468485046
0.001098179416757402
0.0010494011050404153
0.0010028365151035208
0.0009583476979198458
0.0009158189718884473
0.0008751654557016166
0.0008362193888592437
0.0007989391228812088
0.0007633393169430203
0.0007293895648474429
0.0006969350190598199
0.0006658867479777284
0.0006362123969193966
0.000607822054571907
0.0005807368932781989
0.0005550718764908865
0.0005307347269283265
0.0005075863959572986
0.0004855640484106695
0.00046460316124989095
0.00044456536729255375
0.0004254452692835383
0.00040731165715737945
0.00039003273643762254
0.00037357089472317423
0.00035798868499567526
0.00034310796900634467
0.00032895131286277314
0.0003155679148620772
0.0003029271291873797
0.00029096575159482773
0.00027963733624585056
0.0002689183510353373
0.00025879665481422
0.00024929215917555097
0.00024042451524477665
0.00023209090603189524
0.00022427286914278525
0.00021696811661227092
0.00021015927092255774
0.00020379744738644872
0.00019787005966220262
0.00019238581282872668
0.00018734393926205366
0.00018275065840968395
0.000178513597184162
0.00017464771940904598
0.00017120688350891888
0.0001681206264986401
0.00016543502861513366
0.0001631381036216401
0.00016119113351184872
0.00015959559508760962
0.0001583947073459283
0.0001575692787910038
0.00015709746143210336
0.00015696581882634742

# 0031_r0

-0.6479531089514156
0.11149914120533184
0.04063632306677251
0.02283087618751255
0.016757077932371005
0.013966434949759899
0.012366667054760328
0.011291283230217398
0.010481856991711641
0.009825691371842133
0.009266521622823598
0.008773165983502173
0.008326956800566535
0.007916136295357503
0.007534735832176598
0.007177904325057678
0.006842218961738694
0.006524922366879278
0.0062243925555584756
0.0059393441499646605
0.005668206080847403
0.005409862166001108
0.005164800075557784
0.004932215055681549
0.0047109784076909845
0.004500131260716722
0.004298698165521413
0.004106315391169704
0.003922359558764286
0.0037470978669295785
0.00357947681704777
0.0034198042185545788
0.0032676004686510037
0.003122378186648524
0.0029838434128295166
0.002851434516784106
0.0027249201969822842
0.0026039805845278715
0.002488409585223464
0.002377827940270337
0.0022722787442339587
0.0021716944584335165
0.0020755918872414052
0.001983444369623935
0.0018955229429974635
0.001811255507807128
0.0017307009182062477
0.0016536798549863802
0.0015799151569472934
0.001509449315577615
0.0014419337091283308
0.0013775010631254757
0.0013162075830465195
0.0012575667585234187
0.001201690355952421
0.001148442729710266
0.0010976263715245912
0.001049215316807076
0.00100305924075436
0.0009590000285473517
0.0009170572295577043
0.0008770460205115568
0.0008389593347151641
0.0008025405660883495
0.0007677973643081815
0.0007346634004342931
0.000703077989434302
0.0006727559402047043
0.0006436908893368125
0.0006158674548147363
0.000589380013632411
0.0005642520949087988
0.0005402822430193665
0.0005174996429375821
0.0004957600678530776
0.00047506415924534974
0.00045531925853623743
0.00043648899059131634
0.0004184468908411867
0.0004011962813009658
0.0003847900492992338
0.00036919505899517816
0.00035433793397405503
0.00034028657870990067
0.00032696670077051213
0.0003143574101656701
0.00030238258835263345
0.0002910641716523103
0.0002803369583541791
0.00027018378069568254
0.0002605892799156622
0.00025151191369992485
0.00024299925448156409
0.00023503197240214832
0.0002276053965901033
0.00022069218012342283
0.00021428231092465293
0.00020840898669730406
0.00020294512109171416
0.00019782905907228117
0.00019309467651300693
0.0001887323036121693
0.0001847972031753328
0.00018127881372317065
0.00017817105252613183
0.00017545193396809156
0.0001731385022359383
0.0001711663242442874
0.0001695201492664924
0.0001681659021631136
0.00016720571878197046
0.0001665929665875063
0.00016635463516645146

# 0032_r0

-0.647947663741279
0.11148016516658929
0.04061103918546192
0.02280516852790798
0.016731811037741864
0.013944305360868497
0.012349375304332557
0.011279254539914785
0.01047588839486414
0.009824250691073294
0.009267117131648465
0.008775009082885272
0.00833001381884509
0.00792087226480404
0.007540652883027368
0.007184299841876872
0.006849454371550341
0.006533752481105783
0.006235596971806082
0.005952995654570909
0.005684236845837805
0.005428329945442163
0.005183963225425346
0.004951431383469586
0.004729700548476491
0.004518066883671294
0.004315834825191122
0.004123413846136911
0.0039397038482998714
0.0037640020184817003
0.003596112590086785
0.0034356703792204684
0.003282664912535877
0.0031363493497647073
0.0029968083648158166
0.002863374447958442
0.00273551881895513
0.0026130220087363107
0.0024960780806424923
0.0023843377924020284
0.0022774839953942755
0.002175152893012696
0.002076928273685701
0.0019831775398518833
0.0018938278536010465
0.0018083257064903688
0.0017264793766865378
0.0016483299109416947
0.0015737294463959266
0.001502339108260388
0.0014341074670657576
0.0013692119022291223
0.001307431400702265
0.001248455134433868
0.0011920888197149181
0.001138443525062361
0.0010874260778124102
0.0010387150441675977
0.0009923658460255346
0.0009479200417663962
0.0009052951244820031
0.0008646521566995571
0.0008258669912220053
0.0007889157820150756
0.0007538438728734446
0.0007204529889067316
0.0006884963217845748
0.0006580720887075992
0.0006290957145168396
0.0006015759387526975
0.0005754003374367938
0.0005504555073578569
0.0005267322675089199
0.0005041977042441124
0.0004827069692877867
0.00046213915242186303
0.0004424957503490931
0.00042370820483194445
0.00040590239439005786
0.0003890664010926999
0.0003731815801329531
0.00035814561254809307
0.000343816709151932
0.0003302551129755132
0.0003173929455226101
0.00030519472001262787
0.0002936467105620304
0.00028278714492487354
0.000272499547804754
0.0002627164809720207
0.00025337622780364073
0.000244555599064942
0.0002362707054346244
0.00022851660020388917
0.0002212135381282186
0.0002143957956229631
0.00020805372377605635
0.0002021889991913981
0.0001968059246182704
0.00019182195252061444
0.00018726367633371954
0.00018313139156275233
0.00017938588844091372
0.0001760806827284073
0.00017312008849990879
0.00017052799422562258
0.00016825896850877357
0.00016630161121895063
0.00016471824821139605
0.00016349294964354512
0.00016263351334415467
0.0001621136272672846
0.00016196390170724372

# 0033_r0

-0.6478576575920255
0.1115755670548054
0.04072444673267386
0.02292518511658319
0.016856218497649327
0.014071050984638683
0.012475803608202224
0.011402925715603805
0.01059637700625419
0.009939613805492051
0.009378140003842895
0.008880115234005132
0.00842853665393627
0.008013148033346842
0.00762713946137751
0.007265888568277671
0.006925232095419274
0.006603379995987703
0.006298584446012556
0.0060091720239115
0.0057342221468716665
0.0054725746720829535
0.005222677018530201
0.0049847789373725455
0.004758504109203028
0.004542790471426181
0.00433706925750806
0.004140700007191833
0.0039530257017199736
0.0037738506941774794
0.0036029637546876295
0.0034398888914298795
0.003284209324119495
0.0031358138764837526
0.0029942235309787647
0.002859275942623137
0.002730468003701844
0.0026072513761020975
0.0024890854814717035
0.0023757765326499008
0.0022673398848039004
0.0021638601588454746
0.002065379851509052
0.0019712903068921186
0.0018815349891824987
0.001795989891445846
0.0017143513426601728
0.0016366714004875458
0.001562723595900472
0.0014923769536321948
0.001425220690592331
0.0013611711867364989
0.0013001063857014524
0.0012419085858590354
0.0011864695239749074
0.001133257517143016
0.0010822602767878709
0.0010334345642149436
0.0009865283701400403
0.0009417409210074182
0.0008989441591310302
0.0008583050160173279
0.0008196524875394651
0.000783027754696506
0.0007482040044592945
0.0007151263566521314
0.0006836208388540869
0.0006536036481163135
0.0006248699107949948
0.000597360170645888
0.0005711975239522754
0.0005462245818194626
0.0005224312498661588
0.0004997485266670549
0.0004781311560031902
0.00045759513699270265
0.0004380655173273905
0.00041959554278661934
0.0004021477076346251
0.0003854898716082452
0.00036950479965041836
0.00035434354745548374
0.0003400033371187745
0.00032649263771545526
0.0003136852964071333
0.00030162431917764163
0.00029018293099520784
0.0002793771098012143
0.0002690985446552044
0.0002594067197978762
0.0002502657280558502
0.0002416573831882604
0.00023360722953291165
0.00022607967559697673
0.0002190477732607643
0.00021247918772232177
0.00020635769467013855
0.00020064444223478892
0.000195248373247935
0.0001902544288848352
0.00018560030793473211
0.0001813074659123688
0.00017743373758999454
0.00017397278343412418
0.00017085237178016157
0.00016808592286411613
0.00016572572115005358
0.00016372710912912475
0.00016203441723520862
0.00016068544687396468
0.0001597675727630349
0.00015923575928097295
0.00015902827210478973

# 0034_r0

-0.6478932350573757
0.11166535399340184
0.04082440992128916
0.023023953138345755
0.01694968235451264
0.014157467301700404
0.01255516920145784
0.01147642233173496
0.010664829800692612
0.010005408941224125
0.00944094805287112
0.008940964029384048
0.008488180891797998
0.008070725141421545
0.007681846088835304
0.007318376226490894
0.006977170039807897
0.006655554230760328
0.006351404994576253
0.006063241644448077
0.00578978538541189
0.0055293467040555605
0.005282163107843557
0.00504649029541417
0.004821959043829752
0.004607982608594255
0.004403290416783512
0.004208119139441563
0.004021613372306952
0.003842894685782421
0.003671549335962905
0.003508025102273768
0.0033520211386443718
0.003202619772581581
0.0030601378057533587
0.0029240797592787237
0.00279417113781075
0.002670356115605208
0.0025517420822448148
0.0024380884579900636
0.0023297932520258964
0.002226224021154323
0.002127018637475281
0.0020319579462937313
0.001940821343779681
0.0018538188310677735
0.0017707965869371144
0.00169128644963004
0.0016152334146391435
0.00154293426686072
0.0014741788652286782
0.0014086538628126138
0.001345799277952973
0.0012855186381196782
0.0012277400121874832
0.0011724705779912585
0.0011197256162283622
0.001069512040347763
0.0010217258291358548
0.0009760862512141692
0.0009322887335856389
0.0008905174316576294
0.0008505507149062846
0.0008124598714163023
0.000776213305349846
0.0007415553512235029
0.0007084517226770143
0.000676908633265789
0.0006470488559343057
0.0006187464799292318
0.0005919394281791325
0.0005665810806717473
0.0005423366893763327
0.0005192608514353994
0.0004972052685135449
0.0004761004571890432
0.0004559319820852829
0.00043679740346738466
0.0004186472817899382
0.00040135118794342345
0.00038486674232671647
0.0003691255379968076
0.00035415129996399974
0.00033999322584808
0.00032663317733720335
0.0003140486266286113
0.0003021798302854651
0.0002909816126921298
0.00028049500282459355
0.0002706525516805544
0.0002613442007755001
0.00025256554633342035
0.0002442100095812437
0.00023628383021458466
0.00022884303887704918
0.0002219061169095246
0.00021551602357962958
0.00020958100411904267
0.00020412227517559183
0.0001991655300245557
0.00019458272052612637
0.00019047205376748546
0.0001868114772774435
0.000183505833720754
0.00018057679714514227
0.00017794017925144146
0.00017566176683774635
0.00017374893352391452
0.00017221314279117613
0.0001710275592707723
0.0001701814535417883
0.0001696633957755229
0.00016947467131997414

# 0035_r0

-0.6481327818380498
0.11135893151704458
0.04050073796734268
0.02269887153842983
0.016628067224562112
0.013841629496921665
0.01224524341579714
0.011171838984676183
0.01036441831624824
0.009708773176783498
0.009148237322259261
0.00865295595876202
0.008204861254542567
0.007793792389134092
0.007413304117473117
0.00705787053195333
0.0067234321788956445
0.006408170658334382
0.006110091963557613
0.005827352802879507
0.005558063143617639
0.005302467391671392
0.005058573867098625
0.0048256562415784155
0.004604150222063731
0.004393607540255397
0.004192292838215588
0.003999743866353362
0.003815831972935265
0.003640213539342413
0.003472266127768694
0.003312082220119954
0.0031595836644257268
0.003014495880382744
0.0028768700732015864
0.002745628743543883
0.002620189086086265
0.00250056275227203
0.0023863097004429667
0.002277386384693679
0.0021737375464306674
0.0020751539329933633
0.0019809742815074223
0.0018911694258601129
0.001805514818478666
0.0017236528037901436
0.0016452488967487657
0.001570612127948212
0.001499387116009417
0.0014315087331993903
0.001366882908410585
0.0013054906353796463
0.001246943603444067
0.0011909313849000948
0.0011372420173764055
0.0010859375311064036
0.001037038920156765
0.000990384912798741
0.0009459077510444412
0.000903735407668788
0.0008638426827630611
0.0008257934561500197
0.0007893706914353007
0.000754560313428412
0.0007213389707228324
0.0006895560490084747
0.0006589663312888761
0.0006297374073313403
0.0006018246656400787
0.0005751396698500484
0.0005497235680296668
0.0005255362023606333
0.0005025106786744757
0.0004806473026035257
0.00045993902038027936
0.0004403016650411375
0.00042156700729534675
0.0004037274532008946
0.0003867214911500174
0.0003705849874331402
0.00035522691566972764
0.0003406178231936057
0.00032681488015944867
0.00031362517261921693
0.000301079706519234
0.00028918702495327956
0.0002779403857846244
0.0002673468396662182
0.0002573910536765107
0.0002480074623659228
0.00023918735768755042
0.00023094509633738114
0.00022319190453789928
0.00021596685198686504
0.00020914042644798214
0.00020273199068596452
0.0001968233442762473
0.00019136573033105386
0.00018626451950685125
0.00018155665204044405
0.000177189719452471
0.00017318837976217986
0.00016961985241278294
0.000166365895410118
0.00016343579302015193
0.0001609639437261462
0.0001589706933935782
0.00015743937495759416
0.00015626740626366672
0.0001553204285303521
0.00015461729712858176
0.00015419375098564713
0.00015404241204698598

# 0036_r0

-0.6479231690134603
0.11159103773261034
0.04073366849710262
0.022928056030519558
0.016852834197305797
0.014059239941438017
0.01245531354895521
0.011375427474380322
0.010561936267348773
0.009900905730263433
0.009333598782564182
0.008830457245995087
0.00837437833626973
0.00795607815386811
0.0075685411580803065
0.007207276785940331
0.006868337612299656
0.006548537909442256
0.006245456115009139
0.0059587532085723085
0.0056860676410518144
0.005426453417701351
0.005179184543451996
0.004943348596942474
0.004718496918955775
0.004503404430659977
0.004298181819802372
0.004102604189818951
0.003915537033382001
0.003736569043488722
0.0035653156521042026
0.0034014601040548145
0.003244997144062561
0.0030958690941512218
0.0029535942340329275
0.0028181356950908363
0.0026891252178004132
0.0025654701316564087
0.0024473640238718364
0.0023350355630359786
0.002227887995935364
0.002125323348843922
0.0020274776778435076
0.0019344109932781703
0.0018459395499312629
0.0017615442773382614
0.001681003485384663
0.0016042442246039814
0.0015312632734615784
0.0014614693566445541
0.0013949372623470306
0.001331625436436165
0.001271247572763493
0.001213612645596434
0.001158848174052125
0.00110642662158766
0.001056370881258089
0.0010086478020430326
0.0009633951215022611
0.0009201713050071772
0.0008788980986297469
0.0008395330134009832
0.0008019867962938279
0.0007660699736405937
0.0007317609297218612
0.0006992314132213849
0.0006683980065887867
0.0006388646469256252
0.0006106248788548933
0.0005834425126135049
0.0005576295032608778
0.0005330586574441984
0.0005096186344093812
0.00048735733776209537
0.00046609928747004797
0.0004460052579995571
0.000426997137087711
0.0004090091726096107
0.0003918144509709192
0.0003754105725751477
0.0003597347552016427
0.0003448508021926998
0.00033071399171406715
0.00031731089172013676
0.000304512283078387
0.00029234660229167283
0.0002807613039530213
0.00026978631952192324
0.000259390169014908
0.00024967315409770335
0.00024046557366415512
0.00023179354008544592
0.0002236922596818997
0.0002161354382646613
0.0002091268066488072
0.00020253932857072914
0.00019641736182773482
0.0001907657935919452
0.00018548097676203418
0.000180575728723291
0.00017609750621090813
0.0001720160850702841
0.00016830659835802148
0.0001649515912106514
0.0001620046805319557
0.00015938643314190371
0.00015712649437681192
0.00015516618070739044
0.000153573168250071
0.00015236541453598866
0.00015149408198187966
0.00015099643852554815
0.00015080384666576587

# 0037_r0

-0.6476679984984005
0.11182309742003696
0.040951500671750955
0.023129651141465694
0.017034726953591175
0.014223527961561936
0.012603854599051292
0.011510858665055414
0.010688324835369032
0.010019148231368553
0.009445118589920184
0.00893653590695902
0.008475950117448679
0.00805352590502253
0.007660254940935521
0.007291771382257059
0.006945335478043683
0.006618061488613784
0.006308169673542968
0.006014063679066023
0.0057348016935490995
0.00546921116329578
0.005216629836824432
0.004976947215349666
0.004748446775144371
0.004530349447306708
0.004322844287208752
0.00412511653904045
0.003936188487432448
0.003755869161985626
0.0035842390445928055
0.0034203993722781976
0.003264194652694303
0.0031152443957342345
0.002973378029623614
0.0028381512855689167
0.00270894210136449
0.0025854780399905265
0.0024680668256916996
0.0023561141303270667
0.0022489344906170936
0.002146621577529884
0.002048616749845442
0.0019547879763722508
0.001864924196946385
0.0017790836427068607
0.0016975648997853885
0.0016200921736327875
0.0015463105879820113
0.0014760780761755474
0.0014094177735615588
0.001345993514023931
0.0012856757154562112
0.001228197294134587
0.0011731985934920824
0.001120631124465351
0.0010703320855030586
0.001022340484741231
0.0009765329889377056
0.0009327933495548489
0.0008912025303911929
0.0008517168372536733
0.0008141452139377444
0.0007783202004852109
0.0007440509264289373
0.0007114475872391319
0.000680488338759844
0.0006509219654998176
0.0006225442566480723
0.0005955290808572741
0.0005698012874151391
0.0005454289069428262
0.0005222322576193433
0.0005001323862436948
0.00047895529693295493
0.00045883190516228566
0.00043961353752872015
0.0004212069950077479
0.00040371495303236337
0.00038702662688180293
0.00037116639485919843
0.00035621193020112554
0.00034200753477848025
0.00032845524559494175
0.0003154233968804955
0.0003030289022902841
0.00029128809787910083
0.00028019821124441156
0.00026974099152932086
0.00025989722599669427
0.00025066917962177207
0.00024200436858491485
0.00023382365996633156
0.00022608895014127297
0.00021887326486891477
0.00021213835690278367
0.00020589065868852142
0.00020008323679343473
0.00019466278246263932
0.0001897394168756668
0.00018527856761411333
0.00018125127621828444
0.0001775828714035388
0.00017424521248982425
0.0001712454652481237
0.00016854582321304136
0.00016618651576930514
0.00016428706934900854
0.00016283053767023685
0.00016172963408227692
0.00016096734675807124
0.00016050237454986733
0.00016033341202704898

# 0038_r0

-0.6480386399580981
0.11146877928411704
0.04061441162592878
0.022809340797335317
0.01673348280739943
0.013940995466641551
0.012338791264372264
0.011260697292550331
0.010449510490410461
0.009792043328533841
0.009230841746133726
0.008732533734409076
0.008280791087254042
0.007865938956519023
0.007482185689556006
0.007123053812070943
0.006784973966370718
0.006465487973954111
0.006162235122447636
0.005873398799307936
0.005598533749700373
0.005336282976776804
0.0050870614403098055
0.004849739201608301
0.0046234414807262035
0.00440822016598365
0.004203271582528898
0.004007797559172426
0.003821138869464439
0.0036432568842693592
0.0034734228989585234
0.003311635115651297
0.0031576306742400273
0.0030111498456376245
0.0028715603195887166
0.002738194944332699
0.0026110642111576835
0.002490274945570096
0.0023750603377893165
0.002265387491632299
0.0021606173052121226
0.0020605615168731726
0.001965307402469878
0.0018744077732324156
0.0017873982754370006
0.0017041236484941005
0.0016248914303266216
0.0015496421473931835
0.0014781305494242967
0.001410043882610806
0.0013450770027869467
0.0012828896938263975
0.0012235392748019822
0.001166729728612588
0.0011124996382053196
0.0010605537893158276
0.001011154698154834
0.0009640726529817156
0.0009192283380340339
0.0008762766548013874
0.0008353723257059632
0.00079660045745853
0.0007599588392928877
0.0007251711639128286
0.0006919576067968164
0.0006602030541178946
0.0006299950953941837
0.0006013574240428245
0.000574163487866681
0.0005483297062012213
0.00052348161530333
0.0004996949765145985
0.00047701016277583474
0.00045536954834033154
0.00043466719209234026
0.0004149393729594429
0.00039621497338811874
0.00037849554649236076
0.000361712870068955
0.0003458406993939746
0.0003307073383029575
0.000316258029302678
0.0003025350242135132
0.00028965051208377444
0.00027753819380730926
0.00026609398578930784
0.0002551791237040682
0.00024479629333579595
0.00023497636603247294
0.00022566526675231292
0.00021697830549635827
0.00020886873236032808
0.00020117869024301058
0.00019390906491246004
0.00018710250945574603
0.0001807753580915394
0.00017493857297561552
0.00016954238711868694
0.00016450979521034863
0.0001597325828305461
0.00015527797211096434
0.00015112913671232734
0.0001473815804116583
0.00014398508042903774
0.00014095451919839036
0.00013832684061983235
0.0001361264482558922
0.00013426738302644615
0.00013274938236103401
0.000131569233042308
0.0001307391571289782
0.00013023697895509374
0.00013011245443963302
