
# 0001_r0

0.0
-0.0008210521462605169
-0.0007275026403041658
-0.0006719982944474259
-0.0006324482023785355
-0.0005993025241035832
-0.0005699946214831549
-0.0005429348590837005
-0.0005176021594407254
-0.0004939434097467726
-0.00047163044163031664
-0.00045035652589544363
-0.00043010462884950296
-0.000410813986251517
-0.000392508778856656
-0.0003750004759016561
-0.00035834961275053564
-0.000342629880312184
-0.0003273598828806741
-0.0003127938970409998
-0.00029897893173151885
-0.0002857288512060885
-0.000272889711998229
-0.0002608802630951602
-0.00024933706122200395
-0.00023821684237968814
-0.00022768239451035046
-0.00021769930046840563
-0.00020817947561760033
-0.00019913529712740487
-0.00019019086196323372
-0.0001817550429269504
-0.00017362316161494224
-0.0001658733399473908
-0.00015836204881838602
-0.0001514132202101746
-0.0001447585593223484
-0.00013828844454414176
-0.00013209857142256823
-0.0001262788054811466
-0.00012059792347347187
-0.00011518843304101298
-0.00011005140972023033
-0.00010513412419149274
-0.00010050849207131995
-9.600597030339874e-5
-9.172212246985675e-5
-8.75820092217783e-5
-8.36292968896321e-5
-7.989807874864745e-5
-7.637696080925836e-5
-7.302537103419847e-5
-6.973691215247912e-5
-6.66745922892962e-5
-6.368591540307247e-5
-6.085183421786448e-5
-5.810999430309948e-5
-5.5467706835697106e-5
-5.303996111506741e-5
-5.068770219434177e-5
-4.843727407734191e-5
-4.627352756642379e-5
-4.42067271939107e-5
-4.220941870310267e-5
-4.0330071037318065e-5
-3.849841369718326e-5
-3.677532556468491e-5
-3.5092200610479714e-5
-3.3518740842835754e-5
-3.1949795891448736e-5
-3.0483127767179624e-5
-2.9087790706662738e-5
-2.7736039499262653e-5
-2.6439749750428194e-5
-2.5215089156642496e-5
-2.4039599361010636e-5
-2.290319629513754e-5
-2.1820704835592456e-5
-2.0779362521383798e-5
-1.9772020775537333e-5
-1.8805840640316296e-5
-1.7904740125181343e-5
-1.699837749635274e-5
-1.6150320214114992e-5
-1.5308188314719324e-5
-1.451177311674418e-5
-1.3749060046103548e-5
-1.2995446498755127e-5
-1.2281164469212207e-5
-1.1593482749129846e-5
-1.091899120288323e-5
-1.027410783523573e-5
-9.66950121790168e-6
-9.05313838254199e-6
-8.473904653361632e-6
-7.926664610460023e-6
-7.387771123838259e-6
-6.827901088658413e-6
-6.320718612125492e-6
-5.815081402194289e-6
-5.337277625705199e-6
-4.853847425050125e-6
-4.384942964986436e-6
-3.925038800879093e-6
-3.4728277935419117e-6
-3.032715009629525e-6
-2.601591773282893e-6
-2.1524591768382584e-6
-1.7184578806009614e-6
-1.2847311394147039e-6
-8.572671746242622e-7
-4.373890785602042e-7
0.0

# 0002_r0

0.0
-0.0008218952925046232
-0.0007280764130287961
-0.0006729032142278785
-0.0006336023507201191
-0.00060039546732547
-0.0005710703980777446
-0.0005442022648622882
-0.0005191690280042356
-0.0004953727344635169
-0.00047301821364163066
-0.00045193186111312745
-0.0004320815064103274
-0.0004127280872126262
-0.0003945673286192863
-0.0003770603739444012
-0.0003605357428623777
-0.0003445437357853536
-0.0003292281820382698
-0.0003148444687878535
-0.00030087912143182124
-0.0002875688305932555
-0.00027503804891441523
-0.0002630048842193654
-0.00025144582825855315
-0.00024052394587891713
-0.0002297608878331293
-0.000219596245076296
-0.00020984113522070613
-0.00020061091806271774
-0.000191825779966522
-0.0001833335997087632
-0.0001752612637805222
-0.0001675187971724097
-0.00016024114194862065
-0.00015321150266256643
-0.00014646036449740665
-0.00014002030410801075
-0.00013378185862862442
-0.00012766778902191465
-0.00012191594397644204
-0.00011649642220036204
-0.00011130103847240917
-0.0001063053018895808
-0.00010162580187519487
-9.718289008737146e-5
-9.288004436521707e-5
-8.881919192226332e-5
-8.493979518938619e-5
-8.10919565536771e-5
-7.748652600945054e-5
-7.402861080943605e-5
-7.069313867638648e-5
-6.764588381437331e-5
-6.467603874375528e-5
-6.182493755142386e-5
-5.9041402619369674e-5
-5.639993498189609e-5
-5.392685630863867e-5
-5.153877091662242e-5
-4.919782293845668e-5
-4.70086103745812e-5
-4.4818430135163636e-5
-4.2760242053689515e-5
-4.08292476516113e-5
-3.896182019898018e-5
-3.7165839909038174e-5
-3.547189031540702e-5
-3.3817698507822524e-5
-3.229134617775605e-5
-3.0788149724469474e-5
-2.932639788390196e-5
-2.7953692679781123e-5
-2.6696386986462325e-5
-2.5432582698907642e-5
-2.4236085283953385e-5
-2.3090208658027872e-5
-2.195383633456322e-5
-2.091366019542406e-5
-1.9892466417536994e-5
-1.8887216116096377e-5
-1.7930439484156955e-5
-1.7039432386742683e-5
-1.6159261532708754e-5
-1.5325451881020493e-5
-1.4537613170818119e-5
-1.3753978753726612e-5
-1.3022832835847299e-5
-1.2293311585684084e-5
-1.1569070926107666e-5
-1.0914244361913682e-5
-1.0287556395450863e-5
-9.676923317928091e-6
-9.083702334344353e-6
-8.50642571335225e-6
-7.943911332773353e-6
-7.388689271478798e-6
-6.847706851828278e-6
-6.337151496551566e-6
-5.828231355021873e-6
-5.331504416496974e-6
-4.861115910248896e-6
-4.3677484131200575e-6
-3.895197857674709e-6
-3.4402151059880167e-6
-3.010490591424364e-6
-2.5594444442626944e-6
-2.1236317000657112e-6
-1.6750952631287686e-6
-1.2522661357624882e-6
-8.407317782526837e-7
-4.1905242013150274e-7
0.0

# 0003_r0

0.0
-0.0008303066772426166
-0.0007371045430250012
-0.0006819531180675445
-0.0006420843824929248
-0.0006091059446415592
-0.0005796905992240487
-0.0005523473694686955
-0.0005273050146324509
-0.0005033037747323426
-0.00048019698331713953
-0.00045858379667941643
-0.000438009695498236
-0.0004184540489105812
-0.00039982282420893833
-0.000382420256711394
-0.00036545262917721916
-0.00034926547140689597
-0.0003337375125639037
-0.0003190878897682494
-0.0003051024450497411
-0.00029158833395418626
-0.0002786867925447777
-0.00026646695111572983
-0.000254830529070362
-0.0002437559066821597
-0.00023297938704004766
-0.00022266088908795434
-0.00021294888623843192
-0.00020353412061519723
-0.00019463420469449565
-0.00018593561696493547
-0.00017786348667283064
-0.0001700727283245361
-0.0001626108399408374
-0.00015546892645108373
-0.00014860466512212704
-0.00014189290817487058
-0.00013570881319263645
-0.00012968006082663886
-0.00012400825450509836
-0.00011855752090631855
-0.00011319391332061296
-0.00010818617033813074
-0.00010346600776816492
-9.878770860719929e-5
-9.440909034321434e-5
-9.026829067520615e-5
-8.624295609944005e-5
-8.245911703426779e-5
-7.876962910633829e-5
-7.529585887041853e-5
-7.19158574345784e-5
-6.872735493754494e-5
-6.561611478022684e-5
-6.26882356958438e-5
-5.9935868108755773e-5
-5.729381911338402e-5
-5.46826942722293e-5
-5.225075411686459e-5
-4.987077266919252e-5
-4.763142269981267e-5
-4.546983299854994e-5
-4.338510459604136e-5
-4.1402216602890925e-5
-3.954207321521065e-5
-3.7709170803697426e-5
-3.597439765070608e-5
-3.434474154137252e-5
-3.2778419456972604e-5
-3.125147377674697e-5
-2.9821964053622734e-5
-2.8423666412200344e-5
-2.7094568092959273e-5
-2.578089661168284e-5
-2.4573515222854113e-5
-2.3404192135067115e-5
-2.2293673307597652e-5
-2.1233485603618038e-5
-2.0206680635920013e-5
-1.921547087905526e-5
-1.8274819821191075e-5
-1.7320435469239343e-5
-1.6423155130296912e-5
-1.5588927343376934e-5
-1.4785949337389968e-5
-1.3988077746945215e-5
-1.32042258363881e-5
-1.2468344553296274e-5
-1.1750231786403152e-5
-1.1085066048966679e-5
-1.041098897473913e-5
-9.770129148739952e-6
-9.135484223585374e-6
-8.557998731527351e-6
-7.977182261150264e-6
-7.433619931578046e-6
-6.892699935259375e-6
-6.363289437965988e-6
-5.859784941690286e-6
-5.358796132085977e-6
-4.8739400192952855e-6
-4.402415150199437e-6
-3.9332576841755445e-6
-3.472796613576549e-6
-3.0061850270854077e-6
-2.5667356760287925e-6
-2.126474702547574e-6
-1.70644101205023e-6
-1.2736981463588781e-6
-8.6082832847595e-7
-4.133539773636361e-7
0.0

# 0004_r0

0.0
-0.0008282769040827608
-0.0007351040806894169
-0.0006797076627824715
-0.0006405496065124306
-0.0006073653595122771
-0.0005781129511939122
-0.0005510021266532546
-0.000525560995795219
-0.0005015597117759852
-0.000479139932303176
-0.0004577594982097371
-0.0004372047557221341
-0.0004179647070143634
-0.00039938505794595444
-0.0003815659446663931
-0.0003649615735466393
-0.00034867119217307183
-0.00033329539039049635
-0.0003184023011080801
-0.00030450695330982335
-0.0002909082914316313
-0.0002781264280011013
-0.000265943924139656
-0.0002544350042563314
-0.00024342976132518546
-0.00023274495738896935
-0.000222474306694225
-0.00021265991390591633
-0.00020315179861629356
-0.00019420215960256498
-0.00018562997196309533
-0.00017750066025592326
-0.00016969002228616048
-0.0001621119731299502
-0.00015498843463803376
-0.000148128110571062
-0.0001415864984976105
-0.00013530135225304146
-0.00012930354109525093
-0.00012353635293419765
-0.00011793713121301358
-0.00011281100024777962
-0.00010785534395957018
-0.00010308617860652988
-9.864833716063625e-5
-9.427008493092376e-5
-9.013206406707815e-5
-8.614971180910842e-5
-8.224799360850246e-5
-7.858318504309336e-5
-7.508865134458251e-5
-7.182747914304253e-5
-6.86243747607855e-5
-6.561606898650424e-5
-6.25997096314703e-5
-5.984060859875328e-5
-5.7172146329598857e-5
-5.465265114455186e-5
-5.2225938644867265e-5
-4.9915586962565126e-5
-4.77612237202535e-5
-4.5695299678516474e-5
-4.367803930602141e-5
-4.1703296346113966e-5
-3.983190919990442e-5
-3.8089306322062057e-5
-3.640257320137704e-5
-3.47203018008366e-5
-3.311268970180548e-5
-3.1587092005104714e-5
-3.0127926355672788e-5
-2.8743082391233958e-5
-2.745596373500502e-5
-2.616154492502467e-5
-2.4925579725275468e-5
-2.3748854279027462e-5
-2.2634448688300812e-5
-2.1535571394679855e-5
-2.049629401244265e-5
-1.9505770940444388e-5
-1.8551559377363835e-5
-1.764166293940748e-5
-1.6773891145388805e-5
-1.5903285060203188e-5
-1.5111323309164912e-5
-1.4299935551007674e-5
-1.3543279592783837e-5
-1.2777502107449875e-5
-1.2060608522652654e-5
-1.1383935116358575e-5
-1.075235424045284e-5
-1.0126635334529916e-5
-9.501557723075235e-6
-8.90640360789636e-6
-8.327645728383502e-6
-7.72252163341514e-6
-7.180238992658625e-6
-6.616388836868541e-6
-6.099128273077147e-6
-5.5741158570294005e-6
-5.0571067605974956e-6
-4.568178616476165e-6
-4.092561314384239e-6
-3.6163621977420595e-6
-3.151422307536266e-6
-2.668362413019983e-6
-2.223340202026887e-6
-1.7760825952875576e-6
-1.3262495050998688e-6
-8.897078632260784e-7
-4.449090448233619e-7
0.0

# 0005_r0

0.0
-0.0008134312636866486
-0.0007205483039217252
-0.0006661009195836152
-0.0006269707324499194
-0.0005945921356595534
-0.0005655515934924145
-0.0005392006767370173
-0.0005146629440935228
-0.0004914224978934972
-0.00046953894001785953
-0.00044880828358197976
-0.0004292602209710579
-0.0004104401383670107
-0.0003925122763141455
-0.00037535394207007346
-0.0003590630703419106
-0.00034323283603802154
-0.0003283537210523672
-0.00031403039392680125
-0.00030018596324514057
-0.00028720499540539065
-0.00027469160797695646
-0.0002628380511728575
-0.0002514080524930192
-0.00024040008498761356
-0.0002300470826944906
-0.0002200846652876342
-0.00021062428044348676
-0.0002014188305396346
-0.00019270446036417482
-0.00018424269410716298
-0.00017627742409075843
-0.00016866963448172156
-0.00016141318655833728
-0.0001543523976864814
-0.00014762028280182628
-0.00014124151384425077
-0.00013508481862682756
-0.00012920382627871623
-0.00012358860418214875
-0.00011806757944411303
-0.00011291406790139995
-0.00010794942019600103
-0.00010332816177806936
-9.882588878238809e-5
-9.449700140863395e-5
-9.035364420161408e-5
-8.637660137365602e-5
-8.255447712693149e-5
-7.892302480161091e-5
-7.546991202924313e-5
-7.218626517598046e-5
-6.898366044199679e-5
-6.599787880211529e-5
-6.303725376721049e-5
-6.02404506216238e-5
-5.752923306601073e-5
-5.501357211669918e-5
-5.257923600862857e-5
-5.022246380205189e-5
-4.801581547210459e-5
-4.583950663270546e-5
-4.3783315378779343e-5
-4.188579851006485e-5
-3.999208174519241e-5
-3.817148232318171e-5
-3.6419481306339115e-5
-3.4785781849747874e-5
-3.321718705355572e-5
-3.168815048835384e-5
-3.0266071313675588e-5
-2.885667786351328e-5
-2.7528828478255185e-5
-2.627762117524923e-5
-2.5050969639747444e-5
-2.3880113034278418e-5
-2.2745196743140463e-5
-2.1657643304732576e-5
-2.0628684072959685e-5
-1.965238559677198e-5
-1.869332194765074e-5
-1.7770476331200148e-5
-1.6865595073360436e-5
-1.6015573102067113e-5
-1.5181548329898032e-5
-1.4380320139332983e-5
-1.3603716822208809e-5
-1.281995433838545e-5
-1.2130331688854978e-5
-1.1449053878334228e-5
-1.076333012849821e-5
-1.013513993255575e-5
-9.506942499324674e-6
-8.903648181923341e-6
-8.316209859854959e-6
-7.753215156517816e-6
-7.2020826320461605e-6
-6.677809494561116e-6
-6.1524889555572814e-6
-5.646934552321911e-6
-5.138469324107109e-6
-4.6417442306608726e-6
-4.1576402727034196e-6
-3.6822584190844563e-6
-3.2097850041617308e-6
-2.722530584682094e-6
-2.2546101048424804e-6
-1.7906244294133337e-6
-1.35606015343004e-6
-8.957268810311568e-7
-4.455894776350625e-7
0.0

# 0006_r0

0.0
-0.0008212163677350216
-0.0007272016608301373
-0.0006714223559337511
-0.0006317872039843982
-0.0005990926745874966
-0.0005699105948278278
-0.0005427431029954737
-0.000517760578625503
-0.0004945043956896908
-0.0004720786878102649
-0.00045085023391799205
-0.00043069679425591836
-0.00041136241039755754
-0.0003933837158157286
-0.0003760015075065091
-0.0003592875942849857
-0.00034331827093250273
-0.00032810239209988754
-0.00031367422177465274
-0.0002998332663304906
-0.0002864551030615846
-0.0002736753536660164
-0.0002613815207061615
-0.0002498446658613269
-0.0002387415371358259
-0.00022830507553812796
-0.00021821296064247357
-0.00020858358793286028
-0.00019927855147553445
-0.00019054388842886614
-0.0001819853483445633
-0.0001738459359896894
-0.00016620347486085766
-0.00015882949847272046
-0.0001517570007323372
-0.0001451335990976979
-0.00013853234902696038
-0.00013238795643867154
-0.00012649929488955876
-0.00012079026156769621
-0.0001154864306381223
-0.00011037112507356578
-0.0001054212540938706
-0.00010062502663120267
-9.611754406420546e-5
-9.193866128806356e-5
-8.782363706058669e-5
-8.405193930314968e-5
-8.026310869190818e-5
-7.668880118672721e-5
-7.332432050649712e-5
-7.003073138234438e-5
-6.687997890050865e-5
-6.395461582775385e-5
-6.113827603399268e-5
-5.844215815190271e-5
-5.592437841372603e-5
-5.342632769887722e-5
-5.1054061889140035e-5
-4.883054648292107e-5
-4.661747550147369e-5
-4.456880792488599e-5
-4.25707513024906e-5
-4.0626947090609375e-5
-3.8823229289248305e-5
-3.706217172546465e-5
-3.535792032682911e-5
-3.3718007815294417e-5
-3.2224452684032785e-5
-3.070925451683033e-5
-2.928878813776662e-5
-2.7928124418578116e-5
-2.6617145794034725e-5
-2.5370056932433952e-5
-2.416107672157984e-5
-2.303845752059576e-5
-2.19433303953652e-5
-2.0897017635728435e-5
-1.9898515819714512e-5
-1.8927884775759047e-5
-1.80224032071692e-5
-1.71132842668864e-5
-1.625037938291672e-5
-1.541393067781005e-5
-1.4628505455220452e-5
-1.3864591724954185e-5
-1.3110484850591154e-5
-1.2384287979568816e-5
-1.1734586140358866e-5
-1.1040353926364523e-5
-1.0406370593006586e-5
-9.799401980175838e-6
-9.186532071188027e-6
-8.615955837499536e-6
-8.044854951828606e-6
-7.504417419144265e-6
-6.96622044779368e-6
-6.450441205329651e-6
-5.9207011078694385e-6
-5.447442434050121e-6
-4.9514926425103316e-6
-4.4769549133974235e-6
-4.021260908349717e-6
-3.5645296168192814e-6
-3.1263634253512303e-6
-2.666997769360441e-6
-2.2098883047403247e-6
-1.760212506845141e-6
-1.3326589273196272e-6
-8.910579538306819e-7
-4.4370359275542166e-7
0.0

# 0007_r0

0.0
-0.000823983034418726
-0.0007304886794074582
-0.0006753120233989883
-0.0006357088784611005
-0.0006028038965712314
-0.0005732135201610353
-0.0005460829849660022
-0.0005206232983908844
-0.0004971427682423592
-0.00047450819583480145
-0.00045299572536933695
-0.00043284158327579707
-0.00041353834507419196
-0.00039486411230166464
-0.000377226394585698
-0.0003606384830611926
-0.0003447160617398727
-0.0003293275915861921
-0.0003149540245909067
-0.0003009568886837771
-0.00028760187916302587
-0.0002749413004571373
-0.00026277140467491003
-0.0002511178631831437
-0.00024002957880060808
-0.0002294898938725371
-0.00021934389553236695
-0.00020976100209256954
-0.00020044432234396316
-0.00019158638528398312
-0.00018332099207319397
-0.00017514582764911686
-0.0001674445419939396
-0.00016011254454224955
-0.0001531132452519799
-0.00014641386550087642
-0.00014000175931431084
-0.0001339080572008551
-0.00012809410007104047
-0.0001224035953424733
-0.0001169968381810848
-0.00011184212457445003
-0.00010694173195571143
-0.00010226809913662662
-9.767935865519238e-5
-9.335187381917893e-5
-8.917356380682208e-5
-8.527527725651629e-5
-8.163158752868554e-5
-7.793360264489917e-5
-7.453359324538695e-5
-7.127425558254379e-5
-6.8184668604778e-5
-6.515649885902506e-5
-6.23066956256852e-5
-5.954726344107943e-5
-5.6882518181952705e-5
-5.440231079910088e-5
-5.1981620049462454e-5
-4.966461021314796e-5
-4.7455978921073345e-5
-4.530627330911276e-5
-4.324866807507911e-5
-4.130051729977747e-5
-3.9423277812254604e-5
-3.765971510769657e-5
-3.597949716350311e-5
-3.437633588631985e-5
-3.2845205575710034e-5
-3.132757780041396e-5
-2.984339013195995e-5
-2.851353289366423e-5
-2.7206998250560406e-5
-2.5929132516776573e-5
-2.4718880071146627e-5
-2.3582486870932878e-5
-2.247484063809616e-5
-2.1403016667261597e-5
-2.0402304308295212e-5
-1.941092713025631e-5
-1.8484757644247044e-5
-1.756984497805866e-5
-1.6699622228262107e-5
-1.5894852050132717e-5
-1.5089591450299382e-5
-1.429795229863424e-5
-1.3526282695864336e-5
-1.2790264506766846e-5
-1.2071649446012604e-5
-1.1423559776046793e-5
-1.0768623426937577e-5
-1.0140513625398946e-5
-9.498963532717344e-6
-8.907140917049876e-6
-8.315022533197238e-6
-7.75644897246334e-6
-7.2016317770923336e-6
-6.662917788476966e-6
-6.1600665208867895e-6
-5.648457221880264e-6
-5.141625942300487e-6
-4.661147554326338e-6
-4.148573907208036e-6
-3.7002810011078357e-6
-3.213150169494504e-6
-2.741549665471249e-6
-2.2959323097618626e-6
-1.8185077079364628e-6
-1.3683519105789946e-6
-9.003142236173873e-7
-4.5457752755339607e-7
0.0

# 0008_r0

0.0
-0.0008165560817306853
-0.000723231433965246
-0.0006678667440327824
-0.0006285037898110385
-0.0005958220517958523
-0.0005667257103642594
-0.0005397093039491819
-0.0005150521696684678
-0.0004914257218130239
-0.00046876686659712193
-0.00044792518067783733
-0.000427889868974656
-0.0004086662035472589
-0.0003905433482272866
-0.00037283403658106733
-0.00035644682961957633
-0.0003404377280998447
-0.0003252860137871384
-0.000310748010568814
-0.00029693960474185953
-0.00028363737198702684
-0.0002710142808088399
-0.00025884934299323284
-0.000247164860857979
-0.00023609982724706556
-0.0002255908511888164
-0.00021553439482242315
-0.00020588292563568323
-0.0001967743379422397
-0.00018804756174817028
-0.00017986292383255013
-0.0001719697855253196
-0.00016425668797585518
-0.00015709717314239707
-0.00015002835979910405
-0.0001433226940196948
-0.00013684910829956385
-0.00013074859034273596
-0.0001250431658127433
-0.00011938817426059763
-0.00011389706069316028
-0.00010878117398792384
-0.00010390358576437326
-9.929299769669487e-5
-9.484489561507791e-5
-9.061778828061424e-5
-8.652880722921978e-5
-8.267641141986341e-5
-7.899363215349438e-5
-7.552439183147646e-5
-7.219567035906563e-5
-6.906629591144988e-5
-6.595650098610296e-5
-6.293824558434579e-5
-6.013045845755885e-5
-5.744701357415523e-5
-5.4809038902629934e-5
-5.2371877367292374e-5
-5.001554920067217e-5
-4.77637530081046e-5
-4.556229306516923e-5
-4.347548156040707e-5
-4.1529705782495566e-5
-3.964506624049436e-5
-3.781903202562231e-5
-3.6147862152157525e-5
-3.451819467412864e-5
-3.294871058747237e-5
-3.141579076940514e-5
-2.998256967470523e-5
-2.8580648616162615e-5
-2.729640585371458e-5
-2.598700432819306e-5
-2.475945896427024e-5
-2.3625286557887328e-5
-2.248773100179528e-5
-2.1387940588737634e-5
-2.036477392531446e-5
-1.9377051128020902e-5
-1.8423016446412923e-5
-1.7529996774574187e-5
-1.6682474907031862e-5
-1.5843839299506292e-5
-1.5024044541787292e-5
-1.4236666992777503e-5
-1.352670708454171e-5
-1.2822595474287074e-5
-1.213161736356259e-5
-1.145754792281766e-5
-1.0805962109469854e-5
-1.018463840655539e-5
-9.577830532089264e-6
-8.968645389367306e-6
-8.398440073573665e-6
-7.857033484132169e-6
-7.326692955676765e-6
-6.801246636418471e-6
-6.316408772859872e-6
-5.822158062970024e-6
-5.326098948016362e-6
-4.832661578583654e-6
-4.362906331432612e-6
-3.892930811176383e-6
-3.443136815002249e-6
-3.0033528191478314e-6
-2.5505396231032108e-6
-2.116797822556847e-6
-1.6836967797663786e-6
-1.2673516135592229e-6
-8.469502706334029e-7
-4.1392521775503735e-7
0.0

# 0009_r0

0.0
-0.0008116007839889742
-0.000718694023353111
-0.000663670626262098
-0.0006244211033412733
-0.0005917855725253692
-0.0005623522274866749
-0.0005354151901708018
-0.0005105938866015091
-0.0004869165749656983
-0.0004645783548464371
-0.0004434893570505819
-0.0004234133124071569
-0.0004043389420404299
-0.00038610212403520126
-0.00036874421416238304
-0.0003520763786867162
-0.0003362423633116604
-0.00032136044481924613
-0.00030699370391569817
-0.0002932496192692219
-0.0002799726384312467
-0.0002674155852859923
-0.0002554213390462833
-0.0002441042018646899
-0.00023318346585290416
-0.00022281501765743274
-0.0002127435045172061
-0.00020305278332128873
-0.0001939096668071206
-0.00018522317208633882
-0.00017697644291171178
-0.0001689937112398946
-0.00016148942328548035
-0.00015435424965756068
-0.00014736938001841572
-0.00014073722886476342
-0.00013431768661031438
-0.0001283408647165651
-0.00012262098459268173
-0.00011710789886228651
-0.00011199307430061907
-0.00010696877655941574
-0.00010217661284683066
-9.763014557337846e-5
-9.327739658617149e-5
-8.905793724386692e-5
-8.50642280673729e-5
-8.133326150206728e-5
-7.776420415643451e-5
-7.425632284626235e-5
-7.08866580287855e-5
-6.769659207037206e-5
-6.466354106322591e-5
-6.176989663713514e-5
-5.9072279138004865e-5
-5.641329656467927e-5
-5.3931578076210716e-5
-5.150038788661438e-5
-4.922303202633862e-5
-4.704497932324642e-5
-4.4891340370200335e-5
-4.2883067677948704e-5
-4.0990753008510843e-5
-3.912926000082853e-5
-3.7348084335877355e-5
-3.568825836745274e-5
-3.410855229124586e-5
-3.259337914738221e-5
-3.112793600761166e-5
-2.967013379492429e-5
-2.8273545958021412e-5
-2.6945813972880455e-5
-2.5701202777656066e-5
-2.4545712854611196e-5
-2.3416661705989255e-5
-2.232450438141751e-5
-2.130407651819401e-5
-2.0301425446848135e-5
-1.933763216620156e-5
-1.8397887052940535e-5
-1.7485571780519016e-5
-1.659054670065247e-5
-1.5770654867239374e-5
-1.4972303539180353e-5
-1.4197605171610078e-5
-1.3438367399234316e-5
-1.2725479646789769e-5
-1.2047453826632205e-5
-1.139856850767257e-5
-1.0778951261700659e-5
-1.0155599818806954e-5
-9.552826317813805e-6
-8.991087659776184e-6
-8.430592432273114e-6
-7.876918458487035e-6
-7.340249335573352e-6
-6.822279293921663e-6
-6.302078365513e-6
-5.795945746263603e-6
-5.295897774994498e-6
-4.820530775361891e-6
-4.351075760602118e-6
-3.890223402295301e-6
-3.4422975251899953e-6
-2.9968566794480416e-6
-2.560429912754113e-6
-2.139591411675245e-6
-1.703409847559359e-6
-1.2674983327730364e-6
-8.524953290768159e-7
-4.265740171644281e-7
0.0

# 0010_r0

0.0
-0.0008248470937663998
-0.0007322119991213418
-0.0006771146951913643
-0.0006379610875570173
-0.0006050361973269532
-0.0005753119945954546
-0.0005483702613646102
-0.0005229908807152256
-0.0004991068512229097
-0.00047697858125825157
-0.00045601241515252824
-0.0004356473012774074
-0.00041645740562694736
-0.0003981320617415405
-0.000380497583058162
-0.0003638207398511337
-0.0003477423551105865
-0.0003324417373522541
-0.00031779467424633437
-0.0003040611949199795
-0.0002908880581068913
-0.0002781125415583967
-0.0002661585759073439
-0.00025470040182416504
-0.00024357276375970804
-0.0002329683136770557
-0.0002226499426797861
-0.00021292248753525586
-0.00020358120582375112
-0.0001946988392832724
-0.00018619270047971428
-0.0001779848911055231
-0.00017031468956854953
-0.00016273518349094987
-0.0001555132945504827
-0.00014881316297096143
-0.00014232827457231952
-0.00013624899510883312
-0.00013016615662995442
-0.00012450714836535035
-0.00011908973235194872
-0.00011395734744451265
-0.00010905607316704918
-0.00010427591460147405
-9.967115017969625e-5
-9.54257456691589e-5
-9.125709705868123e-5
-8.726429450771365e-5
-8.336249518635517e-5
-7.977301613864459e-5
-7.620442201761744e-5
-7.286705309646839e-5
-6.967298031118319e-5
-6.66374589090576e-5
-6.359927939918457e-5
-6.079615606561539e-5
-5.8121157654714914e-5
-5.5559959994437156e-5
-5.309942168405019e-5
-5.0671845981803067e-5
-4.8429614820225486e-5
-4.629288573556057e-5
-4.426187971507565e-5
-4.2265788985448856e-5
-4.038244835127126e-5
-3.859887390299976e-5
-3.694277752098857e-5
-3.530189846467279e-5
-3.377523381413207e-5
-3.219392376962818e-5
-3.0706181554760985e-5
-2.9338298661691596e-5
-2.7982011978052194e-5
-2.6650520133972616e-5
-2.5443628138812276e-5
-2.4231145686193133e-5
-2.3074122000385156e-5
-2.200768407534535e-5
-2.096160536524332e-5
-1.9956078602240754e-5
-1.8990359849301313e-5
-1.8058830678434918e-5
-1.71423113520156e-5
-1.6268396539951273e-5
-1.5423117042608567e-5
-1.461911639414804e-5
-1.3842987695696875e-5
-1.3110819206725726e-5
-1.2397126633405349e-5
-1.1707919440764044e-5
-1.1057788846197386e-5
-1.0416801830020405e-5
-9.783023181835874e-6
-9.147537031263318e-6
-8.546378169325898e-6
-7.972349344793756e-6
-7.410108361951988e-6
-6.847588931354799e-6
-6.306103560267929e-6
-5.805577754687649e-6
-5.289592832401195e-6
-4.770709941163887e-6
-4.276117900753688e-6
-3.803229629496553e-6
-3.310812270286223e-6
-2.8274028098113133e-6
-2.345209830320684e-6
-1.872748196956597e-6
-1.4004631533169068e-6
-9.309337195523663e-7
-4.7141441397116343e-7
0.0

# 0011_r0

0.0
-0.000829413822475638
-0.0007350073396479917
-0.0006791236808105062
-0.0006391437869547779
-0.000605458681111124
-0.0005758389120103485
-0.0005479726479489049
-0.0005225140492425729
-0.0004980747423955611
-0.0004749644483440811
-0.0004533975916148928
-0.0004328441146256858
-0.00041342464573428426
-0.00039463290227858384
-0.0003767007031341267
-0.0003598776364161671
-0.0003438076013532513
-0.0003285033073456571
-0.0003133885714096461
-0.00029931936578304425
-0.000285968666698193
-0.00027316563623357956
-0.000260909185008658
-0.0002490141227131323
-0.00023789864593377693
-0.0002272205794305292
-0.0002170524994906876
-0.00020731394611694327
-0.00019800222634567258
-0.00018919048964549876
-0.00018074341561563452
-0.00017265670565345985
-0.0001650102123219779
-0.00015748633184873613
-0.00015047012054865498
-0.00014369790340084537
-0.0001372129572291882
-0.0001311012105439822
-0.00012520726415062537
-0.00011952539363908174
-0.00011416318225899625
-0.00010909144133618436
-0.00010413732237651427
-9.950675878765908e-5
-9.500591301854152e-5
-9.071674820837334e-5
-8.666107383091166e-5
-8.274277170568795e-5
-7.898920207508407e-5
-7.544664438310263e-5
-7.2014866582287e-5
-6.880549280810795e-5
-6.571906799896217e-5
-6.274079417532297e-5
-5.985684453338474e-5
-5.720179176138027e-5
-5.4557995826946294e-5
-5.2011588807371384e-5
-4.9600015535332324e-5
-4.733926692307134e-5
-4.519127595844124e-5
-4.3142278345301636e-5
-4.114274666216721e-5
-3.919785441864467e-5
-3.7351403289065055e-5
-3.564297195270052e-5
-3.396857246029565e-5
-3.236584697266393e-5
-3.086697035804024e-5
-2.9432897294089767e-5
-2.8023402494735562e-5
-2.670503911665896e-5
-2.5448012099938917e-5
-2.425946465138774e-5
-2.310065519365232e-5
-2.1949840707968796e-5
-2.0900145921118433e-5
-1.986815964663747e-5
-1.889843379776737e-5
-1.7937802137729846e-5
-1.705846414108628e-5
-1.6179860731467853e-5
-1.5360962115664904e-5
-1.452755371110261e-5
-1.3744657686791434e-5
-1.3009345766286812e-5
-1.2274651344448134e-5
-1.1589235853819751e-5
-1.0953119120871614e-5
-1.0330926985749438e-5
-9.711079122259882e-6
-9.136443663460002e-6
-8.548923346336058e-6
-7.98237317867636e-6
-7.467321427031825e-6
-6.941365753210629e-6
-6.432876642734177e-6
-5.924306386499871e-6
-5.465939853829709e-6
-4.9777558953804065e-6
-4.51911686565329e-6
-4.0724951164696646e-6
-3.631636507790695e-6
-3.1950551420544374e-6
-2.7783545603567494e-6
-2.3835556261048725e-6
-1.984586688659648e-6
-1.5954242131885005e-6
-1.1829021189805793e-6
-7.932245561957154e-7
-3.944250771478953e-7
0.0

# 0012_r0

0.0
-0.0008309992125034898
-0.0007368671369430322
-0.0006806594460920703
-0.0006409328957711825
-0.0006080759920084592
-0.0005781504744262659
-0.000550643340816142
-0.0005249333385068365
-0.0005008643101471784
-0.00047817174272782765
-0.0004565804568870741
-0.0004362010057500394
-0.00041657454671427066
-0.000398189895402654
-0.0003806029408757832
-0.00036359416297400383
-0.00034749409146756877
-0.0003321946575879685
-0.00031772926315569905
-0.00030360526071780854
-0.00029027393130581173
-0.00027741051803142224
-0.00026516294596015883
-0.00025351706327464576
-0.00024233714553485833
-0.0002316872015153665
-0.0002213717162105164
-0.00021151797571680766
-0.0002021786975793209
-0.00019329541145896085
-0.00018464855082322805
-0.00017651221673679293
-0.0001686996863088075
-0.0001612934983502878
-0.00015435188345396447
-0.00014759774215062805
-0.00014109793616868535
-0.00013490293029783308
-0.00012892920612764375
-0.00012320445575572122
-0.00011776682902980697
-0.00011255223127614409
-0.00010756279316187133
-0.00010286420898577802
-9.843688543434751e-5
-9.400351736495474e-5
-8.984687530189136e-5
-8.58746150241075e-5
-8.210346116156004e-5
-7.84628589127477e-5
-7.497794172278513e-5
-7.169078890439168e-5
-6.852203224965529e-5
-6.54371334769561e-5
-6.252526518268212e-5
-5.9738362312507846e-5
-5.705822437688894e-5
-5.459540677107354e-5
-5.216778829727499e-5
-4.9867390865891555e-5
-4.765081737017167e-5
-4.552952087268652e-5
-4.3442238771434104e-5
-4.152611026514829e-5
-3.9726083994430774e-5
-3.7951757732192085e-5
-3.6221207172004884e-5
-3.457225496455986e-5
-3.301012475051912e-5
-3.149640030099155e-5
-3.0044434649358855e-5
-2.8661427654691064e-5
-2.7342967447669996e-5
-2.6057147031061976e-5
-2.4852794095766823e-5
-2.3656135508560853e-5
-2.2541391926140976e-5
-2.147141118761245e-5
-2.0437372137126505e-5
-1.9445626534210937e-5
-1.851977609427432e-5
-1.7582954354689268e-5
-1.6716783659530375e-5
-1.585798742761296e-5
-1.5047055254172313e-5
-1.4241045422346998e-5
-1.3522503789042777e-5
-1.2785075066781105e-5
-1.2060122911655502e-5
-1.1390155869798059e-5
-1.0715327367007253e-5
-1.008794546864803e-5
-9.45472391962926e-6
-8.843321123291434e-6
-8.304938564194658e-6
-7.74768087121215e-6
-7.186141960351637e-6
-6.649901350990971e-6
-6.135023619768988e-6
-5.6086747545373305e-6
-5.104408040434372e-6
-4.597991448277602e-6
-4.129173723260803e-6
-3.647299209805505e-6
-3.1726031221974853e-6
-2.7196683616392785e-6
-2.259195168981225e-6
-1.8040557537520438e-6
-1.3626022810188679e-6
-9.116298139157441e-7
-4.539304503420728e-7
0.0

# 0013_r0

0.0
-0.0008374968701354011
-0.0007434570918527955
-0.0006867872471011512
-0.0006463039789029413
-0.0006121241753292379
-0.0005813597833122356
-0.0005531845601774852
-0.000527030088197793
-0.0005023797113952699
-0.0004792881639137958
-0.0004574056417910514
-0.00043644813261465974
-0.0004167758205997582
-0.0003975526566322732
-0.0003794820308305243
-0.00036218418620402685
-0.0003460310351244108
-0.00033031202226683814
-0.0003153829805727152
-0.0003010952333950213
-0.00028751690423298344
-0.00027467005344693234
-0.00026219139395023853
-0.0002502388456078728
-0.0002390737678835458
-0.00022830368912825325
-0.00021793664765509544
-0.0002080294688973491
-0.00019863913242479646
-0.00018968884900275255
-0.000181254285926371
-0.00017303951444307513
-0.00016525660009263438
-0.00015780867135568971
-0.00015073319409938658
-0.0001439443133437088
-0.00013738096013865013
-0.00013126179840773584
-0.00012543243983846155
-0.00011975947453505596
-0.00011437439386784574
-0.00010921371993582742
-0.00010430519763706336
-9.958920354947237e-5
-9.516909392592128e-5
-9.081311317977722e-5
-8.674559854451108e-5
-8.278263025750456e-5
-7.893303199855818e-5
-7.542527950411891e-5
-7.200552237836032e-5
-6.869045868973377e-5
-6.561825752123122e-5
-6.265783304154164e-5
-5.984548389762896e-5
-5.716132135943022e-5
-5.460003652703125e-5
-5.210679506607237e-5
-4.968698442515234e-5
-4.7358738919294156e-5
-4.519000087258296e-5
-4.311951737329795e-5
-4.108782339306447e-5
-3.918263686837263e-5
-3.73420378440738e-5
-3.56132546787264e-5
-3.393528267900417e-5
-3.231166301306168e-5
-3.076669131799464e-5
-2.9319526016813588e-5
-2.7879656447121123e-5
-2.6577179008199048e-5
-2.5295816741188455e-5
-2.4096037282320956e-5
-2.2916407206040292e-5
-2.18061725746972e-5
-2.0742142565640143e-5
-1.9719645728202343e-5
-1.8728680270313832e-5
-1.780097643180435e-5
-1.687268553916717e-5
-1.600916095063063e-5
-1.518568282624342e-5
-1.4396392934992457e-5
-1.3634025418686914e-5
-1.290015865597998e-5
-1.2199893770855296e-5
-1.1500613131521442e-5
-1.0850200858885588e-5
-1.0210541089705855e-5
-9.601204250588524e-6
-8.984648295862806e-6
-8.434025562240395e-6
-7.866839478654333e-6
-7.321513613387843e-6
-6.824443259678283e-6
-6.323276650327534e-6
-5.855675534108562e-6
-5.369720972148716e-6
-4.904358516834703e-6
-4.435488012981875e-6
-3.994240886960801e-6
-3.579991076890092e-6
-3.162937173760247e-6
-2.7529344056622e-6
-2.3472230529042614e-6
-1.943978110682427e-6
-1.5703040431821891e-6
-1.200058712302214e-6
-7.910389570936517e-7
-4.10097017863192e-7
0.0

# 0014_r0

0.0
-0.0008142679031096226
-0.0007207145379721678
-0.0006652755387220546
-0.000625611770310676
-0.0005926496321609727
-0.0005632051207303835
-0.0005362520670893251
-0.000510757669877726
-0.00048715132658347935
-0.00046497680394703067
-0.00044355183876346974
-0.00042337482753237505
-0.00040411058204528453
-0.0003859318689384555
-0.0003684502575232684
-0.0003518959284670374
-0.00033592705149337735
-0.0003209872131560958
-0.0003065900929516493
-0.0002927444803465422
-0.000279742054803399
-0.0002671161297302347
-0.0002551811433801851
-0.00024393160944018988
-0.00023306342598037547
-0.00022256245550997662
-0.00021273295245243908
-0.00020302534631233378
-0.00019384703638191913
-0.00018522206582074707
-0.00017707836787247256
-0.00016889672238995195
-0.0001614510409698803
-0.00015417471330307509
-0.00014722442145650793
-0.00014074505069100533
-0.00013438493456416925
-0.00012845484329120717
-0.00012268632766376857
-0.0001172782239140084
-0.00011206051922802236
-0.00010701292414941758
-0.00010214689741474177
-9.77059875325342e-5
-9.32805402958697e-5
-8.901674930330577e-5
-8.492562892580769e-5
-8.110876996110758e-5
-7.744305608372284e-5
-7.396835296239966e-5
-7.055716537178426e-5
-6.737131653547904e-5
-6.427699090917411e-5
-6.136922953437992e-5
-5.861819111226293e-5
-5.591094738430091e-5
-5.3377411862238136e-5
-5.09319453960462e-5
-4.858342155466956e-5
-4.637187734343239e-5
-4.424700533979757e-5
-4.2166444169966685e-5
-4.024530043212443e-5
-3.847193975458705e-5
-3.669060453127198e-5
-3.4983246429604e-5
-3.337728654205934e-5
-3.184962998799735e-5
-3.036791123048878e-5
-2.895626961919015e-5
-2.760235814940005e-5
-2.6312430239652707e-5
-2.505359910792642e-5
-2.3873313428339177e-5
-2.2758729609880455e-5
-2.166865326672115e-5
-2.064903711881906e-5
-1.9639158773952864e-5
-1.8689982311679725e-5
-1.776849819200457e-5
-1.6869988232595156e-5
-1.600528882330706e-5
-1.5207464520595256e-5
-1.4437914631808619e-5
-1.3683068625724861e-5
-1.2947556151016133e-5
-1.2255148832795686e-5
-1.1585600561670618e-5
-1.093106984007676e-5
-1.0304041432412487e-5
-9.72192595736343e-6
-9.16568290112037e-6
-8.598294457971897e-6
-8.032637017111195e-6
-7.518016954379826e-6
-7.011748395174391e-6
-6.514958207358723e-6
-6.016036044082978e-6
-5.50803619910656e-6
-5.062642977850791e-6
-4.603558345403887e-6
-4.141181203724732e-6
-3.7160317633903037e-6
-3.2752197950564674e-6
-2.8447896204486584e-6
-2.4221564797512323e-6
-2.0125358073526636e-6
-1.6058353116447274e-6
-1.2026364379183136e-6
-8.025319615130143e-7
-3.9710133469304013e-7
0.0

# 0015_r0

0.0
-0.0008191721402482581
-0.0007248544774281921
-0.0006698245105305814
-0.0006302297749602129
-0.0005973649090439926
-0.0005677730321413055
-0.0005407130186908446
-0.000515567581430792
-0.0004915997019510684
-0.0004692738182529464
-0.00044782382726826515
-0.0004277114125305473
-0.0004085606932451297
-0.00039023982595379447
-0.00037253220031642937
-0.0003558871841531924
-0.0003400398620180649
-0.0003246387482827026
-0.0003103169361226817
-0.00029629480591225263
-0.00028304986953376894
-0.0002704473330343914
-0.0002584127334484293
-0.00024671696288937106
-0.00023561034212645076
-0.00022508980638942427
-0.00021522785753143317
-0.00020552695781366793
-0.00019638010833035146
-0.00018762867680045055
-0.0001791002728727682
-0.00017112439718186957
-0.00016334792583507405
-0.00015612574322087743
-0.0001490832125021179
-0.00014251439260494898
-0.00013612192657339769
-0.0001299389742395771
-0.000124052197635138
-0.00011853780209918404
-0.00011325198022502917
-0.00010826456474157044
-0.00010351453145191537
-9.88394099592752e-5
-9.445868998031008e-5
-9.023012315948337e-5
-8.626405473051314e-5
-8.237883858071351e-5
-7.864718428317152e-5
-7.506417647227477e-5
-7.167053252341622e-5
-6.843613486433824e-5
-6.540748502584328e-5
-6.24528343537313e-5
-5.960006554835584e-5
-5.692763674741399e-5
-5.4345470865344934e-5
-5.186338190657123e-5
-4.944882192180352e-5
-4.7175945311199335e-5
-4.5079737862325195e-5
-4.2998883689603064e-5
-4.104523326793793e-5
-3.917183630457949e-5
-3.735735278386263e-5
-3.566096626538116e-5
-3.404138481587706e-5
-3.248393525582833e-5
-3.0949639374699064e-5
-2.9500578321002204e-5
-2.8143109643233252e-5
-2.6817474621924723e-5
-2.557920981649808e-5
-2.438070051620283e-5
-2.320846355855717e-5
-2.2122459114391926e-5
-2.107162789487208e-5
-2.0024986247058166e-5
-1.9069666286692733e-5
-1.8118325707302483e-5
-1.7222826513076877e-5
-1.6355881772237216e-5
-1.551093508620902e-5
-1.4719499510243224e-5
-1.3932698944247592e-5
-1.3187996194984403e-5
-1.2477194570417706e-5
-1.1769132117388222e-5
-1.1076989074450065e-5
-1.0448042412628752e-5
-9.836692655341444e-6
-9.24986920484778e-6
-8.676457420247917e-6
-8.113496584512583e-6
-7.562722198788827e-6
-7.025586956252557e-6
-6.519848049215272e-6
-6.002026753902841e-6
-5.533837958705714e-6
-5.044703099488253e-6
-4.601593819706913e-6
-4.139679654100047e-6
-3.6953934711851266e-6
-3.269938322247896e-6
-2.8351737399853336e-6
-2.4287399639276056e-6
-2.0131411192597795e-6
-1.602625439783785e-6
-1.210314234431457e-6
-8.225301307182761e-7
-4.0893242390115126e-7
0.0

# 0016_r0

0.0
-0.000833973327935844
-0.000741124272641445
-0.0006859489221183017
-0.0006465921041581679
-0.0006139068864021404
-0.0005842972556584733
-0.0005572678002570874
-0.0005319321856404913
-0.0005082712028285181
-0.00048588352009686553
-0.0004644324713116366
-0.0004438690777524552
-0.00042460133574876254
-0.00040621661283060705
-0.00038834029621534927
-0.0003713350822276022
-0.00035512469533128914
-0.0003397267774147297
-0.0003248989487748102
-0.0003107366265618416
-0.00029710087748802545
-0.00028418341930850304
-0.0002717588370086214
-0.0002598806720963507
-0.00024845421513147747
-0.00023767601269190875
-0.0002273227497179905
-0.00021750041752435686
-0.0002080978753155215
-0.00019905210936778172
-0.0001903768550041693
-0.00018219622202844815
-0.0001741595008514142
-0.00016645647499780584
-0.00015903321330921195
-0.00015199100381299956
-0.0001453885594660532
-0.00013894232185048075
-0.00013284631533688017
-0.00012699099871788774
-0.00012146219246365571
-0.00011609631040525358
-0.00011093384989530343
-0.00010600018580171238
-0.00010119723392959732
-9.674877732317735e-5
-9.24489737330601e-5
-8.843589842757805e-5
-8.444104757067408e-5
-8.07301050171531e-5
-7.709773911272537e-5
-7.36629799633717e-5
-7.034911258380839e-5
-6.720862654175485e-5
-6.423631370373568e-5
-6.13314596843765e-5
-5.859142497428562e-5
-5.601540227482502e-5
-5.351586441281439e-5
-5.110086014383544e-5
-4.885265375914669e-5
-4.6671058440718764e-5
-4.451892503135813e-5
-4.253493487820274e-5
-4.061720826572915e-5
-3.8758424499549726e-5
-3.69970660182873e-5
-3.531056107424419e-5
-3.372871891755225e-5
-3.2171896030331645e-5
-3.071382904082437e-5
-2.9332464318403353e-5
-2.794558816050376e-5
-2.6643041430536375e-5
-2.5413204194989143e-5
-2.422546468317253e-5
-2.310412227000501e-5
-2.2043088017489878e-5
-2.0988567999740876e-5
-1.996126862161222e-5
-1.8998267779994844e-5
-1.804197469013922e-5
-1.712249852867068e-5
-1.624081771167366e-5
-1.5384790436806175e-5
-1.4565858397367886e-5
-1.3799917218748774e-5
-1.3074495795114183e-5
-1.2366713122971102e-5
-1.1672140182756446e-5
-1.0985051202625106e-5
-1.0317333998452916e-5
-9.688699855286724e-6
-9.05697103000061e-6
-8.477072682622125e-6
-7.907456177083318e-6
-7.346821594430752e-6
-6.8016649556403786e-6
-6.268896975047368e-6
-5.746241726720075e-6
-5.226961600976446e-6
-4.704552742339556e-6
-4.202362330142091e-6
-3.707347182981819e-6
-3.2280058041715874e-6
-2.7516650837851986e-6
-2.296194980324449e-6
-1.8369323161004103e-6
-1.3807257421742846e-6
-9.12527282463588e-7
-4.561963963591669e-7
0.0

# 0017_r0

0.0
-0.0008234697468541433
-0.0007286528513442529
-0.0006728922796035087
-0.0006330962783411517
-0.000599858993747933
-0.0005702648824094725
-0.0005426543381295539
-0.0005170279756617654
-0.0004932764189427524
-0.00047068522810054836
-0.00044895321172157894
-0.00042850773240942603
-0.00040891373555395743
-0.000390747020105173
-0.00037309835644358465
-0.00035631668760971105
-0.0003403629649615294
-0.00032493492704989657
-0.000309965985162692
-0.00029595317105368077
-0.00028269938860792196
-0.00026991375392379144
-0.00025765873834360497
-0.00024608715579327496
-0.00023488399990637514
-0.00022430301041855702
-0.00021408851908612895
-0.00020446526694551512
-0.00019530400649304575
-0.00018661296166426656
-0.0001783244191123841
-0.00017024538606445292
-0.00016249432461229438
-0.00015513889460368546
-0.00014809856811644488
-0.0001414078594487663
-0.00013491712309092043
-0.0001288448281666383
-0.00012298985648394092
-0.0001172753975655877
-0.00011197634024378738
-0.00010684132141251867
-0.00010192931617242261
-9.735550128137842e-5
-9.298260152390226e-5
-8.880024635129723e-5
-8.473599974841006e-5
-8.087426426117226e-5
-7.722711872241971e-5
-7.385683568970309e-5
-7.057193919532561e-5
-6.735125756939858e-5
-6.428252026476213e-5
-6.128143309362624e-5
-5.847814281082287e-5
-5.5841219494477637e-5
-5.326276194255515e-5
-5.08064372245527e-5
-4.853558604837266e-5
-4.6356748053621815e-5
-4.418845634718631e-5
-4.2145964252979706e-5
-4.0189320582096484e-5
-3.834965717999997e-5
-3.659043631127199e-5
-3.485105885525408e-5
-3.3186881507897564e-5
-3.1678642239330596e-5
-3.020812183184413e-5
-2.877212598857922e-5
-2.7400580327607582e-5
-2.6073435611413788e-5
-2.4819215101896938e-5
-2.3647613216760884e-5
-2.2539029662141764e-5
-2.139657875591406e-5
-2.0421266799332945e-5
-1.9425040997608755e-5
-1.847832394309413e-5
-1.755174085550689e-5
-1.6659368628511502e-5
-1.581622636887645e-5
-1.5034282175392241e-5
-1.422054254372988e-5
-1.3452689275136382e-5
-1.2751447509092334e-5
-1.2039223970753603e-5
-1.1386819299265944e-5
-1.076713839288861e-5
-1.0152735844138288e-5
-9.566687100743131e-6
-9.002672941561175e-6
-8.458760754417235e-6
-7.902435023822981e-6
-7.388716403002543e-6
-6.866394912837433e-6
-6.381697144738412e-6
-5.9121609311488616e-6
-5.414082177012726e-6
-4.9731956823143436e-6
-4.542839374670873e-6
-4.105384535123395e-6
-3.685155363651238e-6
-3.2497156535368816e-6
-2.8198539432296e-6
-2.4081419987240577e-6
-1.9948128576532724e-6
-1.572829628465963e-6
-1.1876684758341034e-6
-7.849942327739826e-7
-3.7731230445750264e-7
0.0

# 0018_r0

0.0
-0.0008273570974687534
-0.0007334745935111241
-0.0006775070930785337
-0.0006374104558290286
-0.0006035270883836674
-0.0005737690738066632
-0.0005465004413743305
-0.0005211562536708998
-0.0004970221536337195
-0.0004741252676082742
-0.00045274609566014215
-0.0004320555222697355
-0.000412560348068859
-0.00039395984869875156
-0.0003761531686680658
-0.00035912668480896374
-0.0003428334884145789
-0.00032730962037483654
-0.00031270990197684786
-0.00029857769437162846
-0.00028504348904206516
-0.0002721387104186831
-0.00026000257666455997
-0.0002483415738720173
-0.00023737513910693662
-0.00022676682342545723
-0.00021648762713928084
-0.00020690758657652793
-0.00019755210212425806
-0.00018861277584533793
-0.000180170486893389
-0.00017201261916494857
-0.00016422646472495284
-0.0001566680972990497
-0.00014958671029312158
-0.00014269378529621502
-0.00013621112813915048
-0.00013008248744727626
-0.0001240918867091916
-0.00011862522798121844
-0.00011315125255681504
-0.0001081145027884952
-0.0001032365652322808
-9.858987191734913e-5
-9.410614905745817e-5
-8.976545233272528e-5
-8.57035182397417e-5
-8.177843418992458e-5
-7.806078161285629e-5
-7.445264347825283e-5
-7.115303694033081e-5
-6.784578249339435e-5
-6.481054721570668e-5
-6.186438297822327e-5
-5.902641474770023e-5
-5.6325985004138266e-5
-5.3803039629208674e-5
-5.1308661834997326e-5
-4.892855892262751e-5
-4.668842940533873e-5
-4.452998632684586e-5
-4.248337147541357e-5
-4.052289624081695e-5
-3.8695235257288796e-5
-3.6906577725584395e-5
-3.518353154310554e-5
-3.3537878304777514e-5
-3.1958121613006654e-5
-3.0439313526871384e-5
-2.900847116125553e-5
-2.7627157180751923e-5
-2.629022504984631e-5
-2.5037315118260388e-5
-2.3842537292697543e-5
-2.2660548396503047e-5
-2.1544413950957827e-5
-2.048870407195716e-5
-1.945476485793802e-5
-1.841265374084451e-5
-1.7543577661492233e-5
-1.66370348655183e-5
-1.5765687394563693e-5
-1.4966726537744363e-5
-1.4168800457771208e-5
-1.337567647561046e-5
-1.2650851052783936e-5
-1.195633554160482e-5
-1.1295986671630733e-5
-1.065814135544909e-5
-1.0037617706652635e-5
-9.455042356271912e-6
-8.87477783727287e-6
-8.338146259044322e-6
-7.790457842790356e-6
-7.2731765466324485e-6
-6.739507532967602e-6
-6.246910297383343e-6
-5.771794428948249e-6
-5.295836796939228e-6
-4.837941621996064e-6
-4.409557712414649e-6
-3.967350314939977e-6
-3.548140579115366e-6
-3.130027373628123e-6
-2.7184970641174075e-6
-2.3392164885773886e-6
-1.940989014115612e-6
-1.555288456730291e-6
-1.1679877055857085e-6
-7.767926580586752e-7
-3.957527838007396e-7
0.0

# 0019_r0

0.0
-0.0008362962611065263
-0.0007420785921654066
-0.0006856677636795304
-0.0006451900727663706
-0.0006115741503344271
-0.0005811936238647453
-0.0005533639760481151
-0.0005275280832433236
-0.0005030211666332248
-0.0004799113256532208
-0.0004577784841262701
-0.0004371085700642656
-0.0004173523599605172
-0.0003988387498225316
-0.000380679166861512
-0.0003633797999278714
-0.0003467934420605968
-0.0003312918587851981
-0.0003163878685268043
-0.0003022934609844782
-0.0002885706078243827
-0.00027531412415066065
-0.0002626935595640587
-0.00025071966237992467
-0.00023922849756159004
-0.00022829809758388443
-0.00021795864265849248
-0.0002080162713628591
-0.00019861596349535473
-0.00018972726899109892
-0.000181189010534637
-0.00017285503515273643
-0.00016501834098083307
-0.00015745526599890818
-0.00015035867698529615
-0.00014363605774796732
-0.00013696412535016934
-0.00013088359699798933
-0.00012484900429604048
-0.00011920546578425175
-0.00011382895410877478
-0.00010855551057311168
-0.00010356890855832013
-9.893367724859425e-5
-9.442872680172567e-5
-9.008086577300174e-5
-8.59766210705058e-5
-8.202078288223098e-5
-7.83210062186129e-5
-7.473025699411606e-5
-7.132506784622573e-5
-6.803870237997847e-5
-6.491389244245976e-5
-6.188382387002212e-5
-5.906723054805314e-5
-5.637529919364626e-5
-5.383545359835263e-5
-5.139274422733106e-5
-4.897494819618404e-5
-4.6706573758993316e-5
-4.4540286541150925e-5
-4.250933657228469e-5
-4.0463218899893114e-5
-3.861994181709239e-5
-3.680893236838079e-5
-3.516670506927384e-5
-3.3418682429933165e-5
-3.183783723448696e-5
-3.0358831528234984e-5
-2.8970335947550437e-5
-2.7578531426561637e-5
-2.622391581932457e-5
-2.4954494904799585e-5
-2.3742904575464935e-5
-2.2626701152694213e-5
-2.152857908533054e-5
-2.048578602049462e-5
-1.9477352583154808e-5
-1.8511452972649315e-5
-1.760382799182156e-5
-1.671654769148406e-5
-1.587673571334206e-5
-1.5046683884160087e-5
-1.427514861021519e-5
-1.3541157260536315e-5
-1.2803554452096676e-5
-1.2102205728796529e-5
-1.1422503788561095e-5
-1.0757344820075709e-5
-1.011291889049675e-5
-9.50294045704334e-6
-8.90287236213632e-6
-8.341733716156962e-6
-7.775370102871204e-6
-7.234101937230357e-6
-6.743760586107965e-6
-6.263945271061146e-6
-5.8010571991888685e-6
-5.340202770149101e-6
-4.879217763304414e-6
-4.448376972614941e-6
-4.002478084417086e-6
-3.570877951858775e-6
-3.1591727472450717e-6
-2.7430348492086944e-6
-2.3392270786242037e-6
-1.907372172838834e-6
-1.5086213822259504e-6
-1.1253125755946678e-6
-7.564358371499518e-7
-3.748034851498431e-7
0.0

# 0020_r0

0.0
-0.0008341283711729784
-0.0007399118820129707
-0.0006835910297292053
-0.0006433936543408374
-0.0006095517657327942
-0.0005795064570084534
-0.0005520576470211695
-0.0005263862015146375
-0.000502193660035019
-0.0004791650541315419
-0.00045738637029954006
-0.00043682926224732505
-0.0004171431807137844
-0.00039854693983770126
-0.00038065368528907625
-0.00036345701662199986
-0.0003472502096761274
-0.0003316308384861015
-0.00031684196782311245
-0.00030259302858187746
-0.00028914202279197636
-0.00027617779792698724
-0.00026389304498922026
-0.0002522752101342363
-0.000240980150646157
-0.00023022538109753298
-0.00022003261955865966
-0.0002102576648405227
-0.00020081298382017512
-0.00019189554887567636
-0.00018330195079263592
-0.00017504298346951086
-0.00016730590024268525
-0.0001598556447578605
-0.00015259162687508728
-0.0001458190113356296
-0.00013932216159199246
-0.00013304792885748313
-0.00012711413262695041
-0.0001213657014375518
-0.00011599219816352584
-0.00011073180642257206
-0.00010571702145305995
-0.00010088340688757988
-9.638088271870912e-5
-9.196368442584227e-5
-8.786840924606859e-5
-8.390213855090229e-5
-8.008246084195011e-5
-7.636944201618457e-5
-7.287786675852464e-5
-6.95615702772191e-5
-6.636683589770046e-5
-6.338009020669065e-5
-6.049164031744354e-5
-5.7727191485190244e-5
-5.511939825677025e-5
-5.256868215028689e-5
-5.018972946391215e-5
-4.791523665635113e-5
-4.570185469590395e-5
-4.359030752131616e-5
-4.1584387335949834e-5
-3.9758728212509195e-5
-3.795089824191521e-5
-3.6223285538593524e-5
-3.451627168882632e-5
-3.294569197535774e-5
-3.136507372869104e-5
-2.9922712092425064e-5
-2.849480441508324e-5
-2.7176022764499682e-5
-2.5861237213696557e-5
-2.463377333335638e-5
-2.3443707996284787e-5
-2.2299799031251267e-5
-2.1208173465281385e-5
-2.017456069602786e-5
-1.9177005070676385e-5
-1.8213483210603424e-5
-1.7296431982089424e-5
-1.6394071986348573e-5
-1.5568835245208176e-5
-1.476514773803383e-5
-1.4012172914481506e-5
-1.3269152324327003e-5
-1.2556415798488188e-5
-1.185105300915427e-5
-1.1172884213244504e-5
-1.0545411547640522e-5
-9.924737906796801e-6
-9.327603567275355e-6
-8.738401427099737e-6
-8.180021315968133e-6
-7.609929835859539e-6
-7.083698208407529e-6
-6.582839667953217e-6
-6.088787268432078e-6
-5.588646907000614e-6
-5.1193651791856295e-6
-4.632006503692772e-6
-4.1898819866338805e-6
-3.732645712943875e-6
-3.320979967372593e-6
-2.8868387900051524e-6
-2.4600723012939223e-6
-2.0413259391433747e-6
-1.6447007958037425e-6
-1.2295609806596641e-6
-8.326930100824125e-7
-4.111838852811047e-7
0.0

# 0021_r0

0.0
-0.0008294087839055025
-0.0007359232609315786
-0.0006794843916844118
-0.000639564525501982
-0.0006063082234235418
-0.0005767933216293721
-0.000549195532669598
-0.0005234219557510013
-0.0004993795906325584
-0.00047683210138049916
-0.00045522203375941803
-0.0004347636275489041
-0.00041515647730822454
-0.0003964718163167275
-0.0003785309670239925
-0.0003615836706467751
-0.0003453876222261038
-0.0003296818933675394
-0.0003150429815188733
-0.00030093905662572506
-0.00028743214772140185
-0.0002748993158762091
-0.000262685497876134
-0.0002508442839663235
-0.00023960314627798564
-0.00022892158292827077
-0.00021886263583188135
-0.00020888173132350805
-0.00019960153519340434
-0.00019071879286392175
-0.00018204114124974319
-0.00017386487390646388
-0.0001660436834589761
-0.00015869967841089627
-0.0001517044715574142
-0.00014485149286526521
-0.00013835488044683462
-0.00013217679529382755
-0.00012632158017776866
-0.00012069517494925907
-0.00011539144099249604
-0.00011031658351077008
-0.00010536324834609524
-0.00010074734872869988
-9.633509467203076e-5
-9.202270184929328e-5
-8.79296667714271e-5
-8.40345634054669e-5
-8.02561127943878e-5
-7.671582846335429e-5
-7.330455741329642e-5
-7.008064836882008e-5
-6.69325249161318e-5
-6.392268228179988e-5
-6.105614936540574e-5
-5.831494786298926e-5
-5.569993704085859e-5
-5.323262042114563e-5
-5.085486210950334e-5
-4.8549819138766513e-5
-4.637169050381304e-5
-4.42793520560062e-5
-4.226465720520915e-5
-4.0279489057254876e-5
-3.845316004029159e-5
-3.669696186518679e-5
-3.4986944670498334e-5
-3.342663503121655e-5
-3.189347838656877e-5
-3.045020995180041e-5
-2.905701700329848e-5
-2.769316149615983e-5
-2.6411805810545835e-5
-2.5145826869320133e-5
-2.3995785949945442e-5
-2.283751133092022e-5
-2.1749619825823704e-5
-2.0717956096597518e-5
-1.9719622986305598e-5
-1.8745642784072867e-5
-1.781935274880265e-5
-1.6956264016327923e-5
-1.610004294746419e-5
-1.5282962178679817e-5
-1.448408133172779e-5
-1.3737453189062006e-5
-1.3001747990000275e-5
-1.2296028238793879e-5
-1.1617723525270276e-5
-1.0959427829156462e-5
-1.0324974803915615e-5
-9.689389157958308e-6
-9.090691853383815e-6
-8.514837453492138e-6
-7.956099560753953e-6
-7.38160982211633e-6
-6.831277285214521e-6
-6.324444838728926e-6
-5.839383206305896e-6
-5.3476711895607486e-6
-4.846169688621269e-6
-4.362988159782748e-6
-3.8846788054877245e-6
-3.4471104449365357e-6
-3.0036522096892594e-6
-2.562885270738874e-6
-2.113039817361328e-6
-1.6814037450074548e-6
-1.2547594117938243e-6
-8.478623782088321e-7
-4.1644219128789315e-7
0.0

# 0022_r0

0.0
-0.0008235358966578842
-0.000729509065428063
-0.0006736721202628452
-0.0006333683175474963
-0.0005993324837682675
-0.000569096858716811
-0.000541213165762954
-0.0005156840129405446
-0.0004911732547022286
-0.00046823457956878006
-0.0004468119987239105
-0.00042606986356109026
-0.00040644962975559774
-0.0003877486672656432
-0.0003701139204241825
-0.00035327858277001064
-0.0003372514588655027
-0.00032195675505006314
-0.0003072750588584117
-0.0002935386237542022
-0.0002802016216925783
-0.00026759316876364206
-0.0002555128093761322
-0.00024383133658403591
-0.00023285304304553232
-0.00022235705858485706
-0.0002125697562270367
-0.0002029421888054542
-0.0001937258123756019
-0.00018509708196539718
-0.0001767522472721002
-0.00016869729899265465
-0.0001611283738203396
-0.00015392898691810245
-0.0001470149451696779
-0.00014049576956658751
-0.00013418968872541825
-0.00012815675406029322
-0.00012227851161675685
-0.00011675541559763286
-0.00011146761451201707
-0.00010640332865565135
-0.00010153990345219349
-9.69044609584105e-5
-9.257824440283255e-5
-8.839614627411512e-5
-8.442040553433236e-5
-8.058028980245877e-5
-7.687048467827264e-5
-7.323876128902157e-5
-6.99774160247017e-5
-6.673240073055156e-5
-6.373228615096086e-5
-6.0794432490332184e-5
-5.799491165886985e-5
-5.5387071792728924e-5
-5.2872269509545945e-5
-5.047247258448649e-5
-4.811824816927136e-5
-4.590004437369648e-5
-4.380574465070496e-5
-4.1768738623581525e-5
-3.979706618302726e-5
-3.79801896178322e-5
-3.619105819992851e-5
-3.4523497553981036e-5
-3.288334116565962e-5
-3.136299726382742e-5
-2.988047634354265e-5
-2.8448105437935766e-5
-2.7099871614519864e-5
-2.5830787821955413e-5
-2.462525454785353e-5
-2.3475540433762647e-5
-2.237703890451369e-5
-2.1284146868231482e-5
-2.025153400183304e-5
-1.9271362655159584e-5
-1.8338819087634164e-5
-1.7460477508035736e-5
-1.6530860090833833e-5
-1.5681793474054915e-5
-1.4874459038351801e-5
-1.410807524913418e-5
-1.3355354612988088e-5
-1.2622236099892997e-5
-1.1919429016584501e-5
-1.1244826349231344e-5
-1.0615597519851515e-5
-9.978644452231214e-6
-9.369225678894127e-6
-8.804541525164646e-6
-8.241460883499216e-6
-7.69395305694364e-6
-7.162647002100421e-6
-6.674221056874314e-6
-6.180012050443654e-6
-5.724839989520638e-6
-5.257277772324838e-6
-4.80098296996841e-6
-4.381794492022441e-6
-3.961319594223089e-6
-3.5604274523214523e-6
-3.155426710376068e-6
-2.7527207880067804e-6
-2.3490251417355e-6
-1.9643556885827057e-6
-1.569497332200733e-6
-1.1861621036424205e-6
-7.811342298784473e-7
-3.9314239264861546e-7
0.0

# 0023_r0

0.0
-0.0008248147621599346
-0.0007308485305328154
-0.0006752762527666973
-0.0006351012759419188
-0.0006017884522800693
-0.0005722812777132369
-0.0005449723540785121
-0.0005196485251356741
-0.0004957280937540328
-0.0004728748936585723
-0.0004511395897089767
-0.0004307784143986379
-0.0004114315267804053
-0.0003927198380571091
-0.0003752435158299656
-0.0003587497269037163
-0.000342753601536538
-0.0003274472522191641
-0.0003125738700900851
-0.00029871658564779873
-0.0002856625045418763
-0.0002729348468569584
-0.00026089845830664537
-0.00024906628304200356
-0.0002380401644775884
-0.00022743682465150756
-0.00021741262410804565
-0.00020774488738801276
-0.00019851933854987962
-0.0001896566447141827
-0.00018130246201273766
-0.00017328293645407425
-0.0001655740339513197
-0.00015823013867974188
-0.00015113435456155693
-0.0001444435384772673
-0.0001380215542267609
-0.0001318407392115213
-0.00012590529318212915
-0.0001204052632277831
-0.0001151286960261173
-0.00010998381309543043
-0.0001051771251407192
-0.00010047622838615281
-9.606828119096499e-5
-9.177257187728937e-5
-8.768658983375625e-5
-8.377171201991495e-5
-8.002594734469262e-5
-7.644501421666925e-5
-7.305765457182939e-5
-6.9723462271861e-5
-6.653653704434294e-5
-6.352359917846155e-5
-6.0704280719771925e-5
-5.79009910373057e-5
-5.523229258011837e-5
-5.276348303587719e-5
-5.0361250717288396e-5
-4.8087260643522934e-5
-4.585767188454633e-5
-4.382045412191339e-5
-4.17974344066788e-5
-3.995414449248421e-5
-3.8131117366972855e-5
-3.632288465575795e-5
-3.4635643814727295e-5
-3.3071313604767144e-5
-3.1519602461512326e-5
-3.0036514588422616e-5
-2.865359547444015e-5
-2.7290640323304147e-5
-2.5985854637667283e-5
-2.4771642570550683e-5
-2.3594635632555476e-5
-2.24839289323517e-5
-2.137141170880984e-5
-2.035838781082213e-5
-1.9383709383947533e-5
-1.8434000517495497e-5
-1.7513535377714146e-5
-1.6615316554318836e-5
-1.579135981744715e-5
-1.4970626673329171e-5
-1.417838597652584e-5
-1.3442408995157833e-5
-1.2708545889666503e-5
-1.2034294046153188e-5
-1.1371270189747976e-5
-1.073380430611366e-5
-1.012459816690747e-5
-9.528353924540941e-6
-8.921626160900763e-6
-8.357132911105337e-6
-7.806840224385301e-6
-7.259873021276351e-6
-6.749491915200686e-6
-6.217822654986535e-6
-5.726168463886271e-6
-5.23226297911532e-6
-4.768462534532994e-6
-4.287304502211809e-6
-3.86044198348191e-6
-3.410359057192773e-6
-2.9583060861505427e-6
-2.5217089774680664e-6
-2.1002455734294337e-6
-1.661836760136903e-6
-1.2266074170730972e-6
-8.223517752783585e-7
-4.0810616393588233e-7
0.0

# 0024_r0

0.0
-0.0008149186726127021
-0.0007213284120975146
-0.0006659604861662698
-0.0006266882278426113
-0.0005941696704112867
-0.0005644315665507966
-0.0005376580867275941
-0.0005124958582369705
-0.0004888184047100182
-0.0004668211357602324
-0.0004459685906540854
-0.0004260870051142812
-0.0004068100712096263
-0.0003887915717683811
-0.000371499891882637
-0.00035499525705226607
-0.000339198415380922
-0.0003244176796441625
-0.0003098847416666783
-0.0002963483734440652
-0.00028335245372005936
-0.00027096431744741634
-0.0002589452701027874
-0.0002476044542066909
-0.00023674203758501945
-0.000226384880581307
-0.000216175748263053
-0.00020669262726523568
-0.00019749297740690637
-0.00018871522057166255
-0.0001803395430939185
-0.00017241459486359091
-0.00016486386366558475
-0.00015752910090717005
-0.00015063926177127468
-0.00014415936598122342
-0.0001378409700110593
-0.00013177574311929786
-0.00012595314455049274
-0.00012044931183786769
-0.00011511736818445054
-0.00011001226255718338
-0.00010516287400504589
-0.00010042693256407665
-9.597922761398076e-5
-9.174863101027763e-5
-8.771897708031287e-5
-8.379224956235013e-5
-8.014937648244377e-5
-7.657491167413392e-5
-7.325911177413862e-5
-7.002761711464942e-5
-6.695594667280872e-5
-6.402795276257836e-5
-6.117570000818726e-5
-5.849920471658841e-5
-5.596551120713588e-5
-5.355733708223476e-5
-5.124252004197336e-5
-4.893931558837068e-5
-4.6784927717561644e-5
-4.461637912442586e-5
-4.2641591677630326e-5
-4.071943479675093e-5
-3.888850559343419e-5
-3.7099562560909266e-5
-3.544608568866628e-5
-3.380951169413305e-5
-3.228352107839418e-5
-3.081013152681256e-5
-2.9440952045027686e-5
-2.807115705011468e-5
-2.6749938358241547e-5
-2.5483697271478403e-5
-2.4288464743141162e-5
-2.311537225349871e-5
-2.2003813644540627e-5
-2.0945314731411472e-5
-1.993489258122942e-5
-1.8938762980555062e-5
-1.7990832577661083e-5
-1.709411297201721e-5
-1.6232291383263333e-5
-1.5401201007134593e-5
-1.4603338811544557e-5
-1.3823504393110901e-5
-1.3088461876375915e-5
-1.2366722729900698e-5
-1.1676711129799354e-5
-1.102257338354537e-5
-1.0367450603192657e-5
-9.726368992507722e-6
-9.122668638352004e-6
-8.550654921199222e-6
-7.985705671513166e-6
-7.443288063666025e-6
-6.89930903781338e-6
-6.378623302727573e-6
-5.883726493661065e-6
-5.3669803621116e-6
-4.877803912352507e-6
-4.408755734069181e-6
-3.94837430957753e-6
-3.4813212327034816e-6
-3.0335132026413027e-6
-2.596301171496947e-6
-2.1488097538857913e-6
-1.7036764202862134e-6
-1.2788454590326243e-6
-8.469492053346033e-7
-4.220075690095722e-7
0.0

# 0025_r0

0.0
-0.0008183040121914437
-0.0007242232299687236
-0.0006675758047200716
-0.0006274577669467097
-0.0005938815445034681
-0.0005641355852931221
-0.0005364013275218748
-0.0005109561796895986
-0.00048694864319410183
-0.00046441269700838545
-0.0004429252707447512
-0.00042259941704199
-0.00040332169079295696
-0.00038496222886191854
-0.0003672175902627045
-0.0003504349892408003
-0.0003344567466723022
-0.0003190853864199232
-0.000304691950548618
-0.0002908838842551973
-0.00027762721872919986
-0.00026508831477786856
-0.00025305638515255
-0.00024180739372451184
-0.00023105606731186752
-0.00022042338247528164
-0.00021031488983676663
-0.0002009661632904098
-0.00019181603322385754
-0.00018318921700035505
-0.00017469142190154702
-0.0001667057384728387
-0.00015918285453459706
-0.00015184073996489883
-0.00014472455390487573
-0.00013792315194119061
-0.0001315151123481043
-0.00012553169970207272
-0.00011977117680756593
-0.00011425911438680163
-0.00010897128499102368
-0.00010396890228831789
-9.919685381907296e-5
-9.462549617139238e-5
-9.032414868785086e-5
-8.62022454433271e-5
-8.228754398984848e-5
-7.854920407841217e-5
-7.491295850934972e-5
-7.142151213839459e-5
-6.80862396785332e-5
-6.493003930955799e-5
-6.185611582481233e-5
-5.9079356094002824e-5
-5.631821502236931e-5
-5.3659721693950995e-5
-5.122723517720008e-5
-4.8841553168082184e-5
-4.658272190318964e-5
-4.445135548679155e-5
-4.243046785639612e-5
-4.0448120640179205e-5
-3.8544633635896365e-5
-3.675505240829196e-5
-3.5054417494780636e-5
-3.339877148518691e-5
-3.184692574819432e-5
-3.035451833235396e-5
-2.8955704552230634e-5
-2.758181336283711e-5
-2.6235105976137153e-5
-2.498762035643007e-5
-2.376890633013253e-5
-2.2590659845438694e-5
-2.150158917178642e-5
-2.0463885688146996e-5
-1.9462336271875784e-5
-1.8478906844923053e-5
-1.7569230195898063e-5
-1.668439646483417e-5
-1.5853409191355687e-5
-1.5052330039879338e-5
-1.4281239531331433e-5
-1.3554015653715402e-5
-1.2829947648242789e-5
-1.2143101980260107e-5
-1.1450473679924668e-5
-1.083847416588429e-5
-1.0228092989539543e-5
-9.651971683815635e-6
-9.082846868395643e-6
-8.505254509676091e-6
-7.99058695624637e-6
-7.483788582173305e-6
-6.959012829569086e-6
-6.473832894927482e-6
-5.999940545904866e-6
-5.57685169768858e-6
-5.119086688089487e-6
-4.693286278872016e-6
-4.245027830647559e-6
-3.845197530043099e-6
-3.425940311356917e-6
-3.0478575490208545e-6
-2.649227728448079e-6
-2.259082376782436e-6
-1.8461462550884482e-6
-1.496352356955354e-6
-1.0979080325896152e-6
-7.254273179948062e-7
-3.363966403815111e-7
0.0

# 0026_r0

0.0
-0.0008261155256399443
-0.0007326345329902721
-0.0006767823425030284
-0.0006370048355533278
-0.0006036361127426502
-0.0005737976837161665
-0.0005460843096195023
-0.0005201397062488122
-0.0004961985088773348
-0.0004734166001801359
-0.0004520720419159045
-0.0004315707226372453
-0.0004123535425068946
-0.00039373413881710134
-0.00037612059629560434
-0.0003593980168808564
-0.00034318444865419145
-0.0003280458557961282
-0.0003134972004224244
-0.00029961219301450346
-0.0002862437073468846
-0.0002736538197398801
-0.0002615629476416022
-0.00025012242887417036
-0.00023909893601145932
-0.00022848395328428373
-0.00021841934282882763
-0.00020871122912141863
-0.00019946442599694052
-0.00019056908117587575
-0.00018216017527661826
-0.0001741296128539845
-0.00016646063615726166
-0.0001591473783618674
-0.00015216577314685633
-0.0001455499956702642
-0.00013901131490365887
-0.00013277323769106877
-0.00012686148884777753
-0.00012120971787078384
-0.00011581014782245964
-0.00011061067020143498
-0.00010578245635555385
-0.00010107945775884683
-9.655452840454103e-5
-9.222462657571747e-5
-8.811177237980791e-5
-8.423486431755968e-5
-8.051369055612482e-5
-7.69022050127882e-5
-7.345149811955561e-5
-7.018352473026048e-5
-6.69641330201193e-5
-6.396804594168995e-5
-6.117957078418343e-5
-5.84559588245592e-5
-5.581910491845924e-5
-5.324680742700766e-5
-5.087795743237944e-5
-4.85448010670898e-5
-4.637476428628883e-5
-4.428891739591773e-5
-4.228827327065898e-5
-4.0383944709623785e-5
-3.852177729397204e-5
-3.684728548193046e-5
-3.5119894746780925e-5
-3.351041359030354e-5
-3.1921290759828705e-5
-3.0433816411546143e-5
-2.9011105306916203e-5
-2.7635453542092783e-5
-2.6312269598296742e-5
-2.5060770245788873e-5
-2.3836623137279844e-5
-2.2674810419127192e-5
-2.1587785115662284e-5
-2.051750267717734e-5
-1.9500930205936065e-5
-1.855065151610944e-5
-1.7610243096811448e-5
-1.673446048259904e-5
-1.5889460702065167e-5
-1.5069206435836401e-5
-1.4294654923043273e-5
-1.3546702058768722e-5
-1.2818262964298343e-5
-1.214166325233821e-5
-1.1467006624377235e-5
-1.0804624453828832e-5
-1.0184824338949829e-5
-9.550902185121191e-6
-8.990434091082001e-6
-8.414293427438691e-6
-7.842223222233958e-6
-7.303930541986597e-6
-6.7923476803290404e-6
-6.282281950293914e-6
-5.7845132832640365e-6
-5.280130547093527e-6
-4.802837041255869e-6
-4.33491810192156e-6
-3.868638638433408e-6
-3.404311905956165e-6
-2.9695277778346027e-6
-2.521508439470555e-6
-2.104691972237749e-6
-1.6730677235371079e-6
-1.2504430372185735e-6
-8.373911253075689e-7
-4.2708335288454795e-7
0.0

# 0027_r0

0.0
-0.0008170259917242275
-0.0007223253177121002
-0.0006659152156214289
-0.0006256685998518527
-0.0005916756754229665
-0.0005619174850948716
-0.0005344481293759104
-0.0005091592912834864
-0.00048500240689358003
-0.00046243078213511807
-0.0004410093698263146
-0.0004203722138062999
-0.0004010412897804525
-0.00038276990245251347
-0.00036514824330318026
-0.0003481585788466331
-0.0003323298751652338
-0.00031711252341057615
-0.000302771424203655
-0.00028907593629341023
-0.0002759160904359757
-0.0002633879993236673
-0.00025145301823940614
-0.00024019612273102096
-0.0002291312321313345
-0.00021876396754477023
-0.00020877837444604677
-0.0001992713603955159
-0.00019003157256970406
-0.00018139223495415753
-0.00017309594740642274
-0.00016511165184735838
-0.000157609068205791
-0.00015041023623037355
-0.00014361423770432703
-0.00013703403064639787
-0.00013065648350777038
-0.0001246552851523062
-0.00011886001008474713
-0.00011340190747260149
-0.00010820253573427001
-0.00010330542510966716
-9.85675136746755e-5
-9.405964747087679e-5
-8.971085525459499e-5
-8.561164466991874e-5
-8.17412356991408e-5
-7.800818597805067e-5
-7.43259183558359e-5
-7.090044152903126e-5
-6.756455742623154e-5
-6.451959797808927e-5
-6.151652591418903e-5
-5.864447864252193e-5
-5.5924683291621264e-5
-5.334153658915976e-5
-5.090324748175478e-5
-4.856473622043984e-5
-4.6314469622941315e-5
-4.422272358076829e-5
-4.215804697842661e-5
-4.022036869757358e-5
-3.832674135867477e-5
-3.6490865974387906e-5
-3.4741947152130995e-5
-3.311297669462355e-5
-3.153647527017559e-5
-3.0012649502983735e-5
-2.8589167630660953e-5
-2.7213497812002302e-5
-2.5910650629854556e-5
-2.468871367021077e-5
-2.3451937112099792e-5
-2.2325778727774275e-5
-2.1189783060129793e-5
-2.0145232498859183e-5
-1.911303851446408e-5
-1.8163851085743627e-5
-1.7235414972672046e-5
-1.6387110341464814e-5
-1.55535043490649e-5
-1.4729766822853725e-5
-1.395676778700009e-5
-1.3195312919823511e-5
-1.2465913370576551e-5
-1.1778019018163749e-5
-1.1139927071145562e-5
-1.052506436339404e-5
-9.891475414690727e-6
-9.322119942397011e-6
-8.75049956069786e-6
-8.175343638343325e-6
-7.651033455499027e-6
-7.129072726660877e-6
-6.631316191188042e-6
-6.170217076472985e-6
-5.733779090981949e-6
-5.317095792024153e-6
-4.889599012118866e-6
-4.470624097477176e-6
-4.060217098442279e-6
-3.6495503264617238e-6
-3.255043539223054e-6
-2.8773141065040004e-6
-2.515273252714009e-6
-2.1288358754101224e-6
-1.7738328237287306e-6
-1.414169038518337e-6
-1.0589932753881903e-6
-7.080056847263213e-7
-3.466319686680961e-7
0.0

# 0028_r0

0.0
-0.0008101044763293311
-0.000717124254207154
-0.0006619437527344864
-0.0006223247617761591
-0.0005899378092103299
-0.000560599673344073
-0.0005336962660040816
-0.000508613272759635
-0.00048496542245446325
-0.00046276569904801903
-0.0004416121854979792
-0.00042151156177911445
-0.0004025143491896509
-0.00038426126539172704
-0.0003668428995984519
-0.0003503866539895458
-0.0003346761678037657
-0.00032000706570648835
-0.0003058499743042094
-0.00029228228175478887
-0.00027935473693484116
-0.00026693076807886925
-0.0002552545198479317
-0.00024389700651822685
-0.00023317596411603415
-0.00022279836079515817
-0.00021292156716602967
-0.0002034694628172724
-0.00019451668755143635
-0.00018588539048422717
-0.00017767008740024047
-0.00016987554328113305
-0.00016233375706600994
-0.00015495265768253937
-0.00014795080544652238
-0.0001413576828652638
-0.00013503149593571128
-0.0001289831055160716
-0.00012318258485386992
-0.00011757902340452327
-0.00011232506081566605
-0.00010733250557279016
-0.0001024649031974616
-9.785871985709457e-5
-9.343853808739887e-5
-8.917740823190347e-5
-8.517931989403726e-5
-8.139406448195305e-5
-7.782740490926443e-5
-7.435040756765976e-5
-7.093987532840383e-5
-6.778763142518576e-5
-6.467862621398231e-5
-6.178269559450338e-5
-5.896737422510963e-5
-5.628668236965689e-5
-5.373134022000114e-5
-5.1251589495525224e-5
-4.887031980473551e-5
-4.667552126435252e-5
-4.4528836258438295e-5
-4.2489848774088597e-5
-4.050880978128636e-5
-3.866012054457646e-5
-3.687857474815213e-5
-3.5168199289167714e-5
-3.354928463852084e-5
-3.204545768290738e-5
-3.0574255069103665e-5
-2.9204418523793527e-5
-2.7841691367320547e-5
-2.6548243757411453e-5
-2.5312297193887387e-5
-2.4083210708514713e-5
-2.2947290521863198e-5
-2.185129434239095e-5
-2.079282104234493e-5
-1.9771519864005177e-5
-1.8822796536450832e-5
-1.788123027987391e-5
-1.6987361824184954e-5
-1.612552637930116e-5
-1.5311141798400603e-5
-1.4520207614460547e-5
-1.3732056627966918e-5
-1.2993364143461494e-5
-1.2321837001295729e-5
-1.1628062184741009e-5
-1.0998535229423684e-5
-1.0368353422982174e-5
-9.765082066631557e-6
-9.153882667228125e-6
-8.57757248779988e-6
-8.004076567887715e-6
-7.472401080390106e-6
-6.9332190127998844e-6
-6.427401417025953e-6
-5.934695782312343e-6
-5.472444010666169e-6
-5.028219375713315e-6
-4.561777013323445e-6
-4.1071248330975e-6
-3.6718540205873966e-6
-3.2521616842575432e-6
-2.8290325220706946e-6
-2.4108306885167094e-6
-2.0031836899042193e-6
-1.5742783472611083e-6
-1.1706432538131732e-6
-7.850999690755384e-7
-3.8550910275382956e-7
0.0

# 0029_r0

0.0
-0.0008331635895684107
-0.0007394740130564419
-0.0006830772260371688
-0.0006429455131714897
-0.0006091666633547913
-0.0005786333271182754
-0.0005508259874575535
-0.0005251163245763991
-0.0005008621021986599
-0.000477970976340102
-0.00045645353023163714
-0.0004354069808242549
-0.00041576956205002964
-0.00039707227488814696
-0.00037924969425196284
-0.0003625046063501841
-0.0003463035890026981
-0.0003308905689978517
-0.0003160718392527793
-0.00030195883364686536
-0.0002880735532003469
-0.00027526015865163826
-0.00026292452973653783
-0.0002511683132252882
-0.000239875804399331
-0.00022910974380401831
-0.00021880390836213746
-0.00020897164003514342
-0.00019965906498980256
-0.00019075832185277153
-0.00018229189439538458
-0.0001741752861744252
-0.00016624244816892635
-0.00015873785379183651
-0.0001517382718760365
-0.00014480436747613096
-0.00013819145486981718
-0.0001320283636866461
-0.00012606985662093982
-0.00012053428306683796
-0.0001152267157054638
-0.00011002119718369015
-0.0001050882496085436
-0.00010042593813319504
-9.587198521525976e-5
-9.159206872486906e-5
-8.746488252835769e-5
-8.360521066387688e-5
-7.991086608252384e-5
-7.630519761954635e-5
-7.288652298737147e-5
-6.959026975896655e-5
-6.647927620774145e-5
-6.345007124803274e-5
-6.060767722796001e-5
-5.783347612077265e-5
-5.523704686150655e-5
-5.266246537685156e-5
-5.020796330120868e-5
-4.798536145276848e-5
-4.580211081102251e-5
-4.3715391760030914e-5
-4.173787770218383e-5
-3.983917646409716e-5
-3.8024232185640486e-5
-3.624418802701947e-5
-3.4632578005908533e-5
-3.3043697094357236e-5
-3.1533302249368936e-5
-3.0059274799126123e-5
-2.865703325736544e-5
-2.7337059573582794e-5
-2.6071237790796017e-5
-2.479454359210815e-5
-2.3607856632056227e-5
-2.2515259687269298e-5
-2.1451316000814188e-5
-2.0416654965541898e-5
-1.9411335776234316e-5
-1.845067186329062e-5
-1.7558198848510236e-5
-1.667369925382593e-5
-1.5801821431071017e-5
-1.4973391934912238e-5
-1.4178875233100097e-5
-1.3439690627637811e-5
-1.2718104458915456e-5
-1.2019090103268237e-5
-1.1386186231277494e-5
-1.077148245877498e-5
-1.0160426873715242e-5
-9.552734997165531e-6
-8.96290024827754e-6
-8.413053388344022e-6
-7.85622899023055e-6
-7.330210089205322e-6
-6.818974265801494e-6
-6.315590959439083e-6
-5.8178245359757135e-6
-5.34153116648022e-6
-4.84684022858661e-6
-4.34641507154408e-6
-3.876795641250593e-6
-3.426903973065058e-6
-2.9852438196945463e-6
-2.5348786681780584e-6
-2.0931233149901036e-6
-1.6682411318193845e-6
-1.246514215957744e-6
-8.432726166113829e-7
-4.3198012890620187e-7
0.0

# 0030_r0

0.0
-0.000834649783934268
-0.00073979306292981
-0.0006836199038984732
-0.0006429670461578654
-0.0006088988870469209
-0.0005784023550718633
-0.0005507615342087197
-0.0005248692243861038
-0.0005002965529398007
-0.00047738169000903903
-0.0004555564525465963
-0.00043462783486144233
-0.0004152863778965512
-0.0003965929219611624
-0.0003786553283313517
-0.0003617153234871723
-0.00034545100861700607
-0.00032965487504117
-0.0003149423524057856
-0.0003008022304886236
-0.0002873621360381987
-0.0002746916912799315
-0.0002625310053224643
-0.0002508107387365626
-0.0002395907899097212
-0.0002288287264000976
-0.00021856657554330643
-0.0002086911920170634
-0.00019922206403235614
-0.00019037822142608504
-0.0001819988942660557
-0.00017379272263724196
-0.00016601007757401673
-0.00015854086583669733
-0.00015134412086537232
-0.00014465931514636086
-0.00013802596534486506
-0.00013185918512172677
-0.00012590300285362008
-0.00012020230086640755
-0.00011474495387497137
-0.00010952989941476916
-0.00010461156862498976
-9.986136974474182e-5
-9.548906079581e-5
-9.12268130729544e-5
-8.712203260916283e-5
-8.313144025931319e-5
-7.937672014286802e-5
-7.580628704714996e-5
-7.236099436058331e-5
-6.901695938595751e-5
-6.593568073188415e-5
-6.288526528972825e-5
-5.993795946001713e-5
-5.718721799534031e-5
-5.454733552115688e-5
-5.206885909096983e-5
-4.964071130706163e-5
-4.736153116161432e-5
-4.5142351491902644e-5
-4.308518016589734e-5
-4.1065158804124155e-5
-3.923868599757891e-5
-3.74201530921231e-5
-3.565204281085502e-5
-3.3988275931497005e-5
-3.237584940017572e-5
-3.0843555957548616e-5
-2.9339582795641632e-5
-2.7927647019674382e-5
-2.6577527365665033e-5
-2.532659160988188e-5
-2.4097649625343136e-5
-2.2921078582157454e-5
-2.1805244258112565e-5
-2.078802160792434e-5
-1.976624419911779e-5
-1.8776537088778143e-5
-1.7831988056540725e-5
-1.6943278256728816e-5
-1.6059562133700435e-5
-1.5241680373474076e-5
-1.441815824745793e-5
-1.3638297377450297e-5
-1.2929658575865208e-5
-1.2203152779015008e-5
-1.151864752009633e-5
-1.0866421593698527e-5
-1.0207480362647467e-5
-9.598330167509215e-6
-9.012145775673973e-6
-8.428606538785007e-6
-7.864331217993116e-6
-7.316444273911912e-6
-6.7915066281166746e-6
-6.291789196532647e-6
-5.819580807099715e-6
-5.3420276795424475e-6
-4.909937308585756e-6
-4.458726794827918e-6
-4.027676483095267e-6
-3.608713892494123e-6
-3.175038047721265e-6
-2.7575582898325587e-6
-2.3466018933152094e-6
-1.9421967427446653e-6
-1.5315483134644998e-6
-1.1409605673212518e-6
-7.445389998802432e-7
-3.734442152656369e-7
0.0

# 0031_r0

0.0
-0.0008361977716625504
-0.0007417378736806323
-0.0006853116305984248
-0.0006443854745367617
-0.000609949314909749
-0.0005795651642676135
-0.0005514927832717748
-0.0005252139953987659
-0.0005003926249928379
-0.0004772933525516439
-0.00045528673844098556
-0.0004341508285181618
-0.00041432850892757103
-0.00039534457215964204
-0.000377445903941886
-0.0003600923489888095
-0.0003441400761584706
-0.00032872155154487967
-0.0003138930861139689
-0.00029995587409675507
-0.00028641325061181083
-0.00027366832096385773
-0.00026125285718529807
-0.0002494754640145767
-0.00023815893769848253
-0.0002273618110561116
-0.00021706561736019244
-0.00020724774597052478
-0.00019787911148093753
-0.0001887726676636562
-0.00018013108523169495
-0.00017191327646529688
-0.0001640544483444695
-0.00015662270356895728
-0.00014947193459343157
-0.00014276713856048364
-0.00013626804929440657
-0.00013009753148158828
-0.00012429562574510256
-0.00011862595459575754
-0.00011325619466615963
-0.00010801217810941102
-0.00010314199750991326
-9.851610614479458e-5
-9.40519193738705e-5
-8.970969010862143e-5
-8.561553967809807e-5
-8.177044062452998e-5
-7.811841987575688e-5
-7.459921204570171e-5
-7.121061622782677e-5
-6.805524620078903e-5
-6.501577118685054e-5
-6.20873342376937e-5
-5.920433485284278e-5
-5.645444675322934e-5
-5.395344651076371e-5
-5.155198333595008e-5
-4.9200924976503306e-5
-4.691944715234618e-5
-4.4796263674525284e-5
-4.272683345851947e-5
-4.0783235656923445e-5
-3.8946227382581815e-5
-3.7170781664311496e-5
-3.550303680909915e-5
-3.389480607451391e-5
-3.231291346502978e-5
-3.083033171461535e-5
-2.9346410747112446e-5
-2.797184366221671e-5
-2.6666793184076015e-5
-2.5383531363084095e-5
-2.417208437436913e-5
-2.304118414524113e-5
-2.1947172738992877e-5
-2.0846375137780875e-5
-1.9809314560554995e-5
-1.8794495712922052e-5
-1.787576658207277e-5
-1.6964433990087197e-5
-1.6093096004227375e-5
-1.5276551020672965e-5
-1.4485425587043303e-5
-1.3733269639654906e-5
-1.2994393310271106e-5
-1.230482322608167e-5
-1.1608472607242234e-5
-1.0967346649314763e-5
-1.035010569285029e-5
-9.740072004067227e-6
-9.145555208530666e-6
-8.569438113169111e-6
-8.012244209068812e-6
-7.502677365080517e-6
-6.981637352387053e-6
-6.477644479941238e-6
-5.9929560274308195e-6
-5.502900300307467e-6
-5.033767381077543e-6
-4.57412532329368e-6
-4.110818821501932e-6
-3.6745283247204134e-6
-3.242054640835654e-6
-2.8142338156941495e-6
-2.4066612784511663e-6
-1.9910181914562222e-6
-1.5982537522575045e-6
-1.20859579664877e-6
-7.980495396340458e-7
-3.878926811166376e-7
0.0

# 0032_r0

0.0
-0.000837527146629215
-0.0007430461562266107
-0.000686270307934554
-0.0006454471943576918
-0.0006111415831977307
-0.0005804074877583716
-0.0005519493287876289
-0.0005256690107558078
-0.000500850787945974
-0.0004776436187374381
-0.00045547453704351283
-0.00043460615592134293
-0.00041452361778667417
-0.00039552664643362163
-0.00037743838061985417
-0.0003601681351712039
-0.0003438515703822752
-0.00032815095445588974
-0.00031330694637377786
-0.0002988261996199095
-0.00028540010918294193
-0.00027232395417273446
-0.0002600409387704178
-0.00024833382641456617
-0.00023711510175778973
-0.00022651240399048527
-0.0002162311109772377
-0.0002065499796362862
-0.00019711610494445387
-0.00018816920107035058
-0.0001796920880847909
-0.00017161577388317064
-0.0001638930065706043
-0.0001565630954863324
-0.00014948310457269068
-0.00014282638712399218
-0.00013638460291911725
-0.00013023622592867168
-0.00012434912860200833
-0.00011873704330109089
-0.00011339520147156002
-0.00010822932116187304
-0.00010329271278592466
-9.850474189246945e-5
-9.403511164149075e-5
-8.982420694394887e-5
-8.570920347246356e-5
-8.182896896402295e-5
-7.80942597066917e-5
-7.45600945999813e-5
-7.122934309058938e-5
-6.794557705786254e-5
-6.484720316983718e-5
-6.196608204906657e-5
-5.912912802097842e-5
-5.639586136336239e-5
-5.382531872303529e-5
-5.1408420179492294e-5
-4.902860024032678e-5
-4.6768343950701854e-5
-4.4646125231673175e-5
-4.257073583394382e-5
-4.0637775321519386e-5
-3.879075777301004e-5
-3.703633355480328e-5
-3.532520330801929e-5
-3.3633147247026897e-5
-3.208528315315314e-5
-3.058759334540007e-5
-2.916408176580011e-5
-2.778079153358603e-5
-2.64454527123935e-5
-2.5182352059600464e-5
-2.3981035762089778e-5
-2.2854846501896243e-5
-2.1738923933508573e-5
-2.0636988548837417e-5
-1.962350895607225e-5
-1.8677177538436525e-5
-1.777197084585767e-5
-1.687264637522895e-5
-1.601543852352033e-5
-1.519720534212299e-5
-1.4405541474953842e-5
-1.364259205203758e-5
-1.2896510731715376e-5
-1.2200972726885355e-5
-1.1531108396663605e-5
-1.0884896223977892e-5
-1.025989514555153e-5
-9.645701097062294e-6
-9.074471306411368e-6
-8.507830827568353e-6
-7.948352266697817e-6
-7.420485317439197e-6
-6.9196488796573295e-6
-6.408652985524137e-6
-5.92701215022617e-6
-5.451022889311706e-6
-4.999743243008066e-6
-4.536501898314463e-6
-4.097843861202519e-6
-3.6699308706093184e-6
-3.2356095143876544e-6
-2.813186157791026e-6
-2.3962691451432668e-6
-1.996274564416147e-6
-1.5748670972886232e-6
-1.181218135105765e-6
-7.938089891628657e-7
-4.055918515727137e-7
0.0

# 0033_r0

0.0
-0.0008431174884776912
-0.0007481172705566609
-0.0006909477133880206
-0.0006497527363158193
-0.0006152021074080961
-0.000584321823198733
-0.0005558988753432835
-0.000529129007655778
-0.0005044594102818576
-0.0004810655827628788
-0.0004584054418072105
-0.00043739246015794223
-0.00041717629652024017
-0.00039799681023141366
-0.000379937182860471
-0.0003625555401073462
-0.00034582307057349826
-0.0003299650518841273
-0.0003149412597171098
-0.000300612756565713
-0.0002869463469519384
-0.0002738469467911679
-0.00026152580441274944
-0.00024964059148717166
-0.00023831466022297739
-0.00022752138399036623
-0.0002170058970774234
-0.00020705757398617914
-0.00019769729382641683
-0.0001888460082599577
-0.0001801950753694008
-0.0001720092664147096
-0.00016416677942655069
-0.0001565701725585988
-0.00014946389326029694
-0.00014257841006543346
-0.00013594828937056304
-0.00012991250094875672
-0.00012398238739618327
-0.00011839008917277403
-0.00011294803511160965
-0.00010771609411293835
-0.00010272618442191516
-9.800721031570796e-5
-9.351474370771953e-5
-8.919398268138029e-5
-8.515205571017474e-5
-8.132760844249896e-5
-7.757681179842384e-5
-7.405266198556007e-5
-7.062259056390033e-5
-6.741630775466884e-5
-6.430387559121677e-5
-6.139470188146858e-5
-5.861938911974933e-5
-5.596083240634808e-5
-5.3394789382290136e-5
-5.093411355203263e-5
-4.8551389104943005e-5
-4.633113084377659e-5
-4.4249036757668276e-5
-4.220233997907311e-5
-4.022266393496732e-5
-3.8421728617166456e-5
-3.6682568007605095e-5
-3.499364822264588e-5
-3.338431392895614e-5
-3.1865502846365825e-5
-3.035988717910188e-5
-2.8966692541916213e-5
-2.754234122463113e-5
-2.622068426571256e-5
-2.4937244062770087e-5
-2.370825866752516e-5
-2.2536438009790268e-5
-2.1463761069261816e-5
-2.040680398322835e-5
-1.9425158922484352e-5
-1.8452496005108773e-5
-1.753928652913797e-5
-1.6639584757947126e-5
-1.5765018479305084e-5
-1.4941638995201717e-5
-1.4152541251003798e-5
-1.3419429399879665e-5
-1.2682568470368909e-5
-1.1987517167570408e-5
-1.132257501293138e-5
-1.0682306892445581e-5
-1.0049848558864264e-5
-9.449407009070663e-6
-8.895076289900975e-6
-8.33564761214984e-6
-7.78501154694018e-6
-7.26440569895197e-6
-6.751161782558852e-6
-6.277945950013692e-6
-5.770703280387948e-6
-5.3253047992725115e-6
-4.8771616619325445e-6
-4.43448341088686e-6
-4.001541823520337e-6
-3.5770872347128804e-6
-3.157538496313757e-6
-2.7601663875907517e-6
-2.3605412681761793e-6
-1.949679101357968e-6
-1.5612069797735994e-6
-1.1751734412819513e-6
-7.826765024590781e-7
-3.861249509275068e-7
0.0

# 0034_r0

0.0
-0.000847000973234888
-0.0007525365257429464
-0.0006958420929192943
-0.0006552014255270046
-0.0006208012380826402
-0.0005901894028227614
-0.0005615636220668442
-0.0005349976512872672
-0.0005103927252282953
-0.00048702213328619066
-0.0004648799690575374
-0.00044364496537878845
-0.00042337148313359305
-0.00040399257668836264
-0.0003857868894806687
-0.00036842248296658955
-0.00035198940865163215
-0.00033633462432965404
-0.0003214199173033303
-0.0003071036010721881
-0.0002934198431310983
-0.00028031594423207106
-0.0002676423126656273
-0.00025573480169719607
-0.00024428867833390256
-0.00023327307568265563
-0.00022284282798750563
-0.00021286728187912656
-0.00020329656119884087
-0.00019406852069830277
-0.0001854269652852953
-0.00017732526760286788
-0.00016945129489388623
-0.00016176826317399208
-0.00015439128416710432
-0.00014741023221704244
-0.0001407050110326803
-0.0001342555451591286
-0.00012818697756061725
-0.00012238889174810306
-0.00011690971726183818
-0.00011167569181305934
-0.00010661135052644978
-0.00010176861976596235
-9.724280407451774e-5
-9.28748448954748e-5
-8.866948846196418e-5
-8.465907044138648e-5
-8.079085889869973e-5
-7.703618903990119e-5
-7.360352409404841e-5
-7.022916032602738e-5
-6.704794074162491e-5
-6.402506664446355e-5
-6.120413041555048e-5
-5.8458525494119426e-5
-5.577455415472587e-5
-5.322640759316037e-5
-5.085786401088354e-5
-4.854931118732087e-5
-4.629854098686044e-5
-4.415336206544349e-5
-4.209413103402791e-5
-4.017172467656305e-5
-3.831405922057193e-5
-3.6594092777830634e-5
-3.490553240927347e-5
-3.326529528752611e-5
-3.1708974330285644e-5
-3.0200536739985494e-5
-2.881774151489368e-5
-2.7431618238026754e-5
-2.6167602559320926e-5
-2.493958117760815e-5
-2.376663296241441e-5
-2.265394452436275e-5
-2.1543850116943634e-5
-2.050174185484686e-5
-1.949126901712074e-5
-1.8532486459232703e-5
-1.7592173716712558e-5
-1.6745082256609798e-5
-1.5886760746478863e-5
-1.5068821136432867e-5
-1.4273077580518051e-5
-1.3529969718492543e-5
-1.2793957899171617e-5
-1.2098728724019072e-5
-1.1421550278466622e-5
-1.0772893145192197e-5
-1.0137372191584262e-5
-9.54216835586632e-6
-8.95055144959941e-6
-8.376536007308538e-6
-7.83076747540405e-6
-7.256020886122817e-6
-6.758309814261071e-6
-6.239095260717047e-6
-5.7196088068904e-6
-5.244755762362684e-6
-4.76173908627519e-6
-4.308582661432888e-6
-3.8401958968674825e-6
-3.3967486040620974e-6
-2.98480504831129e-6
-2.515048238308606e-6
-2.0989270918122864e-6
-1.6607886499769192e-6
-1.2421102544474846e-6
-8.276678975695202e-7
-4.204347792715098e-7
0.0

# 0035_r0

0.0
-0.0008458102350064218
-0.0007503975684278701
-0.0006930770886912222
-0.0006515897181313691
-0.0006164862311063999
-0.0005853872819390733
-0.0005567981446700606
-0.0005300787652659053
-0.0005046777717244627
-0.0004812208688900245
-0.0004589447400787555
-0.0004373270979909886
-0.00041711570536639086
-0.0003980084623736063
-0.0003797222820230405
-0.0003620017656896911
-0.0003451894563375624
-0.0003294355509836812
-0.0003140893010201105
-0.00029970378257726293
-0.00028599567216510644
-0.0002728080657877703
-0.0002602599557961903
-0.00024814786238903876
-0.00023648138310941418
-0.0002258086571841926
-0.00021524796241052007
-0.0002053447675206528
-0.00019568955689652467
-0.00018678817271355617
-0.00017808190754639656
-0.00016991996455112832
-0.0001621861128172778
-0.00015470583462099907
-0.00014755728268464784
-0.00014073884272997996
-0.00013414757411793173
-0.00012796322004865934
-0.0001220522573140687
-0.00011659021904976903
-0.00011127948956349523
-0.00010609030581529808
-0.00010124853624107145
-9.661887257498151e-5
-9.209394049852528e-5
-8.78353713106709e-5
-8.38319375718506e-5
-8.010810348952074e-5
-7.647135009036102e-5
-7.2966440805241e-5
-6.962772812722857e-5
-6.638582115269893e-5
-6.337661032111515e-5
-6.0431170210504557e-5
-5.771457121285646e-5
-5.512444263957988e-5
-5.263408919260335e-5
-5.0272223270417355e-5
-4.802618331424866e-5
-4.580673748904845e-5
-4.366888599103464e-5
-4.1668275531213366e-5
-3.9752415920087035e-5
-3.793978031232082e-5
-3.618129026115044e-5
-3.4544200532811954e-5
-3.293228195203313e-5
-3.14150329468542e-5
-2.99571800035936e-5
-2.8518068664004872e-5
-2.7200474146825888e-5
-2.590192688501842e-5
-2.468680744458924e-5
-2.3503488492782566e-5
-2.2349527657278177e-5
-2.1273086562609773e-5
-2.0251792863946877e-5
-1.9273930145986254e-5
-1.835301920242608e-5
-1.7427282114953256e-5
-1.6590034099575708e-5
-1.5753146833750718e-5
-1.4958627714142577e-5
-1.417367268985034e-5
-1.3435948691270941e-5
-1.27393818062966e-5
-1.2066952003205754e-5
-1.1403116493222479e-5
-1.0735698135444057e-5
-1.0124349791713467e-5
-9.543697281750658e-6
-8.980722425933256e-6
-8.430912269707195e-6
-7.91147063714837e-6
-7.397605723478146e-6
-6.882004541954345e-6
-6.382877105372131e-6
-5.9114530845025045e-6
-5.442485443471648e-6
-4.972701729305141e-6
-4.530221074449882e-6
-4.083450445295608e-6
-3.655766220164602e-6
-3.215527064066016e-6
-2.8081671085408616e-6
-2.3681749191994854e-6
-1.96707651451814e-6
-1.5786157750776974e-6
-1.190858988921584e-6
-8.094266360121653e-7
-4.1194624036280057e-7
0.0

# 0036_r0

0.0
-0.0008464059142688113
-0.0007513309101887758
-0.0006939546112181109
-0.0006528735938875158
-0.0006183463558194558
-0.0005875782932057552
-0.0005588063745126453
-0.0005319899813654084
-0.0005068143394628046
-0.00048293458407011646
-0.0004607803617714508
-0.00043917022552917277
-0.0004190359765752082
-0.00039970199820934003
-0.00038148556362953566
-0.0003638750218628806
-0.0003470312116063243
-0.0003312802935747194
-0.00031627694188490497
-0.0003018142876362732
-0.0002881025828034054
-0.0002747823551791741
-0.0002623436133605737
-0.00025037793163505397
-0.0002389944883935016
-0.00022804001701592303
-0.00021786836887346934
-0.00020782992350685
-0.00019831041937088323
-0.00018927201834182322
-0.00018046732124608387
-0.00017215607917955568
-0.00016425449581635611
-0.00015662194661926696
-0.00014959040090942982
-0.00014269891026971268
-0.0001361836709256895
-0.00012995341232327387
-0.00012395524582139262
-0.00011829401124655795
-0.00011286544395328989
-0.00010761375568891726
-0.0001027003076858411
-9.806381493610119e-5
-9.352151718675142e-5
-8.937418097163091e-5
-8.519397528306611e-5
-8.133529909400891e-5
-7.754385407317025e-5
-7.397339716668802e-5
-7.056725181979927e-5
-6.739971849264312e-5
-6.427310214365324e-5
-6.130879578576178e-5
-5.8455194326202694e-5
-5.5768779524355925e-5
-5.3175259857542885e-5
-5.068143176461148e-5
-4.832842423745351e-5
-4.607138311686176e-5
-4.3882668202382726e-5
-4.1872840132934495e-5
-3.986234706966235e-5
-3.799854019136902e-5
-3.620372908291373e-5
-3.4488049363334986e-5
-3.286598643451933e-5
-3.1339061310632074e-5
-2.986013112955183e-5
-2.840410746961786e-5
-2.7035769984730704e-5
-2.5786510492427752e-5
-2.4526448703367687e-5
-2.32952893701275e-5
-2.2140209599004993e-5
-2.1079845778150938e-5
-2.0059842734949318e-5
-1.906894303956298e-5
-1.8152061800481363e-5
-1.7223418662006587e-5
-1.6342496487701778e-5
-1.549913740712473e-5
-1.4690930805618968e-5
-1.3919203938016414e-5
-1.3181886819168079e-5
-1.2507210367610934e-5
-1.1822105292546252e-5
-1.1145870751056173e-5
-1.0491571856560488e-5
-9.878007937645659e-6
-9.293301271308277e-6
-8.713485440825795e-6
-8.18046775092259e-6
-7.659520615239296e-6
-7.1529002241090975e-6
-6.636676438043683e-6
-6.151160510275593e-6
-5.682741808063599e-6
-5.226435048990205e-6
-4.8091778061839635e-6
-4.357545120591777e-6
-3.9232299981562375e-6
-3.521525535062363e-6
-3.1140732735061343e-6
-2.6950789676399697e-6
-2.2929846354887644e-6
-1.8929814208790509e-6
-1.5007782929782088e-6
-1.111392965703998e-6
-7.352359436687881e-7
-3.6541676819976883e-7
0.0

# 0037_r0

0.0
-0.0008559368973163605
-0.0007605228104719197
-0.0007021706856245086
-0.000660079449073439
-0.0006250162512028465
-0.000593238715088587
-0.000564456502803446
-0.000537129420197085
-0.0005122311571630181
-0.0004881987292409659
-0.00046556865362959546
-0.00044408907572574273
-0.0004233174033741863
-0.0004042539681565161
-0.0003855288892518743
-0.000368034557090997
-0.00035138566934781796
-0.0003354236341043143
-0.00032032616552560603
-0.0003055945751620658
-0.0002917261504132864
-0.00027841470899061155
-0.00026601088936245674
-0.0002539065332665347
-0.0002423776998065426
-0.00023133023207019905
-0.0002207196811999947
-0.00021066205553142708
-0.0002011411560740515
-0.00019199583302287982
-0.00018321300668126938
-0.0001748438013672615
-0.00016691021590187262
-0.00015937696641005482
-0.00015208025924058765
-0.00014504371281828823
-0.00013848729972750106
-0.0001322663489303316
-0.0001262184277876801
-0.00012053925121825072
-0.00011497118754593178
-0.00010972620982361711
-0.00010488639201031463
-0.00010010881477544756
-9.563685283737805e-5
-9.136236138272481e-5
-8.72596160282425e-5
-8.325559876013845e-5
-7.948467148456706e-5
-7.592684357020084e-5
-7.247897931551949e-5
-6.924385504996393e-5
-6.612637421060074e-5
-6.308393825507458e-5
-6.015102039305197e-5
-5.7381204467772295e-5
-5.4812344692593393e-5
-5.2322061768509664e-5
-4.9946481929447994e-5
-4.761057796861763e-5
-4.545421081303878e-5
-4.3438344475713396e-5
-4.146498242069743e-5
-3.954408235421538e-5
-3.774587953692033e-5
-3.60380414965068e-5
-3.439879243055082e-5
-3.2806963190032944e-5
-3.12389865062545e-5
-2.976241115348211e-5
-2.8373003917054694e-5
-2.7038537739668485e-5
-2.5768381342216344e-5
-2.4563779190402726e-5
-2.3408978126268833e-5
-2.2278184650294616e-5
-2.1236172269101302e-5
-2.020829928210737e-5
-1.9229855905422442e-5
-1.826478886462515e-5
-1.7320109448407328e-5
-1.641248459783969e-5
-1.557260643656889e-5
-1.4768690530115886e-5
-1.3998980257073608e-5
-1.3251676426531711e-5
-1.2557444116543756e-5
-1.1845526538416037e-5
-1.1173459020161353e-5
-1.0536791048213321e-5
-9.920404669948189e-6
-9.33389003803169e-6
-8.72934509351198e-6
-8.184753693735803e-6
-7.64707936584204e-6
-7.125354426004674e-6
-6.607533768262545e-6
-6.099067842963313e-6
-5.6281709571580675e-6
-5.165102836167919e-6
-4.701866804065571e-6
-4.234253188335508e-6
-3.768124995203298e-6
-3.322626076341523e-6
-2.8983516259168105e-6
-2.4618232856233938e-6
-2.0379639208132166e-6
-1.6268443420451369e-6
-1.2242445976461597e-6
-8.314240809320076e-7
-4.089756327500231e-7
0.0

# 0038_r0

0.0
-0.0008530039655848235
-0.0007568054101429099
-0.0006988671360799696
-0.0006566694107194414
-0.0006212973765432235
-0.0005894612877076922
-0.000559908844221699
-0.0005323900275919004
-0.000506924404785405
-0.000483166303157907
-0.00046057863207877816
-0.0004392206050244994
-0.00041867276816497394
-0.00039906505201170006
-0.00038033338812201825
-0.0003625921071511241
-0.00034579698839304395
-0.00032969458770675176
-0.00031422366279405686
-0.00029968085246080933
-0.00028578467255457917
-0.00027259302739909006
-0.00026000248193837246
-0.000248132766023735
-0.00023666831574226986
-0.0002254789651945731
-0.00021507399823555772
-0.00020499436678932074
-0.00019535394376369534
-0.00018626519751631336
-0.00017756925463884485
-0.00016935951816143203
-0.0001614937811149772
-0.00015387098256273608
-0.00014672622472811908
-0.00013979154925637677
-0.00013323618930381488
-0.0001270211352607089
-0.0001210702769004441
-0.00011532697112876996
-0.000110141911824545
-0.00010497090026226494
-0.00010003642570900845
-9.532426257732663e-5
-9.092772348257073e-5
-8.650729289988736e-5
-8.243980225739055e-5
-7.848759982728047e-5
-7.480511968816196e-5
-7.124410609957446e-5
-6.793948423112329e-5
-6.474889309651247e-5
-6.166025380723173e-5
-5.869049115171519e-5
-5.594394845159635e-5
-5.332514795299475e-5
-5.0796300112996343e-5
-4.841720108861243e-5
-4.617057702206678e-5
-4.392125323946954e-5
-4.183999772768524e-5
-3.9845218112292166e-5
-3.792156863250801e-5
-3.614134698950236e-5
-3.439367928959702e-5
-3.272916048484844e-5
-3.1135555371514916e-5
-2.9600259859618142e-5
-2.8182754895636495e-5
-2.6833136186775394e-5
-2.5529152773076913e-5
-2.4294253226786997e-5
-2.311325340765996e-5
-2.1922592992899418e-5
-2.0811852982620318e-5
-1.9733630634393067e-5
-1.870232055467693e-5
-1.7744359045882745e-5
-1.681276673837319e-5
-1.594742850821752e-5
-1.5113477711433007e-5
-1.4306994282702836e-5
-1.3547895798336334e-5
-1.2829776049618021e-5
-1.2169212687439053e-5
-1.1501776267370419e-5
-1.0864174570132434e-5
-1.028093213755339e-5
-9.676349685057391e-6
-9.089882948952209e-6
-8.536670204562443e-6
-8.005517597567844e-6
-7.491191115000617e-6
-7.003103429928226e-6
-6.544401815321818e-6
-6.070547499487548e-6
-5.632476727590874e-6
-5.195965835503078e-6
-4.763858715506106e-6
-4.352022244071057e-6
-3.941700112139194e-6
-3.5532990362695676e-6
-3.1938131349452966e-6
-2.8196962046280305e-6
-2.4612131966524198e-6
-2.0869890633837495e-6
-1.7293140104710366e-6
-1.3728716797149779e-6
-1.037658356616645e-6
-6.886634618250924e-7
-3.423148241542482e-7
0.0
