
# 0001_r0

1.3754292100496734
0.18456803984173145
0.0651182863999259
0.038090047299029595
0.029354176896261713
0.02545863409169772
0.023241432191277427
0.02173986111464404
0.020595539808624046
0.01965307556436231
0.018836775064377424
0.018103489200390014
0.017429007772898342
0.016799774564390385
0.016207438026068256
0.015644428406696022
0.015106682995083618
0.014592164600626843
0.014098484964950949
0.0136235661836392
0.013165879165786492
0.012725035770663497
0.012299073880363462
0.011887934021665507
0.011492103725454198
0.011110783636419671
0.010742627235030387
0.010387228892267028
0.010044154803278003
0.009712844252473716
0.009392605710359036
0.009083077523034538
0.008783547640862586
0.008493916146802566
0.00821372065943084
0.007943126374688997
0.007682086711287393
0.0074293670412093876
0.007184713085661086
0.006948051368793072
0.0067192439520164975
0.006498287261351598
0.006284968151032158
0.006078786221540072
0.005879503362224818
0.00568671375571621
0.005500214441785977
0.005320014131053612
0.005146395634014418
0.004978958287892082
0.00481732957707734
0.004661301203202688
0.004510561121390093
0.004365191271247184
0.004224665908312403
0.004088990225601788
0.003958059412752258
0.0038316791543284473
0.0037097857003000026
0.003592271632637019
0.0034790353417035575
0.003369851514250178
0.0032646952596196398
0.003163291927485433
0.0030655100897539894
0.0029711090476675127
0.002880236773576188
0.002792767231636087
0.002708427289230923
0.0026271656587953294
0.0025489700181472777
0.0024736969658453248
0.002401112806527083
0.0023312578842440658
0.0022642370448490074
0.0021997982892935823
0.0021378019881130544
0.0020782081651180132
0.002020995683009242
0.0019661592727598424
0.001913519839888437
0.001863097135888767
0.0018149453601576497
0.0017689600412653759
0.0017249563608849662
0.0016828750800994782
0.0016427066320155966
0.001604370011621553
0.001567881249856341
0.0015331983029989885
0.0015003304992089966
0.0014691957625351392
0.0014397223036528735
0.0014118906035631618
0.0013856272667927088
0.0013609253748491457
0.0013377562973681068
0.0013161552119100857
0.0012960889186772085
0.0012775020493282553
0.001260356307600661
0.0012445870737500685
0.0012302364889074245
0.001217345150583904
0.0012058561593020556
0.0011957546836327481
0.0011870259082664252
0.0011796056457311123
0.0011735555162361929
0.0011689129192491072
0.0011656092534720424
0.001163632691635219
0.0011629518369502074

# 0002_r0

1.3751969417110315
0.18432259716511842
0.06488178501529887
0.03785965577332544
0.02912953571092591
0.02524129150869034
0.023031565076893478
0.021542158946175675
0.020413067885524445
0.01948612220906896
0.018682644431525848
0.017961221601471736
0.017298053382705826
0.016679758785957
0.01609695074648498
0.01554456787005934
0.015018528247163017
0.014515379467933255
0.014032426600002897
0.013569065638927801
0.013123006192104115
0.012692099664232721
0.01227600361042279
0.011874475023353875
0.011486529072491976
0.011111751232751713
0.010748769695283886
0.010398336031702374
0.010059824137773763
0.009732889479304513
0.009416881736156213
0.009111440599837721
0.008815970754032953
0.008530116887837362
0.008252791113257737
0.007984789926675354
0.007725419764733252
0.007474427998570783
0.0072319405667108155
0.006997726803551879
0.006771006851409926
0.006551817640190645
0.006339921573946461
0.0061351654295752275
0.005936928281884304
0.005745289736706738
0.005559944286676785
0.005380579117725714
0.005207282987963351
0.005039932987277532
0.004878145276366182
0.004721839680787027
0.004570858995515921
0.004425239610828367
0.004284608287789183
0.004148759891547679
0.004017293069545915
0.003890315658662221
0.0037676738948189364
0.0036492434748420116
0.0035349989092993243
0.003424935525417246
0.003318672059108014
0.003216086794619641
0.0031171997657529174
0.0030218194491107436
0.002929827639868261
0.002841106827050617
0.0027557068559478028
0.002673542398510509
0.0025945053387167153
0.0025185207432704172
0.0024455039596940746
0.002375408894220092
0.0023080837466596177
0.0022433878136336734
0.0021812382018745334
0.002121523464621659
0.002064097883681355
0.0020089564913128447
0.0019559927885856128
0.0019052222783835476
0.0018565221189079805
0.0018097401755134256
0.0017650769953191832
0.001722367316657687
0.0016815301643626102
0.0016426382505485722
0.0016056368457571903
0.0015704196481740628
0.0015368746448134712
0.0015051195239688413
0.0014750339295905841
0.001446618393990839
0.0014198768496973887
0.001394729400614857
0.0013712458623531417
0.0013493610429799025
0.0013290000283364394
0.0013101501264682909
0.0012927346297199288
0.0012767940956691585
0.0012622802238611605
0.0012491560246101405
0.0012374324814690102
0.0012270896402865196
0.0012181547346995123
0.001210630389354501
0.0012045109909788116
0.0011997174618768162
0.0011962746567082132
0.0011941989419715915
0.0011935073397689804

# 0003_r0

1.3755434411592689
0.1846664068622701
0.06521270911923986
0.03818310329870315
0.029447210266978184
0.025553362503066
0.023338122668827448
0.021840046373407748
0.020700122643063288
0.01976110685139406
0.01894514628047464
0.018211601761020678
0.017537246267788575
0.016908717177499675
0.016316150646364637
0.015753562058065957
0.015216673881380245
0.014702772742966344
0.014210234847019332
0.013736710563455993
0.013280643277128249
0.012840041636118479
0.012414335516186578
0.012003989751562971
0.011607927785943354
0.011225677060050383
0.010857204244611179
0.010501647102785294
0.010157937843259803
0.00982521859517918
0.009503303940411326
0.009192036644876084
0.008891513353223643
0.008601404805678153
0.008321102463159763
0.00805032281556564
0.007788607257286947
0.007535727821335118
0.007291296484191885
0.007055043270006078
0.006826920094166063
0.006606454560760916
0.006392942815669315
0.006186297287330618
0.005986710354254981
0.005793695279589395
0.005607431657820209
0.005427638483792269
0.005254215654486971
0.005086491710031372
0.004924244083283671
0.004767263414736941
0.004615455127315391
0.004468598543573564
0.004326826676494573
0.004189809194190237
0.004057409047242016
0.003929294779958157
0.0038055043847405245
0.00368605590502214
0.0035710212383750603
0.0034600814078234858
0.0033529238027115355
0.0032496408485020055
0.003150161655994909
0.003054286094115517
0.0029620246725493523
0.0028729775805976855
0.002787283506434931
0.002704684197546787
0.0026250838560953594
0.0025481687835316132
0.0024739659939068577
0.0024024521691211405
0.0023337950489330907
0.0022679021107650027
0.0022046580996687524
0.002143981925573468
0.0020858531736952127
0.0020300116522713953
0.001976455047155026
0.0019250321579153248
0.001875687280526035
0.0018283720671731939
0.0017830779753918848
0.0017397610592039794
0.0016983725280284659
0.0016588822095283948
0.0016213293125629756
0.0015856648340609812
0.0015519042468379075
0.0015199071152821309
0.0014896196017807166
0.0014610436210163106
0.0014341574844273024
0.0014089758320625543
0.0013854543883200052
0.0013634980984938963
0.0013430272689572494
0.0013240662958666739
0.0013065968273225505
0.0012905506139462772
0.0012758949389426251
0.0012626364773841985
0.001250785885797242
0.0012403955658746514
0.0012313680723981366
0.001223706525931199
0.0012174466277630625
0.0012125879887301568
0.0012091419955856935
0.001207094399534809
0.0012064017521564408

# 0004_r0

1.3754214871049835
0.18459029436081767
0.06515592053326057
0.038134194611496856
0.029402154345345346
0.025508380855918427
0.023291638959670614
0.021793853397870173
0.020654143545948363
0.019715685847728655
0.01890130681813092
0.018169177993896744
0.017495623821797972
0.016867192579327145
0.016274864867821977
0.015712845035022727
0.01517728706456414
0.014664921389332173
0.01417248879962096
0.013697826586606647
0.013240855671626669
0.012800223639470787
0.012374618386365555
0.011963761850754767
0.011567602626776674
0.01118532658145972
0.010816571810269566
0.010460130802822556
0.01011530206484501
0.009782338346778626
0.00946043221467943
0.009149904736466341
0.008850049273341803
0.008560097103521772
0.008280058232215051
0.008009120326732027
0.00774717781553107
0.00749479218088127
0.007250923694583545
0.007015130599376189
0.006787659910326845
0.006567862103949261
0.006355377851094545
0.006149612580807385
0.005950630769168959
0.005758358845964762
0.005572741162821656
0.005393311065494029
0.005219842319233138
0.005052077024672829
0.004889723446636328
0.004732764980730215
0.004581014310778884
0.004434167719026128
0.004292354137896561
0.004155632932946762
0.004023803007003112
0.0038968044522957753
0.003774507243856975
0.003656473506673922
0.0035426105752394874
0.0034326353903589056
0.0033264539698986055
0.0032240010107415546
0.003125081125275668
0.003029763730266685
0.0029380060628360206
0.0028496175512962817
0.0027643243608424886
0.002682139195084951
0.002603137324606136
0.002527073657444052
0.002453906973244767
0.002383566389901468
0.002315901644126693
0.0022509109086623997
0.0021885205310089462
0.002128634431384873
0.00207112720241496
0.0020159296396258524
0.001963053395565734
0.001912379726045451
0.0018638110638141085
0.0018173379480154335
0.0017728217046174036
0.0017302574334204944
0.0016896735013591057
0.0016509522478011594
0.0016140361843028303
0.0015788614163425587
0.0015453811166724885
0.0015136233176474918
0.0014836561843486658
0.0014552839752794515
0.0014285216780764323
0.0014032821898128114
0.0013796122806183687
0.0013575849315162563
0.001337118528216554
0.0013181880200530411
0.0013007360695209218
0.0012846940345072715
0.0012700792651672197
0.0012568902871452551
0.0012451686176604482
0.0012348187217371843
0.0012258946812344269
0.0012183501975864023
0.0012121728645641437
0.0012073587192591505
0.001203938938781395
0.0012019331774939287
0.0012012857295389382

# 0005_r0

1.3750836999252818
0.1841177719725879
0.06467627516831206
0.03765825733667061
0.028934030972316015
0.025049861369506394
0.022841720756311745
0.021351365144998635
0.020219871320540903
0.01928949121440075
0.018484203419332167
0.017761070645243286
0.017097148816500502
0.016477848947840688
0.015893796887135152
0.015339239626186722
0.014811931726018785
0.01430848418664367
0.013826102186242143
0.013362430671938983
0.012917258394577124
0.012488412663542168
0.01207524009564853
0.011676786152230513
0.011292784700054992
0.010922804888025158
0.010565549475529038
0.010220328554678648
0.009887035683414673
0.00956473652678679
0.009253589466460172
0.008952717817556815
0.008661561951079543
0.008379964152118096
0.008107741980598283
0.007844813199923601
0.007590798064108221
0.007345295991993265
0.007108003674063802
0.006878750493422954
0.006657162842005945
0.0064428386568600995
0.006235808341965732
0.006035825927365135
0.005842674874627207
0.005655997355766912
0.0054759192371388625
0.0053021901856043704
0.005134431918078741
0.004972233172496885
0.004815073826268556
0.004663061357912772
0.004516144294547749
0.004374039248454846
0.004236634742692569
0.00410382956101414
0.003975499194743868
0.003851458991360967
0.003731571219678831
0.0036156131816858536
0.003503809641972833
0.003396228121907949
0.0032923644867564918
0.0031920253242626257
0.00309502588127753
0.0030014147325386873
0.002911316844323081
0.002824626194144639
0.0027411804523446983
0.0026608805655252516
0.0025835257736371068
0.0025089697724329234
0.0024372162139340617
0.0023681731715396314
0.0023016155930225164
0.002237565521073975
0.0021760174824686186
0.002116935237070195
0.0020601930996568085
0.0020056083519277715
0.0019532270621812203
0.0019031302431159424
0.0018551378819820854
0.0018091676832976856
0.0017652027142568503
0.001723089896260516
0.0016828531755299673
0.0016444565328155461
0.0016079180761525826
0.0015731166956716965
0.0015400565191415053
0.0015086814717168114
0.0014790027781665654
0.0014509327261910594
0.0014244340306885793
0.0013995451999301509
0.0013762725819533484
0.0013545225484734038
0.0013343082933632254
0.0013156285373345205
0.0012984143239349315
0.001282613689459561
0.0012682353328356559
0.0012552972580181009
0.0012437674029427688
0.0012336188239606462
0.0012248876522087206
0.001217589443048936
0.001211582479537237
0.0012069619243359217
0.0012036705206929855
0.0012017585853595655
0.0012011472928547384

# 0006_r0

1.3752859419187122
0.18440858088773188
0.06496407678731875
0.03794290546976437
0.02921183009611878
0.02532244686462749
0.023111452276986
0.021615804898414255
0.02047893097701816
0.01954449076782364
0.018734989114823686
0.018008357599060727
0.01734022551731523
0.016716544740838793
0.016128796576762795
0.015570890081669092
0.015038865870140309
0.014528614860094203
0.014038408106323019
0.013567358459185747
0.013113506524229485
0.012675706650890997
0.012253393714669283
0.01184530739445487
0.011451614576607334
0.011071691411916182
0.010705366037210815
0.010352242941968114
0.01001173983369211
0.009682652724970089
0.009364438407731948
0.009056693342223244
0.008759297153954635
0.008471893937131636
0.00819381817531754
0.00792463915201237
0.0076646069086274676
0.007413364333965653
0.007170086491466858
0.006935074722746887
0.006707967548192287
0.006489300917151618
0.006278701431315307
0.00607537051529296
0.005878943269890811
0.005689085677137827
0.005506154034890513
0.005329442064673029
0.0051590720647523005
0.004994788622225833
0.004836121624637666
0.004682743853940169
0.004534345848293853
0.00439071716779974
0.004251592049654258
0.004117451820778508
0.0039879751461870975
0.0038629162294550263
0.003742062795459674
0.0036252250707688965
0.0035125500693313763
0.003404349304593307
0.0033002532732456465
0.0031997551407614293
0.003102902548798585
0.003009468933208325
0.002919412326127944
0.0028327749083267503
0.0027491046500712725
0.0026683794223318932
0.002590559297735817
0.002515674584969759
0.002443391277845166
0.0023736983195365366
0.002306610305558066
0.0022421858371690774
0.002180381576769308
0.0021210065179543035
0.002063895603423021
0.0020091116297860315
0.001956553746382105
0.0019060777877795434
0.00185771862153319
0.0018114449654112153
0.0017671315518695673
0.0017247218043712083
0.0016842018753926223
0.001645563808327952
0.0016087703189121218
0.0015737561461872287
0.0015406222153848217
0.001509339423755171
0.0014797672285593213
0.0014518346198439198
0.0014255513836578938
0.0014008608445721961
0.0013777217320284651
0.0013561918012553644
0.001336176066860663
0.001317643313870945
0.0013006044720387524
0.0012850270021667065
0.0012707804302733547
0.0012578417437630707
0.0012463172161988351
0.0012361534848549008
0.001227344240497914
0.001219883686544867
0.0012138121597246175
0.0012091145696336235
0.0012057588724742891
0.0012037551989927265
0.0012030714584983714

# 0007_r0

1.3753277387556897
0.18437426023945527
0.06492827420421646
0.03791048604756653
0.029187636459376783
0.025306258548981046
0.023102597316883567
0.021616034606029226
0.020487752330826264
0.019559161570377567
0.018753978037188878
0.018031596628867684
0.01736786038062987
0.016747748731498452
0.016161949753649908
0.01560517887888819
0.015073576431103007
0.014564115040851661
0.014074863275622079
0.013603594776226288
0.01314825703751948
0.012709210425610932
0.012285579088186982
0.011876469868089488
0.011481274007560717
0.011099513012554671
0.010731456142549998
0.010376643910746455
0.01003432765716063
0.009703832037359873
0.009385165924781435
0.009078202693466651
0.008782018341118874
0.008496441570867755
0.008220659519505052
0.007953693819099094
0.007695309255077174
0.0074458999412305394
0.007204491734954086
0.006970812031003034
0.006744759332951098
0.006526189387684655
0.006315058039570344
0.006111328120804816
0.005914597054274541
0.005724405823249038
0.00554031177390934
0.00536231515032475
0.005190287228321897
0.005024158569136516
0.004863976379484035
0.004709326673323006
0.004559942424701444
0.0044156847623624184
0.004276245268064351
0.004141522871109629
0.004011312495560823
0.003885452619628641
0.0037639253120281624
0.003646847639595679
0.003534006538648867
0.003425220949933798
0.003320212948817799
0.003218760076559011
0.0031209610583441613
0.003026733814410748
0.0029359256735344594
0.002848359801980521
0.002764124933369525
0.002683062730022255
0.0026051362379347597
0.0025301251689712517
0.0024578262796516237
0.002388239806923946
0.0023213599295019293
0.0022570783804915914
0.0021951991142556333
0.002135712462101992
0.0020785815673182136
0.002023766945361052
0.0019711631396865797
0.0019207360867711193
0.0018723818422508192
0.001825992351635039
0.0017816660875587284
0.0017393227680054986
0.0016988639758880333
0.0016603018074983975
0.0016235868858971308
0.0015886709520547206
0.0015555003116823184
0.001523946042467429
0.0014939745579390614
0.001465602102236927
0.0014388473404427684
0.0014136845226643683
0.001390156671929815
0.0013682269097673768
0.0013478566871202263
0.0013290043159468834
0.0013116326549679643
0.0012957892875806616
0.0012815023899531066
0.0012686719030017082
0.0012571859703600593
0.001247089853777007
0.0012383725962123895
0.001231004414506623
0.0012249854046754486
0.0012203189398392379
0.0012170492822356003
0.0012150955338522662
0.0012144441539420603

# 0008_r0

1.3753490466668612
0.18448305954981306
0.06503087902783015
0.03799895333955091
0.029257603909066458
0.025359104779391854
0.02314103280287777
0.021642045240633078
0.02050234680698385
0.019564234171447627
0.018750866760367697
0.01802008116643347
0.01734849762411747
0.016721036017252933
0.01612852345199449
0.01556564841760143
0.015027724566118072
0.014512255830687422
0.014017575917591675
0.013540869419012178
0.013081355615066625
0.01263841098533818
0.012210897442002124
0.011798508342518667
0.011400745755139009
0.011017212147975708
0.010647282443445483
0.010290485725974938
0.009945866528185379
0.009613097943359083
0.009292257565137258
0.008983349643517389
0.008685638402300574
0.008398283559335735
0.008120729135216736
0.007852880551576302
0.007593941698524653
0.007343652980551972
0.007101747581543578
0.006867996840091673
0.0066424649101107765
0.006424384378932966
0.006213445947052416
0.00601005429544368
0.005813547773330466
0.00562363677825875
0.00544038574343845
0.005263316544752038
0.005092139531103142
0.004926926149166902
0.004767606152995144
0.004613558730258793
0.004464669715634263
0.004321171214727338
0.004182606631560426
0.0040487136562716705
0.003919425006820481
0.0037946701414721703
0.003674321164749166
0.0035580952160746753
0.003445987847597832
0.003337921029430536
0.0032338281092146484
0.003133642899839628
0.003036878897984167
0.0029436945526077137
0.0028540352499005508
0.0027677316670332926
0.0026845659480817874
0.002604450546620704
0.002527184457204447
0.0024527456052698257
0.002381182971534473
0.002312507345328763
0.0022466621017132303
0.0021833709111228924
0.0021225233686607754
0.002064065066337701
0.002007897723392945
0.0019539779931408057
0.001902175219094727
0.0018524065703918596
0.0018047682268677839
0.0017590927906409976
0.0017153677138071499
0.0016735273173847755
0.0016335665726757115
0.0015954461554205034
0.0015591393850329558
0.0015245464936236958
0.001491716146947553
0.001460662229763787
0.0014313267958059857
0.0014036161237021868
0.0013774444851836144
0.001352867001529189
0.0013298993322089956
0.0013084650133080872
0.0012885340277750503
0.0012701234353398598
0.0012531866446412428
0.0012376915748424872
0.0012236432145520321
0.0012109675510552922
0.0011996551979522939
0.0011896988421145427
0.0011810703228663977
0.0011737415077784535
0.0011677466536985383
0.0011630106703122613
0.0011595776392753982
0.0011574841652092318
0.00115678306236085

# 0009_r0

1.3753773809074736
0.1844447060591743
0.06498517893072579
0.03795198925869626
0.029213167195599566
0.02531672698486468
0.023097568817411977
0.021595461388359386
0.02045261018757142
0.019511705387753365
0.018693214718056315
0.017956507824194775
0.01727861213815465
0.016645913709926314
0.016049597464213677
0.015484736468085888
0.014946271441858163
0.014431224419866145
0.013937308235001682
0.013462197293458713
0.013005289636898757
0.012564954882982699
0.012141459605719463
0.011733308768687015
0.011339319924734678
0.010959081089004457
0.010591289264558736
0.010236679409956368
0.009895255433563451
0.00956567775990763
0.009246647062912464
0.008938498949464949
0.008641402703898154
0.008354600800719083
0.00807744199181873
0.007809669347663767
0.007550776650876195
0.007300489226001216
0.007058362047523814
0.006824456389175439
0.006598584642219212
0.00638049082405302
0.0061699123026343625
0.005966837517762525
0.005770872645582808
0.005581820953090876
0.005399483929344195
0.00522337771151495
0.005053493978213113
0.004889512350441812
0.004731107461702144
0.004577923992666139
0.004429909057341251
0.004287043051758053
0.004148887653656064
0.00401551104696699
0.0038868710577915845
0.003763012665206749
0.003643542637723787
0.0035283076801132683
0.0034170198743759908
0.0033093903373394404
0.003205536275762371
0.0031055998364334756
0.003009378441876168
0.002916708015695606
0.0028273684277296688
0.0027413775272483428
0.0026585694843674333
0.0025787725926307366
0.002501879766734049
0.0024278830013500473
0.0023567555846105838
0.0022883903616785603
0.002222720563748204
0.002159530906245684
0.002098741154996442
0.0020403442472268734
0.0019843250803880863
0.0019306375361946607
0.0018791833837040596
0.0018298356408464834
0.001782611276929049
0.0017374453153582842
0.0016942944567923507
0.0016530497246678485
0.0016136975962750407
0.0015762646632034457
0.0015405830629802058
0.0015066909238217322
0.0014744904918967557
0.0014439253530324505
0.0014149929533644019
0.0013877580227864266
0.0013621724497732668
0.0013381537704303553
0.0013157113697322162
0.0012948162882843585
0.001275413038907392
0.0012573897748660134
0.0012407643583769712
0.0012255704275093992
0.001211756865846178
0.0011992607854872678
0.0011881220071015333
0.001178301762167855
0.0011697345748302465
0.001162490654459682
0.0011566095735935232
0.001152046556853383
0.0011488166715961892
0.001146878905895121
0.0011462444703604902

# 0010_r0

1.375457053371613
0.18456514337240892
0.06512155076009087
0.03809613146784645
0.029361729804903116
0.02546680410533966
0.023248685225031755
0.02174770725108065
0.020603922756434186
0.019661156243243584
0.018844109138005265
0.01811173507827129
0.017440703832291557
0.016815221238437712
0.016225492991768762
0.015665226322557298
0.015129140607710414
0.014615236960944465
0.01412193903008979
0.013647036781465243
0.013189383057794577
0.012748608078437583
0.012323288428660272
0.011912651550755016
0.011516074255279101
0.011134251345091719
0.01076574285409605
0.010409958450715354
0.010066389021671915
0.00973492228646337
0.009414937189726112
0.009105984664347708
0.00880746999974825
0.008518607569413408
0.0082394249803247
0.007969826619726478
0.0077094813089218835
0.007457805388295877
0.007214625997525192
0.006979962246602807
0.006752894379945113
0.0065332782978459085
0.006321003140808518
0.006115954951415315
0.005917970199566346
0.005727021267104226
0.005542345995997982
0.0053636354038445935
0.005191009124874831
0.005024071814476373
0.004862668166736468
0.004706468428865501
0.0045556409092478685
0.00440980506240482
0.004268826821978628
0.004132683941697295
0.004001196493625887
0.0038744240227505515
0.003752098251920645
0.003634008708975101
0.003520148414206141
0.0034102698678243784
0.0033042137598717205
0.003201828702792279
0.0031028947516141317
0.0030073345676543293
0.00291519504428606
0.0028264111749380927
0.002740968422050783
0.00265872527434887
0.002579546856849347
0.0025033841551075665
0.002430154084173331
0.0023597658499160774
0.0022920568850061844
0.00222680276896798
0.0021639926952471225
0.0021036593873429003
0.002045737420957789
0.0019902231144972504
0.0019370503683249858
0.0018861987656546256
0.0018376257367436635
0.0017910820696271036
0.001746443039138608
0.001703812308305682
0.001663296641148825
0.0016247093202748804
0.0015879867482948967
0.0015530469843671132
0.0015197963087247941
0.0014882482764463248
0.0014584712645491769
0.0014304178094409355
0.0014040246680715556
0.0013793145592224157
0.001356196739044987
0.0013345508843083493
0.0013143545493505232
0.0012956833542999385
0.0012785890502725068
0.0012629894762833176
0.0012488992147004737
0.0012361759372028678
0.0012248281452133184
0.0012148915586505855
0.0012063028505896873
0.0011991127603873282
0.0011932056148753465
0.0011886265941039207
0.0011853456655007229
0.0011833582749485507
0.001182680454866752

# 0011_r0

1.3755406339495733
0.1846904783029726
0.0652435019500539
0.038215976303286596
0.02947956741293708
0.02558342464357766
0.023364963086704656
0.021863978382565243
0.02071911545766092
0.019774402097385325
0.01895262783408824
0.01821398012261377
0.01753512165700692
0.016901347603607845
0.016304579829016733
0.015738172660534518
0.015198941628870827
0.014682953586647658
0.014188604713206229
0.013714009326866995
0.013257434159544246
0.012817293453793356
0.012392570705813025
0.011982513155400195
0.011586262201659734
0.011203121982165925
0.010833663356719522
0.010477633850430903
0.010133648018348023
0.009801170754276866
0.009480195061982444
0.00916980428538042
0.008869776031675233
0.008579813109132263
0.008299273812556058
0.008028138967865145
0.007766336394031201
0.007513148767273478
0.007268222014637329
0.00703145804177384
0.0068025932028795725
0.006580951592549504
0.006366809358916604
0.006159585018085474
0.005959384053441072
0.005765868207974101
0.0055791651290292964
0.005398716014244201
0.0052244758409175215
0.005056477049086734
0.004894248992076554
0.00473767361080697
0.0045864266114564525
0.004440603220642967
0.004299986714216172
0.004164008703046044
0.004032585628591196
0.0039059668293227284
0.003783801519177649
0.003665949826503635
0.003552325792469206
0.003442822026734616
0.003337377754398553
0.0032355553191373916
0.003137254605243786
0.0030423013897224946
0.002950516806113411
0.002861963100846685
0.002776468774210865
0.002693881164022936
0.0026141962492516944
0.0025374276384239535
0.0024635012807149017
0.002392414075269468
0.0023239712294704624
0.002258057544412324
0.0021948500206811538
0.0021342489797545917
0.002076081229666032
0.002020297321354932
0.001966826181615095
0.001915650993709954
0.0018665935578477649
0.0018197119067297706
0.001774892299123056
0.0017321150456898662
0.0016911799460281845
0.0016521722966190582
0.0016151194084089212
0.0015797924449311835
0.0015462253700878948
0.0015143524538343816
0.0014843311859015842
0.0014559469385356588
0.0014291495446776387
0.0014040081883282334
0.0013804102807790744
0.001358332600362526
0.0013377794898104256
0.0013186860170409695
0.0013010580481999988
0.001284897418010127
0.001270217844596981
0.0012569690521744958
0.0012451350253647796
0.001234738389128112
0.0012257589392035476
0.0012182013792904904
0.0012120436666971937
0.0012072269042004296
0.0012038006272091068
0.0012017722074521107
0.0012011090999618974

# 0012_r0

1.3757361711457337
0.18477618412489374
0.06532440905895258
0.038296097574707345
0.029559358855218994
0.02566185602091024
0.023442069222301
0.021939634142313317
0.02079520681191438
0.019852485756729304
0.01903302192717119
0.018297425260740106
0.01762007383437891
0.01698617936486578
0.01638764688235601
0.015820177154529092
0.015278568115176508
0.014759960600583375
0.014262321809736718
0.013784236954962654
0.013323937938828759
0.012880196528860136
0.012451328907091132
0.01203741242732848
0.011638726064422589
0.011254185429715001
0.010883072662349585
0.010524432606112712
0.010177093024131985
0.009841295851121094
0.009516771592476065
0.009203550860794036
0.008901289303993289
0.008609348809061905
0.008327421732770445
0.008054770681396446
0.007791276060404831
0.007537057214471432
0.007291353779154254
0.007053761938703036
0.006823679180360148
0.006600622610606892
0.006384733246669653
0.006176004843876473
0.005974612013206529
0.005780622522205236
0.005593426717312519
0.005412272037705815
0.0052370661571865896
0.005067936209448664
0.0049045845957458424
0.004746724853123387
0.004594277230050706
0.004446955711590759
0.004304381678048997
0.004166694392921961
0.00403422248310029
0.0039067302851105035
0.0037837745257019296
0.0036651341037785045
0.003550770708995727
0.003440543891267846
0.003334215645919333
0.003231683946648097
0.0031327945278854974
0.0030375649074336907
0.0029460052442915343
0.002857920123842605
0.00277285840906448
0.002690744666504115
0.0026117290227727938
0.00253576997246181
0.002462804732749743
0.0023926340715803526
0.0023250561037392015
0.0022601027710351233
0.002197709264034189
0.002137760299626506
0.0020802563405911026
0.0020249655823683524
0.0019719268786879194
0.0019211208448222578
0.0018723969093854223
0.0018257718128729858
0.0017812185351227861
0.0017386843738059112
0.0016980891104132752
0.0016593529348002806
0.0016225169508468657
0.0015874595903913812
0.00155414643327312
0.0015226331003140427
0.0014929162865153242
0.001464945792191635
0.0014387346749216343
0.0014141680145266175
0.0013912403924574805
0.0013698878583114638
0.0013500135380505234
0.0013315867405989644
0.0013145723060038071
0.0012989689113069361
0.0012848009221517204
0.001271988258414175
0.0012606051261583198
0.0012506246005642917
0.001242003137364095
0.001234685407207815
0.001228663676084995
0.001224003392888012
0.0012207046720916568
0.0012187122229290978
0.0012180796987090842

# 0013_r0

1.376062627137056
0.18510169915244748
0.06564004338848838
0.038602123260631394
0.02985712675995584
0.0259532761897514
0.023727486986618102
0.02221861225811592
0.021067914817904158
0.020116337775676334
0.019286323045152338
0.01853792821218197
0.017848102588113316
0.017204449816682874
0.016596819979681234
0.01601990301704983
0.01546978530995795
0.014943225391900974
0.014437907063796001
0.013952339437717997
0.013485582395661666
0.013036157034767085
0.012602787883420482
0.01218502956769056
0.011781568234042734
0.011391430828560168
0.011014126012203829
0.010649208107051136
0.010296207661929046
0.009955164764895734
0.00962554812447135
0.00930737527545777
0.008999771088787925
0.008702624674978888
0.008415784382771388
0.008138228369653536
0.007870048450672504
0.007611201556844762
0.007361031708952005
0.007118946520081852
0.0068848170647313
0.006658895396085279
0.00644058977638927
0.006229417399691273
0.006025411357745421
0.005828162637165403
0.005637566275068479
0.0054534438274711355
0.005275739349420784
0.0051040227333275555
0.004938013957219586
0.004777867840459122
0.004623428432426691
0.004474525644102197
0.0043309753266838015
0.004192829266191486
0.0040597267659070865
0.003931449915187629
0.0038077711785811826
0.0036882554810536835
0.0035729432929449342
0.0034616976196266266
0.0033543267850093096
0.0032507397872624396
0.003150785291034369
0.003054221166182376
0.0029610881585463195
0.00287122586585689
0.0027843275288544876
0.002700371883989585
0.002619411550933944
0.0025413425932388337
0.0024663250373289404
0.0023942102758026454
0.002324856896589392
0.0022582018625344562
0.0021942143944620827
0.002132770427705715
0.002073774445479284
0.0020171643045911983
0.001962869925221519
0.001910787317034658
0.001860957451564158
0.0018132910470875893
0.0017677223939428965
0.0017241975843559818
0.001682699339032558
0.0016431977566737554
0.0016055785801146127
0.0015698951692421199
0.001536046528949009
0.001503973486650427
0.0014736497941000137
0.0014450280154001253
0.0014180699687529664
0.0013927780330131932
0.0013690688902099411
0.0013469190618780626
0.0013263739230522556
0.0013073877065180929
0.0012898400572936473
0.00127376277157694
0.001259149813393165
0.0012459948408561597
0.0012342273123441623
0.0012238068692870525
0.0012147835942968655
0.0012071844665088177
0.0012009670129909072
0.0011961249308293823
0.001192703104595905
0.0011906036248989292
0.0011898989027430405

# 0014_r0

1.3752289432227351
0.18433776656866577
0.06489738677910499
0.03786960715317992
0.02913218896912772
0.025237777191454237
0.02302419237227969
0.021531025656778866
0.020395335344597285
0.019459760191403618
0.018647895033278048
0.017918829496972568
0.017250021840099834
0.016627117735394863
0.016040286918596373
0.015482635354633187
0.014950611712162503
0.014441910786742769
0.013953648636006224
0.013483913482081023
0.01303164663827546
0.012595941072222288
0.012175037683257934
0.0117686057657873
0.01137647201393586
0.0109977776954186
0.010632538428534701
0.010280365147900558
0.009939836777588478
0.00961091945070262
0.009293538789746971
0.00898721730226264
0.008690862716238843
0.008404418170562564
0.008127697661871706
0.00786025903155017
0.007601914187288549
0.007352251394837075
0.0071110865710348825
0.006877579321136157
0.006651480558052511
0.0064333082574968
0.00622215581514889
0.006018266691644859
0.005821770651488483
0.005631910302460528
0.005448671734378345
0.005271580551200091
0.005100887157804211
0.004936204569327375
0.00477751274176745
0.004623986843843053
0.004475641337253872
0.004332404054532319
0.004194201412378143
0.004060473665611111
0.003931252231570661
0.0038064360278138717
0.00368594005347776
0.0035696339314583796
0.0034573413830177673
0.003349019708418629
0.003244667092834662
0.0031442941947181086
0.003047451291302297
0.002953888720848387
0.0028635687065173042
0.0027766676888411833
0.002693149130085551
0.002612908967806611
0.002535612415322145
0.002461243362599512
0.0023897412114864554
0.0023212105845001993
0.00225538685734942
0.0021921287058816598
0.0021313892386591797
0.0020730180923358237
0.0020169067245384815
0.0019629967089522995
0.0019112211585896831
0.0018614684516542127
0.0018137628167872691
0.001768015365111108
0.0017241597359378975
0.001682212625815417
0.001642181073536098
0.0016039533975946514
0.0015675912563540074
0.001533045577446651
0.0015002646259112743
0.0014692509889771986
0.001439955637599222
0.001412310898995957
0.0013862688655800078
0.0013617938754413048
0.0013388610893618346
0.0013174179094852345
0.0012974863352479846
0.0012789761968562165
0.0012619336825388902
0.0012464062340634655
0.0012322682795513982
0.001219457703666649
0.001207995398051538
0.0011979550125175882
0.0011892603767725874
0.001181939442938304
0.0011760473798888738
0.0011714843703383158
0.0011681847926535967
0.001166161785985425
0.001165437340452219

# 0015_r0

1.3752483816940633
0.18441329865970918
0.06496458959662377
0.037938040076814936
0.029206347650213963
0.025317764733068755
0.023110131562805614
0.021621483923014627
0.020491587381501662
0.019561542125194096
0.018753609684315303
0.01802706933072215
0.01735829267045225
0.016733072622291296
0.016143914208114053
0.015586226985840263
0.015055067284025775
0.014546192542675255
0.014057125721827834
0.013585470774303372
0.013130495430935831
0.012691400906803403
0.012267987810352477
0.01185954485084266
0.01146458423998252
0.011082976125296535
0.010714737995231585
0.010358866986488547
0.010014907587294982
0.009682865289038839
0.009362200275790421
0.0090525879160733
0.008753053794390701
0.00846342509616402
0.008183525241397056
0.007913364323704071
0.007653013130997603
0.007402013900699213
0.007159601481839198
0.006924997028920627
0.006698157521531331
0.00647903786124187
0.006267615212476466
0.006063858738554756
0.005866792424034208
0.005676240264862686
0.005492280613778887
0.005314451412799183
0.005142539658695273
0.004976330723431308
0.004815921719117452
0.004661246398345992
0.004511889372393719
0.004367746220605888
0.004228312765528673
0.004093433904857042
0.00396312225733793
0.0038371384132544996
0.0037155835746674275
0.0035981966634703573
0.003484874847527284
0.0033755466534493997
0.0032701995802915666
0.003168724105322057
0.003070915778905517
0.0029764748793893563
0.002885391241066288
0.0027975762646111797
0.0027130270945213983
0.0026316346331526712
0.0025531011286382905
0.0024776243404251333
0.0024050650581792575
0.0023352819235200315
0.002268192236712175
0.0022036920107143653
0.0021416563981105185
0.0020820777431269084
0.0020248541102636545
0.001969739887042732
0.0019166851851386978
0.0018659102401984093
0.001817313671500638
0.0017708327038437656
0.0017263639860111049
0.001683926490868312
0.0016434820584656264
0.0016048932737404576
0.0015680735950433441
0.0015330194469224847
0.0014997715123432859
0.0014682581347830064
0.001438404702232982
0.001410235527422089
0.0013837340670955786
0.00135884725686893
0.001335491630954646
0.001313746011988966
0.0012935953325395589
0.0012749171561445842
0.0012577478088845629
0.0012419915178813602
0.001227688300772887
0.00121475407296634
0.0012031878775362306
0.0011930605175498187
0.0011843018392304235
0.0011769622447124792
0.0011710268052285875
0.0011664622004194274
0.0011632643613312848
0.0011613601697980564
0.0011607318178861027

# 0016_r0

1.3758808392238921
0.18487656897403687
0.06540990717727725
0.03837369184670183
0.029634161863079368
0.02573947962052475
0.02352276347582289
0.02202284739945037
0.02087935521826853
0.019935452293142166
0.01911578649968087
0.018378380553097613
0.01769983640102753
0.017066054326133506
0.016468494664488006
0.015900708111247077
0.015359167487853655
0.014841023261867007
0.014343987958910622
0.013865693099705412
0.013404889793556824
0.012960246414034668
0.012530761382764674
0.01211655341465841
0.011716623866879347
0.011330254396338788
0.01095654530638526
0.010595010846499829
0.01024571006055355
0.009908565735419348
0.009582404611445558
0.009266425762736799
0.008960696059224033
0.008665238118380207
0.008379546310182366
0.008103440547826966
0.007836082564992762
0.007577259069098652
0.007327314401425577
0.0070854744400460756
0.006851804352396081
0.006626201909049246
0.006408787434374413
0.006198695661648393
0.005995574344800842
0.005799232431666412
0.005609414946200832
0.005426251003259532
0.005249122631390763
0.005077750494037974
0.004912385305923029
0.004753006762413768
0.004599262712403441
0.004451145188960273
0.004308231805248858
0.004170034268345959
0.004036479785529679
0.003907475436754298
0.003782771704863326
0.0036623800425020178
0.0035462663618452254
0.0034342269564444005
0.0033262860984828242
0.0032222229472817195
0.0031218675876947583
0.00302526360307364
0.0029321939805686385
0.002842518862255607
0.0027560386948128138
0.0026728201846086892
0.002592638998791406
0.0025154419222388025
0.002441078366313398
0.0023693885793872617
0.0023003636695133585
0.0022340292214074625
0.0021704387862780164
0.00210931012386899
0.002050623562864908
0.0019942465514300113
0.0019402328230671893
0.0018884969153661402
0.0018389175301386576
0.0017915157122763957
0.0017463059356323978
0.001703029578649441
0.0016617368556478625
0.0016223861003320619
0.0015849971877475414
0.0015494251743174787
0.0015156525676636578
0.0014836774793026617
0.001453437907881457
0.0014248983807307982
0.0013979633760394915
0.0013726905735452937
0.001348990646126643
0.0013268444184930824
0.0013061993742596
0.0012871304437633065
0.0012696223591349717
0.001253626465273871
0.0012390605556737364
0.001226012967031475
0.0012143815888071108
0.0012041071201498148
0.0011951834503437365
0.0011876241030564691
0.001181446460477272
0.001176677995447458
0.0011733137349173603
0.0011713299492981488
0.0011706730283054143

# 0017_r0

1.375614288234419
0.1847294768583249
0.06527416817822411
0.038237353745754835
0.029492497390009996
0.025591441554299942
0.02337054460501951
0.0218671217279384
0.02072241932696591
0.01977849852938578
0.01895855923416221
0.01822176453334279
0.017543843153142714
0.01691033254560566
0.01631281941301021
0.01574535570178081
0.015204584827684902
0.014688330519300378
0.014193912459056853
0.013718169488202644
0.013258977441723663
0.012815061678619509
0.012386756807992963
0.011973018522728241
0.01157286920378053
0.011185738686152791
0.010811671268062222
0.010451210224989477
0.010103617406099316
0.009767420478391018
0.009442934076895152
0.009129606233584164
0.008826168811066211
0.008532957746263834
0.008250142908098997
0.007977315401565264
0.007713508528425098
0.007458552584023895
0.00721256623470493
0.006974455403789096
0.006743591930198406
0.00652056828712292
0.006305099396847669
0.006097110251551069
0.005896097221028836
0.005701877946119782
0.005514346794288804
0.005333500899299659
0.00515895162513084
0.004990577449212003
0.004828169103468938
0.00467120813195343
0.004519688723201758
0.004373448888988207
0.004232231408443991
0.004095839606748372
0.003964400504025244
0.003837713063744325
0.0037153374298906096
0.003597297387638615
0.003483361574889609
0.0033732665760437923
0.0032670877674191652
0.003165034584796937
0.003066650378011181
0.002971838132384527
0.002880507122313561
0.002792482518373388
0.0027075081192334234
0.00262554086434028
0.002546664128768151
0.0024707523272235643
0.0023976465493559594
0.002327330736558053
0.002259613526809295
0.0021945280433056653
0.0021318655721501273
0.0020717413944142697
0.0020141091362248756
0.001958809088574571
0.0019057958469639914
0.0018550226062252289
0.0018064109781487068
0.0017598983627646406
0.0017155697703505129
0.0016732453941456272
0.0016328736478614153
0.0015944489153097983
0.0015578951454028472
0.0015231105289008594
0.0014900726539781796
0.0014588326425572016
0.001429340957655826
0.0014014809998016855
0.0013752700305785747
0.001350738835823845
0.0013277377825276185
0.0013061024793620012
0.0012859190121522275
0.001267206948027543
0.0012499813315471685
0.0012342622327224263
0.0012199122366310011
0.001206933638754281
0.0011953629752766148
0.0011851778393701798
0.0011764102750159882
0.0011690030718689084
0.0011629020165230368
0.0011581800276854043
0.0011547690507805694
0.0011526782073307024
0.0011519699555809823

# 0018_r0

1.3757879513508424
0.1848904786935903
0.06543822970467691
0.038406618078483314
0.02966641930019459
0.025766573897421468
0.02354348896670522
0.02203760908802359
0.0208897565319486
0.019942763531668486
0.019119443181881933
0.018377945634540014
0.017695460100677036
0.01705646883221385
0.016452726115164774
0.015878017531253594
0.015328302014160706
0.01480064189113674
0.014294684734133667
0.013807850608190965
0.013339003919906141
0.012886873597211457
0.012450666308330985
0.012030251576769223
0.011625271730499712
0.011234224182440203
0.010856926090894099
0.01049265395287659
0.010140438860251998
0.009799813895477903
0.009471474260283691
0.009154679078173739
0.00884822974184305
0.008552188774878974
0.008266397344847345
0.007990793484686367
0.007724612930826103
0.007467625549563311
0.007219562812195094
0.006980182611061442
0.006749065106054749
0.0065257822292346754
0.006310173378793088
0.006101667105038553
0.005900124307818714
0.005705642355085471
0.005518120226074765
0.005337128800009771
0.005162568475894661
0.004994257069800383
0.0048313471888798585
0.0046742165139015465
0.004522559854136124
0.00437605747396053
0.0042344095365548255
0.004097307070444789
0.003964962504697962
0.003837040072438206
0.0037135729823104873
0.003594270244221675
0.003479301944361062
0.003368692984651901
0.0032621415411035705
0.0031595503931812004
0.0030607321599374184
0.002965553973633635
0.00287380825642954
0.0027852016679774235
0.0026998608989940516
0.002617819773990741
0.0025388747425139882
0.002462965239752567
0.002389883826773677
0.0023195726528168923
0.002251790922299663
0.002186577717112803
0.0021239456646447654
0.002063853983362126
0.0020060758547896388
0.0019505927263851963
0.0018974445098641816
0.0018465618988374114
0.0017979628264973957
0.0017516254474219451
0.0017074090190304155
0.0016651999522632021
0.0016249688641215253
0.0015866823643253278
0.0015501813030212826
0.0015153733433502243
0.001482305853876583
0.001450964433533262
0.001421343370558846
0.0013934412263927314
0.0013671916539397184
0.0013425034948454525
0.001319336925686082
0.0012976278708769374
0.0012773871429957002
0.0012585354154335435
0.0012410552606908665
0.0012250376387103982
0.0012104849286064256
0.0011973329184731265
0.0011856390592606034
0.0011754243632600629
0.0011666943433286613
0.0011594340319296555
0.0011535467895979572
0.0011489707714736018
0.0011456997504162626
0.0011437645892839242
0.001143141393123251

# 0019_r0

1.3761413015760726
0.1851695593360507
0.06571189607164088
0.038671535034890236
0.029920834271192555
0.026010774773940433
0.02377934218428376
0.022264994629879548
0.021108162818090134
0.02015180189872631
0.0193196098796652
0.018570979174000562
0.01788065457734813
0.017234832482730212
0.01662765277879832
0.016051638348939117
0.015502309622950922
0.014976370867427303
0.014471458389565917
0.013985992766476094
0.013518990131755308
0.013068972123047473
0.012634233938875184
0.012213868408863335
0.011806399879069148
0.01141204275017337
0.011031283785998412
0.010663539832418422
0.010308026714276771
0.009964338340486805
0.009631946145642471
0.009310838105961134
0.009000478389351887
0.008700512344753752
0.008410192178857835
0.00812919174425553
0.00785788792554211
0.007595580197505522
0.007341915179497476
0.00709694831879569
0.006860295926016746
0.0066317685877246586
0.006411030265138375
0.00619787564470964
0.00599190245873014
0.005793048355215636
0.005601418630391186
0.005416195888895031
0.0052368868575539
0.005063819597367167
0.004897110637806132
0.004736402602015034
0.0045813241007389635
0.004431781090802655
0.00428750199499277
0.004148381289530907
0.004014058761527359
0.003884409329779075
0.003759239181736422
0.0036386020293554255
0.003522307251231238
0.0034103764053763025
0.003302588898542107
0.0031986125952153006
0.003098660405929955
0.0030022372293738346
0.002909269289500143
0.002819762307773577
0.0027335573094149066
0.002650553949972856
0.0025706144339728626
0.0024937614374723827
0.0024198948535553567
0.002348932485395007
0.0022807217810114568
0.0022151211719498884
0.002151956044687491
0.002091181943236368
0.0020327030330065552
0.0019764887678165874
0.0019225036688302142
0.0018707216098004333
0.0018210780390729244
0.0017736002277234388
0.0017282155678325212
0.0016847721766463156
0.0016432740765664627
0.0016037240334129137
0.0015660866942408514
0.0015302998115821888
0.0014963044881433835
0.0014641322218486318
0.0014337250192932589
0.0014050042808303412
0.0013779784758981668
0.001352703012329389
0.001329125447483578
0.00130709250636225
0.0012866232651263
0.00126768433021094
0.0012502575401051284
0.0012343244710305806
0.0012197632478965713
0.0012066079187944751
0.001194877717596927
0.001184542762396887
0.001175533005113884
0.0011678912582738614
0.0011616376467051492
0.0011567633059699836
0.0011533004437081537
0.0011512466511861069
0.0011505717597324698

# 0020_r0

1.3758862523421558
0.1849173787591947
0.06547136352539293
0.038443500803232854
0.029704011911639894
0.025802766955103425
0.023577906023380307
0.022070740898069718
0.020922091371229405
0.019975275549398458
0.01915165888072045
0.018411147986479866
0.01773114056068862
0.017096577161637573
0.01649877259713121
0.01593129801486016
0.015389811083233227
0.014870987644581687
0.014372513046079099
0.013892760588726004
0.013429975944371121
0.012983078770773617
0.012551526065386395
0.01213472912443965
0.011732150422958488
0.011343088407601207
0.010966940534036783
0.010603319699342794
0.010252589083749219
0.009913924378914803
0.009586599790250642
0.009270333218804461
0.008965113899916565
0.00867055961990864
0.008386189240399272
0.008110811636145064
0.007844689872559919
0.007587956525153973
0.007339718784428022
0.0070993186433972065
0.006866962189197157
0.006642387051450157
0.006425150736692381
0.006215287251158134
0.0060122363884909606
0.005816178989431917
0.005626699083623476
0.005443619982902105
0.005266731692363192
0.00509586767871303
0.004930600497081152
0.004770860034780724
0.004616391184508404
0.004467258615605582
0.004323337604816047
0.004184464532272119
0.004050558723086724
0.0039211901476092
0.0037963443150876787
0.0036757264667638435
0.003559130633208788
0.003446588806751832
0.003338066968988418
0.0032334674740822646
0.00313253192256761
0.0030350792842780048
0.002941032004469295
0.002850352726449619
0.0027630421754224407
0.0026790149535051147
0.0025980820554096897
0.0025203137777128548
0.0024454832061167713
0.0023734353301394953
0.0023041776588725526
0.002237610729615722
0.002173770930720831
0.002112489855417061
0.0020536894119943363
0.001997353550188146
0.0019433989418637574
0.001891730010844609
0.001842249808732516
0.0017949276275996857
0.0017495819574370746
0.0017061473695302234
0.0016646313035132416
0.0016249817189798823
0.0015872323895442617
0.0015513422540716377
0.0015172668000186065
0.001484962178323581
0.0014543309861848827
0.001425434718653254
0.0013982705813565287
0.0013727910052602876
0.0013489245054846227
0.001326596514724702
0.0013058306077008755
0.0012865950161486425
0.0012688630965857772
0.0012526420014330579
0.0012379084646614265
0.0012246390706008574
0.0012128011713585754
0.0012023987985579326
0.0011934642304393163
0.001185881112159143
0.0011796595929846226
0.0011748748311575421
0.0011714649705611296
0.0011694061051341913
0.001168729835266218

# 0021_r0

1.375830013051272
0.18495388743908972
0.06549783130122509
0.03845949638352947
0.02971581729991433
0.025813806192898647
0.023589264087965366
0.022080612672174618
0.020929200068892418
0.019977990675768803
0.019150035313662196
0.018404871187595227
0.017718601717554218
0.017076290958279793
0.01647007224312604
0.015894252350412717
0.015344521914114928
0.014816774590704436
0.014309366119073507
0.013821493876693939
0.013352526191335862
0.012900858197036662
0.012465408192222553
0.012045928286597715
0.011641170381101237
0.011250689763368956
0.010873637268351987
0.010509649557285504
0.010157752680649943
0.009817445610032447
0.00948895787018089
0.00917120971125568
0.008863831877798633
0.008567364832993998
0.008281191159626618
0.008004876543064117
0.00773835391419975
0.007481120085924991
0.007232294902377102
0.006991734004030303
0.006759633093957
0.006535786137482802
0.0063201350983148885
0.0061120710486349
0.005910844476645963
0.005716256096478284
0.005528402186789795
0.00534685275330109
0.00517122624271047
0.005001449987341588
0.004837563675638176
0.0046793056409780735
0.004526507023786022
0.004379031228133295
0.004236880730610702
0.0040998980156906496
0.003967748952436915
0.0038400902597132726
0.0037169840410273447
0.0035983557846744384
0.003483989913915225
0.0033736466403514226
0.003267274535323414
0.0031646826177148895
0.0030658056709142838
0.0029704864707695198
0.002878511758723339
0.0027897947209067258
0.0027044816085902566
0.0026220414484854735
0.002542525456250877
0.0024658842593356088
0.002392153758675503
0.0023213083907679425
0.002253268821377725
0.0021878780577862704
0.0021252941666592513
0.002065290886633857
0.0020077559391269138
0.0019526224351705357
0.0018997142952629157
0.001848916690833403
0.0018002271286437618
0.001753715131931915
0.001709312660035024
0.0016669003233958475
0.0016263734982823511
0.0015877418836987777
0.0015510545672922803
0.0015160952007554815
0.0014829368389383433
0.0014515474744647837
0.0014218402712471005
0.0013938100634146159
0.0013674147721428524
0.0013426299430834658
0.0013194503948332787
0.0012977516193264287
0.0012775850252414768
0.0012589348581330529
0.0012417238271189759
0.0012259579461933712
0.0012115976945897959
0.0011986072744493376
0.0011870244569444457
0.0011768288911536487
0.0011680319263665093
0.0011605883378831441
0.001154491337225379
0.0011498019674143736
0.0011464354561554102
0.0011443648479645188
0.0011436591800690885

# 0022_r0

1.3755128389053255
0.18457297754872512
0.06512883142343384
0.038103843583534074
0.029369036203486906
0.02547517513242196
0.023259314250905962
0.021761204852505676
0.02062079549405544
0.019681728561659794
0.018866558173789395
0.018134800145651313
0.017461498244751468
0.01683245227217325
0.01623978800476938
0.01567708775498799
0.01513961611656273
0.014625341316093618
0.014131531397932261
0.013656593959416121
0.013198608608446972
0.012757111604584861
0.012331698315949723
0.011920602446864064
0.01152340435830464
0.011139977026303155
0.010769787018051046
0.010412721668694233
0.010067572160202296
0.009734064998298724
0.009412089859759507
0.00910128236123378
0.008801334289810865
0.008511299382551444
0.008230949311287736
0.007960258117261367
0.00769878550631365
0.007446029865372406
0.0072016774273748335
0.00696623173734362
0.006739201656599791
0.006519372488833031
0.006306783580684468
0.006101574988242079
0.005903578174116123
0.005712325652005566
0.005527361727752064
0.005348766535606597
0.005176063867443692
0.005009287568280035
0.0048482232768942615
0.004692570043556269
0.004542571754834542
0.004397847277627165
0.00425806605471247
0.004123073102414164
0.003992695472833762
0.0038666625615988845
0.003745181164140253
0.0036283184778994064
0.003515537902412081
0.003406746825192268
0.003301911153299624
0.003200720094062943
0.0031030803636142926
0.003008981695540778
0.0029180710036636566
0.002830354844199278
0.0027457326454079648
0.00266411908803221
0.002585605413801343
0.00251020169267649
0.002437661131550577
0.0023678925750707123
0.002300744870113514
0.0022362081493065935
0.002174307625440734
0.0021150197622280147
0.002058156516835543
0.002003526833898827
0.0019510972161325513
0.0019008038373056224
0.001852638118611205
0.001806406896358009
0.0017621669199520361
0.0017198640353277288
0.0016793729214799788
0.0016406100566329857
0.0016035814250965595
0.001568341408845812
0.0015349077007749212
0.0015033106457607657
0.001473421947899088
0.0014451415345579641
0.0014185069522483272
0.0013934079891062044
0.0013698948635396718
0.0013478657113917692
0.0013273823992818064
0.0013083873218460856
0.0012908186984649198
0.0012747210142071053
0.0012600684783699182
0.001246828546609757
0.0012350322757849887
0.0012246436060182014
0.0012156613674514012
0.0012080896803973186
0.0012019778049563745
0.0011972737864774717
0.0011938646365967315
0.0011917976519157656
0.001191120446958204

# 0023_r0

1.3755842397345457
0.18466426397909003
0.06521134757857859
0.038181532409065265
0.029442737106365195
0.0255460082769958
0.02332664798180601
0.021823535460118757
0.020677997600621913
0.01973429732397079
0.018914813934629602
0.018177949094449586
0.017500564411082362
0.01686749491295771
0.016270892848110754
0.015705581459973496
0.015166788468363057
0.014651461624336231
0.01415581081479114
0.013678282357643127
0.01321853956751436
0.01277594917027063
0.012350137909723944
0.011939329992979187
0.011543629142731281
0.011161759525690968
0.010793159988754585
0.01043670917408815
0.010092165375123984
0.009758757883241874
0.009436310544095107
0.009125393514528493
0.008825426696158776
0.008535509550176651
0.008255347642881479
0.007984698674651364
0.007723534205599653
0.007471204096275351
0.0072277352652082225
0.006992691389174523
0.006765461354778922
0.006545426704760623
0.006332503761260017
0.006126775814538762
0.0059279857984771015
0.005735922696979817
0.005550351251712779
0.005370766424372633
0.005197077430324035
0.005029305434126227
0.00486743347867614
0.004711220783359995
0.004560323043211484
0.00441419881554774
0.004272872763937833
0.004136610402950148
0.004005013224374498
0.0038778025027447773
0.0037550139059026864
0.0036363252677510394
0.003521533909911181
0.003410536077746529
0.003303453570277387
0.003200178891456596
0.0031005797519725923
0.0030046619707003977
0.0029123091399153784
0.0028233433291359428
0.002737577546591436
0.0026551095669308075
0.002575760359736681
0.002499133708486833
0.0024252916968986226
0.0023541817763200433
0.0022858730357439403
0.002220358689938463
0.002157505335863893
0.002097103025993901
0.002039045655200357
0.0019833681136142258
0.0019299123691639737
0.0018786599095007423
0.0018295941003531944
0.0017826207780033926
0.0017376921769204586
0.0016947739324227114
0.0016539005936860392
0.0016150421195742447
0.0015781234058270144
0.001542944328915949
0.0015094810946744042
0.0014777900586305916
0.001447836308428589
0.0014195048337126896
0.0013928315795072876
0.0013677321762637091
0.0013442126006561496
0.0013223256457559006
0.0013019694975577522
0.0012831304865861689
0.0012658186393817753
0.0012499856458219696
0.0012355247934197867
0.0012223927237601728
0.0012106970245915072
0.0012004056208817445
0.0011915416152033789
0.0011840349863391161
0.0011778499608806543
0.0011730035911876877
0.00116958471263805
0.0011675847361427628
0.0011669435004631795

# 0024_r0

1.3752746953538117
0.18447515722368937
0.0650286117098673
0.037999002485473284
0.029258915436012316
0.02535965917171527
0.02313904082762742
0.02163682083372878
0.020493872125548537
0.019552128177668583
0.018733497869596917
0.017996119764422502
0.01731843648808526
0.01668701579812185
0.016091581789109383
0.015526543169504749
0.014987035118287721
0.014470442986242463
0.013975883329884234
0.01350117363873392
0.013044304309922334
0.012604176973967745
0.012180022259202812
0.011770759426467716
0.011376340976564677
0.010996131705830187
0.010629676546681661
0.01027657491676083
0.009935583591540937
0.00960548243791988
0.009285804608741205
0.008976371671652755
0.0086775330510144
0.008389284610362745
0.008110852973607727
0.007842125311886324
0.007582367438355229
0.007330775157245839
0.007087546189530214
0.006852851142026448
0.006626169254232179
0.006406903330905051
0.006195168197030217
0.0059903254821019524
0.005792209897406862
0.005600838348677828
0.0054160106072166985
0.005237203644614344
0.005064431517671543
0.00489748346983722
0.004736864543264682
0.004582172691105794
0.0044328648848864305
0.004289020686807426
0.0041503101732201465
0.004016697693261547
0.003887843615851681
0.0037634726663463166
0.003643504884073693
0.0035278504415467674
0.0034161662512636128
0.0033084085340319203
0.003204413499061726
0.0031040870064114627
0.003007597761343201
0.002914807800235693
0.002825419848342103
0.0027391947659011874
0.002655986009831084
0.002575978033931041
0.0024989453712032537
0.002424740842121019
0.002353302232159474
0.002284671104309791
0.0022187406330453252
0.002155295620914689
0.0020942255868863853
0.00203557036182586
0.001979274420397295
0.0019252724022286087
0.0018735837177415967
0.0018241831253572234
0.0017768812213868619
0.0017314650028394409
0.001688032596191073
0.001646551551391656
0.0016069999028800954
0.0015693015116475101
0.0015334813146464198
0.001499383337433397
0.001467040800933232
0.0014364457288806758
0.0014075352277227147
0.0013801987538677447
0.0013544562864064161
0.0013302746009167892
0.0013075182709972044
0.0012862312219795713
0.0012664011805438135
0.0012480833273768338
0.001231260429820849
0.0012159354794543684
0.001202060904165136
0.001189585200720327
0.001178508504672347
0.0011687459754468946
0.0011602948504445953
0.0011531626650849891
0.0011473164822532144
0.0011427562723506594
0.0011395081413612701
0.0011375329233980164
0.0011368569707296782

# 0025_r0

1.3753930568077581
0.18450543887700763
0.06506271850847765
0.03803669135685468
0.02929901495446218
0.025401658406532017
0.02318214313792564
0.021679839002103147
0.02053609531691745
0.019592321923178384
0.01877264269689893
0.018037398050020814
0.017362103312626907
0.016733246669737443
0.016141697849864838
0.015580067471659931
0.015044540618822402
0.014531315064331553
0.014039141539639404
0.013567308179765175
0.013113943700482125
0.012677499885582347
0.012257053173363997
0.011851743583605844
0.01145976620106225
0.011081471319917198
0.01071592483830769
0.010362720618192831
0.010021303123130798
0.009692346035227421
0.00937468552524945
0.009067678403756881
0.008771271484683103
0.008484710251617887
0.00820756499802461
0.00793873083132718
0.007678106625189805
0.007426360229110305
0.0071828410633060485
0.006947284671311276
0.0067189254295711804
0.006498151325989743
0.006285141212130951
0.006079547837730856
0.005881226836068765
0.005689348934257171
0.005503923569819953
0.00532471646796356
0.005151554151903835
0.004984427370496055
0.0048232176428555365
0.004667501561427344
0.004517114386014784
0.004372019357921278
0.004232075207075633
0.004096807094441461
0.003966079127217324
0.00383976937263868
0.003717540384602211
0.0035994180858773513
0.0034854984294246548
0.003375458892868606
0.003269323075818725
0.0031669865662343516
0.0030682832595737624
0.0029732371448818215
0.0028816488686711954
0.002793261619111747
0.002708276961257245
0.0026265708652007335
0.0025477631232053537
0.002471739469061094
0.002398567376315979
0.002328067034109488
0.0022602641460266583
0.0021949258202843967
0.002132076636733058
0.0020718249059825953
0.002014072515447698
0.001958606026466722
0.00190548654206694
0.0018546415539828296
0.0018059126571998505
0.0017593091154109728
0.001714785897149985
0.0016722710365262652
0.001631795520839736
0.0015931838066409706
0.00155635210490673
0.0015213452735777695
0.0014881510322738614
0.0014566292684733543
0.001426755017273055
0.0013984597034839771
0.0013717110570846543
0.001346592176380009
0.0013229894587393836
0.001300918858992995
0.0012804182194085711
0.0012614058106032232
0.0012439216418961274
0.0012279104886329117
0.0012133346474915514
0.0012002201818359635
0.0011885285197748255
0.0011782494821517835
0.0011693489684981057
0.0011618533745335995
0.0011558012234201733
0.0011511343202490819
0.0011477786181687045
0.0011457624962898758
0.0011450625969217918

# 0026_r0

1.3757725931377127
0.184913497646397
0.06546586924881813
0.0384278289779903
0.02967651328739552
0.025765812910913018
0.023534298967248266
0.022020828457450545
0.020865733340642272
0.019910225098782507
0.019077748133793756
0.01832732012312354
0.01763615638660081
0.016990937937350074
0.01638366181031411
0.015806586875320373
0.015256806923374408
0.01473039297914174
0.014225278582584683
0.013740539693588976
0.013274682325923425
0.012826121412523374
0.012393774308397892
0.011977106548708854
0.011575861940906594
0.011189581765103521
0.01081715508680627
0.010457077702680747
0.010109327512266956
0.009773407352735266
0.009448928035720469
0.009135435105692397
0.008831903966281045
0.008538511812018047
0.008254728548582491
0.007980413620983716
0.007715181983479826
0.0074587338594876125
0.007210441437383244
0.006970244801968396
0.0067380637924928
0.006513462923840618
0.006296717348904648
0.006087811718060053
0.005886204666576681
0.005691562901665156
0.005503823358041922
0.005322563556085807
0.005147494224343701
0.004978552532271597
0.004815684678663304
0.004658868437680146
0.004507840648209214
0.004362499000898445
0.004222647106697429
0.004087340213470818
0.003956626667187705
0.003830262979924817
0.003708264279388401
0.003590716699728917
0.0034775530942561797
0.003368612779333734
0.003263683173787463
0.0031627079516330435
0.0030651927051854842
0.0029711152497575383
0.002880407186800069
0.002792788835138626
0.0027081671032662125
0.0026263545917611666
0.002547393879688539
0.0024712287318040893
0.002397895736390376
0.002327469510871745
0.0022597999176674996
0.0021947486212378067
0.002132293596159542
0.0020722114900111775
0.0020144537636909827
0.001959041955246248
0.0019060651194565748
0.0018553363663590945
0.0018068964829437062
0.0017606238044642678
0.0017163780956538552
0.0016742846257499602
0.0016343137345832192
0.0015962603334438072
0.0015601170452757163
0.0015257727661517177
0.0014930362586540794
0.0014619303503963365
0.0014324923281858147
0.0014047074930119302
0.0013785186971333005
0.0013538507891493687
0.0013306470480042734
0.0013088819741270757
0.0012886265516348424
0.0012699201302016454
0.0012526702871568575
0.0012368475651727414
0.0012224145449872086
0.00120944039414575
0.0011979483945847185
0.0011878560961501642
0.0011791072863529032
0.001171755088233034
0.0011657121001077651
0.0011610417729488451
0.001157729247768149
0.001155764925797315
0.0011551293922773907

# 0027_r0

1.3756431604824755
0.1846964653826789
0.06523176353150588
0.03818634054936115
0.029434292171072775
0.025523947721316158
0.02329290127979842
0.021780323433410347
0.020626162660731116
0.019673935932253323
0.018846910511868497
0.018104216229548536
0.017421953222659856
0.016785282037626283
0.01618663154700601
0.015619547283294719
0.0150780756046897
0.01455925247883033
0.01406195467687978
0.013584087275826042
0.013124431446840834
0.012682115559778046
0.01225590431803828
0.01184399694413504
0.011446930317345883
0.01106367276902059
0.010693511924250271
0.010336355999879384
0.009991353438873375
0.009658692587362317
0.009337424585008776
0.009026966923267446
0.00872669135919996
0.008437004341709341
0.008157147468044903
0.007886800133469261
0.007625672556532318
0.007373127536738212
0.007129411176344668
0.006893781986341816
0.006665536086466812
0.006444368071263406
0.00623095543037789
0.006024631828243401
0.005825195805899372
0.0056328445923301525
0.005447452341352357
0.00526862987325938
0.005096082790703185
0.004929546410186245
0.00476873826977811
0.0046134689879227826
0.004463452319537599
0.004318484592865335
0.0041786862707508836
0.00404385592899848
0.003913920762954164
0.003788628779192784
0.003667873195509454
0.003551262294832744
0.0034388836356750094
0.003330588315736547
0.0032261458693822118
0.00312551143103088
0.003028399650735091
0.0029348195632285415
0.0028445606061441825
0.0027575623845495856
0.0026736838228551122
0.0025928447979926806
0.0025149657254103916
0.002439876614152832
0.0023677330108745143
0.0022984016792868037
0.0022315425855561977
0.0021671238925033373
0.00210517022265059
0.002045608698490063
0.001988400778281736
0.0019336738011721366
0.0018814607661865074
0.0018315428756409816
0.0017837828503573286
0.001738117494681328
0.0016944391915607918
0.001652595918179353
0.0016126255220509796
0.001574549815231031
0.0015383997822673546
0.0015041404941676833
0.0014716136668142996
0.0014408561129149555
0.0014118303947828882
0.0013844013673900049
0.0013585504070540676
0.0013341933735413116
0.0013113681692346053
0.001290058212238451
0.0012701577541140304
0.00125164018674026
0.00123455474208577
0.001218897348835839
0.0012046938941625185
0.0011918800716808787
0.0011804403194642153
0.0011704027658920543
0.0011617781971960432
0.0011545092826903184
0.0011485056373445692
0.0011437867749675965
0.0011404299973067215
0.0011384048223287786
0.0011377299272633736

# 0028_r0

1.375222246235617
0.18433957066327006
0.06488993066647304
0.03786212823756081
0.02912707982119118
0.02523345190379962
0.02301830954464737
0.021520791387125683
0.020381239643891273
0.01944268702581952
0.018627515430437374
0.017895084364297754
0.017221399682377254
0.016591713848011027
0.015997597417819177
0.015433317044004467
0.014895415373958738
0.014381246132479498
0.013888731358072533
0.013415248151284033
0.01295971230963901
0.012521133741276716
0.012099411944006143
0.011693897762184172
0.011303376307914077
0.010926154877650241
0.01056178357475665
0.01021018817008609
0.009870396212631723
0.009541666817933477
0.009224524895129153
0.008918104080817163
0.008621796702165627
0.008335696985723683
0.008059099436244485
0.007791881164367897
0.007533432506685244
0.007283696577313819
0.007042768227809885
0.006810408046540486
0.006585729205717242
0.006368862810077882
0.006159345652123541
0.005956689733076502
0.005760866666480825
0.005571960564437207
0.005389524626208421
0.005213109382875272
0.005042654004391685
0.004878035215783327
0.004719078514588624
0.004565860679269114
0.004418178963786854
0.0042756538107975505
0.0041382850120788624
0.00400562228701189
0.003877466199301616
0.0037539343175101445
0.0036348532084366472
0.003519856411739374
0.0034087255779146177
0.0033014563597589855
0.0031979263026361074
0.0030980031671973703
0.0030016048785824557
0.0029088218126955513
0.0028192537663248958
0.002732873696308327
0.0026497637482449307
0.002569748365476815
0.002492745361164813
0.0024187705904274285
0.0023476459796151305
0.002279295806760631
0.002213671309671148
0.0021504980298096745
0.0020896167920179012
0.0020312118713400897
0.0019752022672132057
0.0019215696829576418
0.0018701093018823618
0.0018207617971278491
0.0017733880634165128
0.0017280466270410823
0.0016847920769789211
0.0016434839291081893
0.0016039691297094617
0.0015663974808820872
0.0015307623713710816
0.0014969048540784179
0.001464800938069064
0.001434328353184337
0.0014054807075721853
0.0013782346474616486
0.0013525371867692708
0.001328274493019093
0.0013054604600146653
0.0012841180331024655
0.0012641755568299693
0.0012457033482659876
0.0012287683357210721
0.001213208854867074
0.001199079425239226
0.0011863097436729767
0.0011748725863966916
0.001164807254482344
0.0011560863154438713
0.0011487241702147013
0.0011426445806053047
0.001137904984843363
0.0011345221196462283
0.0011324878297405765
0.0011317916812405503

# 0029_r0

1.3759114500637029
0.18499510545101297
0.06554082234702406
0.03850364185182232
0.02975626156776793
0.025847861210485656
0.02361572142499385
0.022100798353976544
0.020943385633671575
0.01998698883611166
0.019155543754522157
0.0184064150433127
0.01771610190280085
0.017071405315887404
0.01646332724454305
0.015886525570887662
0.015337085940300255
0.01481127789993184
0.014306989040417108
0.013823070537390956
0.013357657154974273
0.012909548226271604
0.012478120001438038
0.012062705075318921
0.01166212488023435
0.011274836468926746
0.010901058765309248
0.01053998823848706
0.010190855785615955
0.009852882691671694
0.009526225740378027
0.009211121114832849
0.008907455282166295
0.008614571332479424
0.008331863105142185
0.008058732221140109
0.0077945180413187196
0.0075387552808453984
0.007291122627737856
0.007051253227099664
0.006819887087702473
0.006596614068874111
0.006380622596643275
0.0061719602174239215
0.005970113290748938
0.005775163062185939
0.005587148560079262
0.005405560223335708
0.005229997017987468
0.005060371819785225
0.0048963689994065964
0.0047378564851538645
0.004584950756736745
0.004437393575356793
0.004294552161362484
0.004156289216608318
0.004022659738958458
0.0038933822490546566
0.0037684821748908935
0.0036482779334599024
0.00353238791015081
0.00342069672960565
0.003313329877715472
0.003210136435335097
0.0031105532394364805
0.0030145112900712323
0.002921917755614383
0.0028326266202635224
0.002746630732058165
0.002663795206944402
0.0025841133544187355
0.002507419269845175
0.0024337330733030928
0.00236296982073194
0.002294860386345945
0.002229377090773585
0.0021665813557415767
0.002106250858477839
0.0020482892762460365
0.0019927153669142433
0.0019394778399987004
0.0018884341871902213
0.0018395456368822806
0.00179280063889708
0.0017480735828685828
0.001705457526022458
0.0016648547169636975
0.0016261672361009003
0.0015892890414922305
0.0015542179952751968
0.0015208896402447833
0.0014894195726353214
0.0014597509306387545
0.0014317558301321456
0.0014054128635222804
0.00138067276263145
0.0013576164103765906
0.0013361243557206749
0.0013161265844820536
0.0012975278551829203
0.0012803894996909094
0.0012647118204524778
0.00125046321953013
0.0012375995835552215
0.0012260945135081417
0.0012160343613178502
0.001207292447949555
0.0011998887734029338
0.0011938985053333271
0.0011892666319344534
0.001186033552902729
0.001184075492140259
0.001183414814811349

# 0030_r0

1.3758812806830878
0.18497045966111123
0.06551242390716668
0.038474838152413864
0.02972842853306561
0.025822847110320905
0.02359497767178145
0.022083916340695595
0.020929976136686602
0.019977458094923576
0.01914959396516741
0.018406926946125248
0.017723844884880605
0.0170841464477109
0.01648004848479929
0.01590609357315876
0.015357627328149954
0.01483319491336615
0.014330250934812074
0.013846665467039375
0.013381593959588193
0.012934842874328384
0.012504512171270424
0.012089724942495694
0.011689715926694126
0.011303769153837876
0.010931072761329296
0.010570581177991324
0.010221731865708784
0.009884517627798154
0.009558666089199206
0.00924322147854242
0.008938466050766881
0.008644562651773146
0.008360522617999123
0.008086131256518789
0.00782126979692477
0.007565536206337193
0.00731821651143731
0.007079097646741607
0.006848315532405189
0.006625117159521917
0.00640917401444313
0.006200606426358125
0.005998629226806432
0.005803441606484614
0.0056147769592271675
0.00543265717084867
0.005256577142698018
0.005086390077474921
0.004921903340320524
0.004762833097301096
0.004609290735627077
0.004460970644255479
0.004317773455409844
0.004179689623874771
0.004046203104932254
0.003917282223349559
0.003792936725291404
0.0036730973705679966
0.0035574345833491445
0.0034459991153298446
0.00333865468384802
0.00323512820661484
0.0031353233685410572
0.0030390400128934452
0.0029461711842443707
0.0028565236250944303
0.0027700292371282895
0.0026864859181767137
0.002605856757767861
0.0025281030865343924
0.0024532693838330163
0.002381307505810029
0.0023121944908516662
0.0022458105676253113
0.0021820955715401024
0.002120913831241298
0.0020621830821786658
0.002005933160261119
0.001952050374983508
0.0019003301168443623
0.0018507313526615564
0.0018031926289672992
0.001757706508576408
0.0017142037177506322
0.001672706986275901
0.0016332434819984758
0.0015956597461017036
0.0015598858760457613
0.0015259566206543254
0.0014938104678409807
0.0014633305195095995
0.0014344776513056153
0.0014072919221696258
0.0013818012080380857
0.0013579815086710199
0.0013357737265457074
0.0013151318434433035
0.0012960612676860721
0.0012785931217319322
0.0012625862198283142
0.0012480391058792332
0.0012349504629872875
0.0012232951637517668
0.0012131571688730684
0.0012044689249726252
0.0011972129134472907
0.001191311763870419
0.0011867532012134706
0.0011835488189350597
0.0011817030597863069
0.0011811206500068978

# 0031_r0

1.376125043889045
0.18525108257695683
0.06579259695771532
0.038752005776674335
0.03000114486713647
0.02608743949526642
0.02384966798742414
0.022328525307615033
0.021164632923806475
0.020202892936738052
0.01936640127086781
0.018613382909550304
0.017920063899711867
0.017272158583952105
0.016660659009351726
0.01607909668988731
0.015523425316690839
0.014991102612150618
0.014480148599318949
0.013988185099208838
0.013514380350304663
0.013057446509097017
0.012617744244396979
0.012194752690150513
0.01178723196013839
0.0113942096759233
0.011014305193547274
0.01064745757859087
0.010293040423928172
0.009951263258904452
0.009620854643299658
0.00930161547154765
0.008992602015177792
0.00869321696730917
0.008403830773272973
0.008123698696354511
0.007852929157516795
0.007591116083470176
0.007338346076172967
0.007093869835155438
0.006857837143181731
0.006630063140896305
0.006409799167051406
0.006196972528040267
0.005991482329617234
0.0057927696491619374
0.005600713388343865
0.005415202438329539
0.005235846874402495
0.005062299751514838
0.004894406295557381
0.004732468070643743
0.004576358158910773
0.004426043528238316
0.004281018763156284
0.004141318777312776
0.004006762533235473
0.003877216178792654
0.0037522822867916785
0.003631740198291937
0.003515540956991362
0.0034033339124532338
0.003295221220667556
0.0031912307010834745
0.003091072232185243
0.0029946218206674965
0.0029017395145830007
0.002812146519840333
0.002725557384831158
0.002642070785191312
0.0025617150524660554
0.0024843371338506633
0.0024097833182311905
0.002338113860873132
0.0022691757020065436
0.0022029024188397
0.0021391777995601944
0.002078040188741167
0.002019444972440498
0.0019631972192005456
0.0019092771584140113
0.0018577584441005165
0.001808491193472481
0.0017614648508762526
0.0017166037638710514
0.0016737547070368054
0.001632810729334166
0.0015937499133944384
0.0015564780011779827
0.001521074639777325
0.0014874574525883017
0.0014556368887502576
0.0014255901433922644
0.0013972097546694003
0.0013705414771864497
0.0013454939518217916
0.0013220075908675704
0.001300059752244598
0.0012796254247704629
0.0012606588735470665
0.0012431923041785603
0.0012272325123396204
0.0012127558131730261
0.0011996508692994894
0.001188066399982991
0.0011779341013226214
0.0011692338982848961
0.0011618867342240754
0.0011559099983901489
0.0011512815544282035
0.001147939766095052
0.0011458777473032447
0.0011451770819938607

# 0032_r0

1.376147500235063
0.18528063480028265
0.06581360523326922
0.03876753613411142
0.030012664584078495
0.02609736204058752
0.023860310011200644
0.022339076580128576
0.021174317707113293
0.020209566775607344
0.019368132559202146
0.018610737036923664
0.01791380951382362
0.017263096157785162
0.016649154882584515
0.016065792757939693
0.015509232550002536
0.014977314011473229
0.014467931565130475
0.013978858756620485
0.013508109325082994
0.01305372927221238
0.012614747751566027
0.012192307850945435
0.011784866688436299
0.011391670474927095
0.011011739881492177
0.010645418613254886
0.010291689804814924
0.009949314482351285
0.009618207252318713
0.009298229618910218
0.008989440420169439
0.008690790192647978
0.008402240750564345
0.008123194336009833
0.007853155292069798
0.007592007890778872
0.007339972248731272
0.007096325156416951
0.00686054824186831
0.006632459020840343
0.00641179010188861
0.006198948570319243
0.005993512051724203
0.0057951046220127474
0.0056033671876751425
0.0054183378638572016
0.005239550739982818
0.005066768090091739
0.004899931361740989
0.004739080074296752
0.0045841330075486394
0.004434584189643375
0.004290241198914427
0.004151036392333525
0.004017015810954645
0.00388770448378074
0.0037631322915697538
0.0036431139536497502
0.0035273786824763626
0.0034159098812632962
0.0033085146356301074
0.003204925168729253
0.0031051475274439014
0.0030089568157498944
0.002916224243405757
0.0028267848269356304
0.0027405122118866823
0.002657537555219381
0.002577651173835406
0.0025006072275009926
0.0024264715689094074
0.0023550905363639517
0.0022863486736531304
0.0022202023930556715
0.0021566079988147705
0.0020954156337162208
0.0020366445591700677
0.0019802495681305503
0.001926082628490984
0.0018742182678629252
0.0018246200912052258
0.001777219616231713
0.001731936026791508
0.0016886774646889238
0.0016473497974653366
0.0016079918677089564
0.0015705194512514655
0.0015348009206496965
0.0015008519856306323
0.001468636974561128
0.0014381440434579984
0.0014094052405282693
0.001382350403565208
0.0013569010907920598
0.001333047408604168
0.0013107980601724557
0.0012900898850054293
0.0012708692495679093
0.001253143390024529
0.0012368956227249424
0.0012220819915293106
0.0012087527701430845
0.001196869759617974
0.0011863906399885353
0.0011772579766110567
0.0011695345838038502
0.0011632717259865055
0.00115841464570662
0.0011550185109498626
0.0011529937098428914
0.0011523363302235207

# 0033_r0

1.3763227683666945
0.18549382941833123
0.06604585859288407
0.03900567137055518
0.03025201169854413
0.02633656233376508
0.024097268299706525
0.02257328531711981
0.02140589731188684
0.02043701611428379
0.0195919969758019
0.018829213018128763
0.018125681898776606
0.017467697435219517
0.01684654021750855
0.016256810914221372
0.015692995428360945
0.015152482989622301
0.014633801148422153
0.014135545530383209
0.013657083926232393
0.0131960595811132
0.012751001977276603
0.012322355700221917
0.011908728403032195
0.011509000260353773
0.011122295965746657
0.010747936854911119
0.010385853979993061
0.010036387787603924
0.009698908889964167
0.009372783974927714
0.009057376558447752
0.00875249086759446
0.008457888781589993
0.008173956988632393
0.007899274425149818
0.007633793442851494
0.007376913804285228
0.007128582373653478
0.006888833373940319
0.006657378971249221
0.006433952853012135
0.006218138192219135
0.0060098179549732495
0.005808986137983656
0.0056151251359648265
0.005428300803582031
0.00524834129091743
0.005075018370299716
0.004907703403141034
0.00474619307104943
0.004590191201066083
0.004439626409415752
0.004294721685759578
0.004154914063582122
0.0040201449948669395
0.003890386408320815
0.0037652569757308787
0.0036445446734626615
0.0035281489362509063
0.0034161625129548053
0.003308100259660083
0.0032038955589387477
0.0031036169571898057
0.0030070904144665414
0.0029143544389273073
0.0028250326266346577
0.0027389472657986013
0.0026559661548553218
0.002575994024156515
0.0024989233101711922
0.0024245188217302638
0.0023527874524776264
0.002283855510865417
0.002217614966839855
0.0021539419727770277
0.002092960501794058
0.0020345782979556766
0.00197845296930533
0.0019243665514653968
0.0018724366922159904
0.00182273771542226
0.0017752522868461434
0.0017298570137024734
0.0016865093678090843
0.0016451722192728586
0.001605772092557875
0.0015681687622886224
0.0015323983628795933
0.0014984601122047716
0.0014662783173504837
0.0014358127475129184
0.001406983323420745
0.0013798003756131888
0.0013543127330150752
0.0013305029075270124
0.0013083097259892066
0.0012875945908364735
0.0012684179817461156
0.0012507103768368492
0.0012345122490134083
0.0012198061841307184
0.0012065630319572937
0.0011947605641912265
0.0011843664567165971
0.0011754282130952668
0.0011679022037200902
0.0011617602344797964
0.001157005783087189
0.0011536636323813026
0.0011516580403853332
0.0011509754101121585

# 0034_r0

1.3763879643852217
0.1854307411238609
0.06598323986113737
0.0389430307650238
0.03018726699816791
0.02627012584660557
0.024029387265780643
0.022504962260484058
0.02133870884169473
0.020374052318302017
0.019532664254562265
0.018773764131783614
0.018074658621658652
0.017419978535323642
0.01680094602748315
0.016213416260649486
0.015653634964447743
0.015119083936326222
0.014607433488121256
0.014115935053449824
0.013643803193250327
0.013189516265881798
0.01275286826047251
0.012332095077421132
0.011926147441063337
0.011534136234402697
0.011155525973193177
0.010789617424266004
0.010435438436217498
0.01009275157648232
0.009760829781972184
0.009440381862201199
0.009130709416316041
0.008830754468198287
0.008541001789315845
0.008260873674058306
0.007989735613817642
0.007728131999428256
0.007474674603335747
0.007229567507483124
0.006992856713736665
0.006764224670125886
0.006542982762844019
0.006328755243903539
0.006121431050031371
0.005920892905195444
0.0057271542419410435
0.00553963898514583
0.005358256020212921
0.005183065580423972
0.005013938298424318
0.004850745945848961
0.004692974358673863
0.004540507275799349
0.004393403780038542
0.004251366284248764
0.004114389224941293
0.003982490815884062
0.003855498936549706
0.003733099005560653
0.0036148492658985925
0.003500840839832003
0.0033908290363511367
0.003284800683389414
0.0031825954995009244
0.0030841698756420245
0.0029892738945703143
0.002897872867614136
0.0028099368076724162
0.002725316583388122
0.002643824040101987
0.0025652315085397683
0.002489322784155724
0.0024161699639903863
0.0023457958699238256
0.0022781179675195897
0.0022129640867423637
0.00215043666796978
0.002090549029890959
0.0020331347348848832
0.0019781055246626956
0.0019253803646868022
0.001874964426989485
0.0018267989822637971
0.0017808679903216738
0.0017370636431421765
0.001695456221861654
0.0016558558828978648
0.0016182255972853749
0.0015824902982049904
0.0015485257212566968
0.001516248033572657
0.0014856436749145926
0.0014566414006638214
0.0014293309066028149
0.001403706462308169
0.0013797060921576065
0.0013573077435942147
0.0013365277975874235
0.0013173806276711715
0.0012997740869754196
0.0012836624915884651
0.0012690320952429533
0.001255837972994263
0.0012441046282515532
0.0012337545296198943
0.0012248310178515523
0.0012173625045863866
0.0012112703126943363
0.0012065647074828764
0.0012031605867673788
0.0012011070819179395
0.001200487228672577

# 0035_r0

1.3762813848079678
0.18539282211444136
0.06593682215085053
0.03889741328334619
0.030147102396008603
0.02623582848903558
0.023999061021417665
0.022477071733939424
0.02131152260002932
0.020345357539023525
0.019503204841565498
0.018745616553722786
0.01804732662896902
0.017394967216500662
0.01678035074281955
0.016196716985046402
0.01564007761754175
0.015107480643422494
0.014596919859495268
0.014105638197684135
0.01363173952416827
0.01317544637898935
0.012735094650072321
0.012309672976055817
0.011899156620146355
0.011503087564354381
0.011120490376031253
0.010750712968041644
0.010393420304146144
0.010047943704166751
0.009713744132385547
0.009391054033452391
0.009079684190072402
0.008778687250197816
0.008488399025159606
0.008207799935200601
0.007936025177672423
0.007672828735598337
0.007418391548776605
0.007172894526110828
0.006936088503329005
0.006707604876444555
0.006487005508848446
0.006274209316544828
0.006068456760963468
0.005869216824831935
0.0056764442680076865
0.005490438440052801
0.0053109223401816485
0.005138040161896159
0.004971376541496631
0.004810751687226631
0.004655753837962002
0.004505887684936459
0.00436101847492629
0.004221182631802773
0.004086444481780888
0.003956357776241762
0.003830784759784701
0.0037097707569139836
0.003593290134678184
0.00348098500188459
0.003372582146471605
0.0032680821642588334
0.0031673294667230053
0.0030701155918997215
0.002976185911717144
0.002885631316674342
0.0027982929215659494
0.0027140528433734407
0.002632888200756735
0.0025547098236405157
0.0024794419348152753
0.0024071319827015866
0.00233765551213003
0.0022708133415867806
0.0022064633584514726
0.0021446156241565484
0.0020852895770875563
0.002028429037574807
0.0019739222687695634
0.001921684941042115
0.0018717030755167566
0.0018237710603024196
0.001777874396630329
0.001734095337310799
0.0016923828142172237
0.0016526549284511984
0.001614870263218622
0.0015789390734400372
0.0015449016542337115
0.0015126155963506589
0.0014820645799578027
0.0014532942498964745
0.0014261763093650487
0.0014007136160149238
0.0013768532274855533
0.0013545968401123998
0.0013338306316910877
0.0013145646134127965
0.0012968296758325826
0.0012806808715264027
0.0012660750076990657
0.0012529021760031972
0.001241195389940442
0.0012309453536178115
0.0012221643362149085
0.0012147690650740363
0.0012087233374727803
0.001204046431911762
0.001200738115285948
0.0011986892827093737
0.0011979754198531546

# 0036_r0

1.3764161685408138
0.18549124736412947
0.06603277272922317
0.03899042803426049
0.03023727897104259
0.026319579317844427
0.02407642078039008
0.022548935811715225
0.021378309353100897
0.02040956351345482
0.01956386747247572
0.018799873177142656
0.018094924239909993
0.01743658866702292
0.016816432951967417
0.01622895155852661
0.01566952727129429
0.015133881186884102
0.01462068212359038
0.014128109617808814
0.013654456862248724
0.013198800586766613
0.012759294038179441
0.012334612989404846
0.011923898418187218
0.011526602243938616
0.01114331681796267
0.010772956364706428
0.010414726323534296
0.010068790450417123
0.009734330416858521
0.00941092386838015
0.009098314967202538
0.008796421963193107
0.008504847750596713
0.008223872002309196
0.007952923791925904
0.007690606740808208
0.007436740216790776
0.007191665555769808
0.006954908559635839
0.0067261056602348325
0.00650472482343279
0.006291031158215557
0.006084558259925486
0.005884733221563633
0.005691802674466257
0.00550577793881792
0.00532602565349549
0.005152234166306376
0.004984407948138322
0.004821814876690557
0.004664815121791517
0.004513379338790756
0.004367363125797748
0.0042263735262783875
0.004090680597415497
0.003960088700538011
0.0038342836604832687
0.0037128440535121243
0.003595798363294336
0.003483010592900536
0.0033742284347855474
0.0032693656917439176
0.003168168282633597
0.0030705885594024224
0.0029765465031860667
0.00288568750122596
0.0027979656901068978
0.0027134199337024733
0.0026320919882237
0.002553782317122297
0.002478479621953527
0.0024059649897869404
0.002336020209909029
0.0022687837528038153
0.002204251645059163
0.002142316169642743
0.0020828147790471372
0.0020256543080858203
0.0019707940827273685
0.0019182815205747235
0.0018679126533671414
0.0018197631113619198
0.0017738159136431707
0.0017299486947015513
0.0016880929966590634
0.0016482798661921593
0.001610407285239157
0.001574366807093568
0.0015401771410207266
0.0015077293571542332
0.0014771359091986975
0.0014482675995169671
0.0014210639583852919
0.0013955956808296781
0.001371809807049293
0.001349692294600623
0.001329182151522327
0.0013101883568107469
0.0012926735867611128
0.0012766318254558452
0.0012620536110645394
0.0012488984821688361
0.0012372132711645095
0.001226914918694232
0.0012180113166229683
0.0012104272013559324
0.001204190051699671
0.0011994248164277244
0.0011960509319435895
0.001194082788120673
0.0011934339392580431

# 0037_r0

1.3768125056625855
0.18588392262650624
0.06640673361009662
0.0393415504871746
0.03055999379087984
0.026615921164952167
0.024350332093746308
0.022804568668285143
0.02161917311290599
0.020635393346933407
0.019776754436385224
0.019002674656621848
0.018289840416759053
0.017624325521391385
0.016995898301017647
0.01639918124878611
0.015831087838209336
0.015288256047486565
0.014767606211559231
0.014267603316861074
0.01378711687178315
0.013324322159754484
0.012878481856423856
0.012449100354865988
0.012034434704271594
0.011633736099187207
0.011247379695714143
0.010873784156161932
0.010512603792327805
0.010163580128913703
0.009826679250348958
0.009501352222292703
0.009187038117938645
0.008883388595222705
0.008590232499836923
0.008306955359593294
0.008032854528411817
0.007767882052876756
0.007512180087798153
0.007265378898996158
0.007026450103884212
0.0067954944894532635
0.0065724580707169425
0.006356922804521939
0.006148673851887197
0.005947759940478282
0.005754390103693522
0.005567955659443859
0.005387981290120547
0.00521435371044573
0.005047160128725821
0.004885778956154105
0.004729715203127734
0.004578732974944077
0.00443269447013082
0.004291526040008591
0.004154989930743076
0.004023084634682115
0.003895697939263662
0.003772774970003429
0.003654253476995048
0.003540156160442028
0.003430359544097482
0.0033246430635082117
0.0032226950458735066
0.0031245657855378775
0.003030330810564246
0.0029395201571988075
0.002851722340494952
0.002766975982685226
0.0026852447212209964
0.002606594772258195
0.0025307720943024033
0.0024577120076219633
0.0023874088438150622
0.002319973761737458
0.002255150391153466
0.0021927757634959424
0.002132831620495184
0.002075197319639509
0.0020198939182424227
0.0019670165802210733
0.001916310703833258
0.0018677726556320868
0.0018214398697140063
0.0017771622807245607
0.001734838199885972
0.001694396817557372
0.0016558210914685604
0.00161914604907693
0.0015844294318982197
0.001551630671090405
0.0015206033833919676
0.0014913144521353572
0.0014636478106797
0.001437521048094734
0.0014130200988781362
0.0013900703753880622
0.0013686658842028208
0.0013487926189049509
0.0013304915649467116
0.0013136998195309461
0.001298394346693986
0.001284558246199389
0.0012722840096881793
0.0012614890732808456
0.0012521451675075329
0.0012443338783397827
0.0012381014340288993
0.001233306347440837
0.001229949708934174
0.0012279549513389675
0.0012272797537739458

# 0038_r0

1.376712169621825
0.1858064946308311
0.06634579149424885
0.0392967927139049
0.030535461806416874
0.02661141962587624
0.024362801134163677
0.022829920878036043
0.021653640972674
0.020678780402623276
0.019828331409036608
0.01905944319210986
0.01835088629365558
0.017688794316097677
0.017063902849563283
0.016470106385246795
0.015903386530839843
0.015360419061175351
0.014838613185312767
0.014336137543300643
0.013851777220964232
0.01338372037218806
0.012932836565164026
0.012497474202701243
0.012077227122140804
0.011672104627077915
0.011281355232641791
0.010904114670540891
0.010539412328796493
0.010187609770405075
0.009847734800016255
0.009519332008964534
0.009202126238183523
0.00889592879961671
0.008600191368353256
0.008314445763004266
0.008038438601367288
0.00777221899419228
0.007514879952377743
0.00726647137617273
0.007026138254596603
0.00679381624230379
0.006569779550037093
0.006353303382584499
0.006143798819025001
0.005941038897648285
0.005745130240081692
0.005556026636829402
0.0053736917857719405
0.0051976175019395054
0.0050275216051983195
0.004863122342973933
0.00470431794142965
0.004551146228653643
0.004403262243581882
0.004260210079839496
0.004122029768539984
0.003988488151934683
0.0038596434572518955
0.0037353444132622133
0.0036154634350628228
0.0035000298968247898
0.003388709947589368
0.003281222488512626
0.003177518811699754
0.0030774223360447756
0.0029809704460086192
0.0028880806128475144
0.002798687496549317
0.002712617415520484
0.002629713259562224
0.00254995388137997
0.002473301498273129
0.002399505678497367
0.002328538452821073
0.0022602867229660965
0.0021946765252820392
0.0021318076218857017
0.0020715572490623215
0.0020137392579407157
0.0019583062306601723
0.0019051124361702681
0.0018541412265571367
0.0018054447248139712
0.0017589734700911024
0.0017146734063372175
0.0016724864705395612
0.0016322030926856433
0.0015938062688395157
0.0015573376833485665
0.001522726905896626
0.001489921310974939
0.0014588151930375987
0.00142942365142609
0.0014017970102078356
0.0013759452049497399
0.0013518032678965432
0.001329321867751067
0.0013084780674372791
0.001289128079053663
0.0012712832507086689
0.0012548845920867665
0.0012398898311456962
0.001226378708905921
0.0012143784665854733
0.0012038891547613967
0.001194834021861943
0.0011871783648195343
0.0011809740042826914
0.0011762257693407852
0.0011728956059088593
0.0011709170581151488
0.0011702650742328278
