0                   0                   0                   0
1      0.003722809879       0.04277041497       0.04649322485
2      -0.00155328498      0.005910655052      0.004357370073
3    -0.0003016481994      0.001146980064     0.0008453318645
4    -6.776749616e-05     0.0002821183423     0.0002143508461
5    -1.817783994e-05     8.045639428e-05     6.227855434e-05
6    -5.516624115e-06     2.514869487e-05     1.963207076e-05
7    -1.812489127e-06     8.344690602e-06     6.532201475e-06
8    -6.275187583e-07     2.885911007e-06     2.258392248e-06
9     -2.25336783e-07     1.028757042e-06     8.034202587e-07
10    -8.311397343e-08     3.753119548e-07     2.921979814e-07
11    -3.129080028e-08     1.394454481e-07     1.081546478e-07
12    -1.197251711e-08     5.258231982e-08     4.060980271e-08
13    -4.641281241e-09     2.007170299e-08     1.543042175e-08
14    -1.818772026e-09     7.740889314e-09     5.922117288e-09
15    -7.191963336e-10     3.011623615e-09     2.292427281e-09
16    -2.865850144e-10     1.180567584e-09     8.939825694e-10
17    -1.149544743e-10     4.658428615e-10     3.508883872e-10
18    -4.637509813e-11     1.848847569e-10     1.385096587e-10
19     -1.88026655e-11     7.375467412e-11     5.495200862e-11
20    -7.657235128e-12     2.955730273e-11      2.19000676e-11
21    -3.130594293e-12      1.18938847e-11     8.763290408e-12
22    -1.284403447e-12     4.803887702e-12     3.519484255e-12
23    -5.286162662e-13     1.946806752e-12     1.418190486e-12
24    -2.181777241e-13     7.913785205e-13     5.732007964e-13
25    -9.028083876e-14     3.225998222e-13     2.323189834e-13
26    -3.744514327e-14     1.318448817e-13      9.43997384e-14
27     -1.55640317e-14      5.40124887e-14       3.8448457e-14
28     -6.48183454e-15     2.217579653e-14     1.569396199e-14
29    -2.704297614e-15     9.123242289e-15     6.418944675e-15
30     -1.13013644e-15      3.76047072e-15      2.63033428e-15
31    -4.730127354e-16     1.552753802e-15     1.079741067e-15
32    -1.982584647e-16     6.422146436e-16     4.439561789e-16
33    -8.320777447e-17     2.660293865e-16      1.82821612e-16
34    -3.496471107e-17     1.103594695e-16     7.539475843e-17
35    -1.470937494e-17     4.584401414e-17      3.11346392e-17
36    -6.194758807e-18      1.90684078e-17     1.287364899e-17
37    -2.611506335e-18     7.940970681e-18     5.329464346e-18
38    -1.101964076e-18     3.310787485e-18      2.20882341e-18
39    -4.654027329e-19     1.381850474e-18     9.164477409e-19
40    -1.967220658e-19     5.773489476e-19     3.806268817e-19
41    -8.321837353e-20     2.414574912e-19     1.582391176e-19
42    -3.522965227e-20      1.01075765e-19     6.584611277e-20
43    -1.492460816e-20     4.234849863e-20     2.742389046e-20
44    -6.326838654e-21     1.775806223e-20     1.143122358e-20
45    -2.683767042e-21     7.452515599e-21     4.768748558e-21
46    -1.139103506e-21     3.129999724e-21     1.990896218e-21
47    -4.837588812e-22     1.315543286e-21     8.317844052e-22
48    -2.055559602e-22     5.533140769e-22     3.477581167e-22
49                   0                   0                   0
50                   0                   0                   0
51                   0                   0                   0
52                   0                   0                   0
53                   0                   0                   0
54                   0                   0                   0
55                   0                   0                   0
56                   0                   0                   0
57                   0                   0                   0
58                   0                   0                   0
59                   0                   0                   0
60                   0                   0                   0
61                   0                   0                   0
62                   0                   0                   0
63                   0                   0                   0
64                   0                   0                   0
65                   0                   0                   0
66                   0                   0                   0
67                   0                   0                   0
68                   0                   0                   0
69                   0                   0                   0
70                   0                   0                   0
71                   0                   0                   0
72                   0                   0                   0
73                   0                   0                   0
74                   0                   0                   0
75                   0                   0                   0
76                   0                   0                   0
77                   0                   0                   0
78                   0                   0                   0
79                   0                   0                   0
80                   0                   0                   0
81                   0                   0                   0
82                   0                   0                   0
83                   0                   0                   0
84                   0                   0                   0
85                   0                   0                   0
86                   0                   0                   0
87                   0                   0                   0
88                   0                   0                   0
89                   0                   0                   0
90                   0                   0                   0
91                   0                   0                   0
92                   0                   0                   0
93                   0                   0                   0
94                   0                   0                   0
95                   0                   0                   0
