0                   0                   0                   0
1       0.01585121259       0.03064201226       0.04649322485
2    -0.0006802814645      0.005037651537      0.004357370073
3    -0.0002224019537      0.001067733818     0.0008453318645
4    -5.751998186e-05      0.000271870828     0.0002143508461
5    -1.607845509e-05     7.835700943e-05     6.227855434e-05
6    -4.905560479e-06     2.453763124e-05     1.963207076e-05
7    -1.602860363e-06     8.135061838e-06     6.532201475e-06
8    -5.508803781e-07     2.809272626e-06     2.258392248e-06
9    -1.965440199e-07     9.999642786e-07     8.034202587e-07
10    -7.213226512e-08     3.643302465e-07     2.921979814e-07
11    -2.705784562e-08     1.352124934e-07     1.081546478e-07
12    -1.032700901e-08     5.093681171e-08     4.060980271e-08
13     -3.99696031e-09     1.942738206e-08     1.543042175e-08
14    -1.564870766e-09     7.486988054e-09     5.922117288e-09
15    -6.185770864e-10     2.911004367e-09     2.292427281e-09
16    -2.465080699e-10     1.140490639e-09     8.939825694e-10
17    -9.891882131e-11     4.498072085e-10     3.508883872e-10
18     -3.99323934e-11     1.784420521e-10     1.385096587e-10
19    -1.620445116e-11     7.115645978e-11     5.495200862e-11
20    -6.605846714e-12     2.850591431e-11      2.19000676e-11
21    -2.703811759e-12     1.146710217e-11     8.763290408e-12
22     -1.11066578e-12     4.630150035e-12     3.519484255e-12
23    -4.577031418e-13     1.875893628e-12     1.418190486e-12
24    -1.891631048e-13     7.623639012e-13     5.732007964e-13
25    -7.838249481e-14     3.107014782e-13     2.323189834e-13
26     -3.25556316e-14       1.2695537e-13      9.43997384e-14
27    -1.355081361e-14     5.199927061e-14       3.8448457e-14
28    -5.651399301e-15      2.13453613e-14     1.569396199e-14
29    -2.361167372e-15     8.780112047e-15     6.418944675e-15
30    -9.881313383e-16     3.618465618e-15      2.63033428e-15
31    -4.141557146e-16     1.493896782e-15     1.079741067e-15
32    -1.738295959e-16     6.177857748e-16     4.439561789e-16
33    -7.305502014e-17     2.558766321e-16      1.82821612e-16
34     -3.07398983e-17     1.061346567e-16     7.539475843e-17
35     -1.29492464e-17      4.40838856e-17      3.11346392e-17
36    -5.460638478e-18     1.833428747e-17     1.287364899e-17
37    -2.304991997e-18     7.634456343e-18     5.329464346e-18
38    -9.738574314e-19     3.182680841e-18      2.20882341e-18
39    -4.118097173e-19     1.328257458e-18     9.164477409e-19
40    -1.742811628e-19     5.549080446e-19     3.806268817e-19
41     -7.38135774e-20      2.32052695e-19     1.582391176e-19
42    -3.128491595e-20     9.713102873e-20     6.584611277e-20
43    -1.326872424e-20      4.06926147e-20     2.742389046e-20
44    -5.631222002e-21     1.706244558e-20     1.143122358e-20
45    -2.391335614e-21     7.160084171e-21     4.768748558e-21
46    -1.016082624e-21     3.006978842e-21     1.990896218e-21
47    -4.319717461e-22     1.263756151e-21     8.317844052e-22
48    -1.837416495e-22     5.314997662e-22     3.477581167e-22
49    -7.819424477e-23     2.236849927e-22     1.454907479e-22
50     -3.32925141e-23     9.420034205e-23     6.090782795e-23
51    -1.418121448e-23     3.969525494e-23     2.551404046e-23
52    -6.043191084e-24     1.673726498e-23     1.069407389e-23
53    -2.576302848e-24     7.061225629e-24     4.484922781e-24
54    -1.098746072e-24      2.98068363e-24     1.881937559e-24
55     -4.68770453e-25     1.258875847e-24     7.901053941e-25
56     -2.00068486e-25     5.319522708e-25     3.318837848e-25
57    -8.541737211e-26      2.24893633e-25     1.394762609e-25
58    -3.648015528e-26     9.512371135e-26     5.864355606e-26
59    -1.558491163e-26     4.025319407e-26     2.466828243e-26
60     -6.66014637e-27      1.70413899e-26     1.038124353e-26
61     -2.84701557e-27     7.217657986e-27     4.370642416e-27
62    -1.217356299e-27     3.058215188e-27     1.840858889e-27
63    -5.206702816e-28     1.296326429e-27     7.756561479e-28
64    -2.227515608e-28     5.497050425e-28     3.269534817e-28
65                   0                   0                   0
66                   0                   0                   0
67                   0                   0                   0
68                   0                   0                   0
69                   0                   0                   0
70                   0                   0                   0
71                   0                   0                   0
72                   0                   0                   0
73                   0                   0                   0
74                   0                   0                   0
75                   0                   0                   0
76                   0                   0                   0
77                   0                   0                   0
78                   0                   0                   0
79                   0                   0                   0
80                   0                   0                   0
81                   0                   0                   0
82                   0                   0                   0
83                   0                   0                   0
84                   0                   0                   0
85                   0                   0                   0
86                   0                   0                   0
87                   0                   0                   0
88                   0                   0                   0
89                   0                   0                   0
90                   0                   0                   0
91                   0                   0                   0
92                   0                   0                   0
93                   0                   0                   0
94                   0                   0                   0
95                   0                   0                   0
96                   0                   0                   0
97                   0                   0                   0
98                   0                   0                   0
99                   0                   0                   0
100                   0                   0                   0
101                   0                   0                   0
102                   0                   0                   0
103                   0                   0                   0
104                   0                   0                   0
105                   0                   0                   0
106                   0                   0                   0
107                   0                   0                   0
108                   0                   0                   0
109                   0                   0                   0
110                   0                   0                   0
111                   0                   0                   0
112                   0                   0                   0
113                   0                   0                   0
114                   0                   0                   0
115                   0                   0                   0
116                   0                   0                   0
117                   0                   0                   0
118                   0                   0                   0
119                   0                   0                   0
120                   0                   0                   0
121                   0                   0                   0
122                   0                   0                   0
123                   0                   0                   0
124                   0                   0                   0
125                   0                   0                   0
126                   0                   0                   0
127                   0                   0                   0
