
0                             0                             0                             0
1          0.006014239090595903            0.0446457487233179            0.0506599878139138
2         -0.001209603371195443          0.007541607439157667          0.006332004067962225
3        -0.0002364769791596774           0.00211225419482949          0.001875777215669812
4        -5.581476334778142e-05         0.0008468710677194629         0.0007910563043716814
5        -1.745174921959812e-05         0.0004222441199745511          0.000404792370754953
6        -6.817086805883498e-06         0.0002408856179440238         0.0002340685311381403
7        -3.112421515595913e-06         0.0001503591941210026         0.0001472467726054067
8        -1.587097549229135e-06         0.0001000999468644336         9.851284931520448e-05
9        -8.786681698731772e-07         6.995525355964032e-05         6.907658538976714e-05
10         -5.18582277379278e-07          5.07783831472156e-05         5.025980086983632e-05
11        -3.221948316711496e-07         3.799841572810446e-05         3.767622089643331e-05
12        -2.088206194060379e-07         2.915458323458751e-05         2.894576261518148e-05
13        -1.402203658145332e-07         2.284086008558772e-05         2.270063971977319e-05
14        -9.703672344121565e-08         1.821367696413271e-05          1.81166402406915e-05
15        -6.891839753812513e-08         1.474582655190896e-05         1.467690815437084e-05
16        -5.006677898189683e-08         1.209619003740558e-05         1.204612325842369e-05
17         -3.71012115272656e-08         1.003736630979002e-05         1.000026509826276e-05
18        -2.798106034440772e-08         8.413774237743791e-06         8.385793177399383e-06
19        -2.143639850054525e-08         7.116514531718625e-06          7.09507813321808e-06
20        -1.665528418017596e-08         6.067808293192564e-06         6.051153009012388e-06
21        -1.310593133793179e-08         5.211094425045302e-06          5.19798849370737e-06
22        -1.043242609202974e-08         4.504571522511211e-06         4.494139096419182e-06
23        -8.391863275418288e-09         3.916892540342817e-06         3.908500677067399e-06
24        -6.815498930538304e-09         3.424237221775905e-06         3.417421722845366e-06
25        -5.584197861725322e-09           3.0082853616627e-06         3.002701163800975e-06
26        -4.612595057510972e-09         2.654790618516742e-06         2.650178023459231e-06
27        -3.838685353680626e-09         2.352561836541688e-06         2.348723151188007e-06
28        -3.216862408409003e-09         2.092725404944602e-06         2.089508542536193e-06
29        -2.713189867992437e-09         1.868184340162834e-06         1.865471150294841e-06
30        -2.302141598555407e-09         1.673216975386163e-06         1.670914833787608e-06
31        -1.964323913834423e-09         1.503175990796951e-06         1.501211666883117e-06
32        -1.684863786428545e-09         1.354260417253929e-06         1.352575553467501e-06
33         -1.45225482855315e-09         1.223341295580751e-06         1.221889040752198e-06
34        -1.257521904134251e-09         1.107827193209508e-06         1.106569671305373e-06
35        -1.093610141125203e-09         1.005559612931654e-06         1.004466002790529e-06
36        -9.549337289031577e-10         9.147310219458263e-07         9.137760882169231e-07
37        -8.370396729944164e-10         8.338201431286538e-07         8.329831034556594e-07
38        -7.363550640327309e-10         7.615405244031382e-07         7.608041693391055e-07
39        -6.499955770275676e-10         6.967993981787791e-07         6.961494026017515e-07
40        -5.756192534961151e-10         6.386645716807966e-07         6.380889524273005e-07
41        -5.113140476861529e-10         5.863376269327586e-07         5.858263128850725e-07
42           -4.555107455114e-10         5.391321094844294e-07          5.38676598738918e-07
43        -4.069150892051898e-10         4.964556852133509e-07         4.960487701241457e-07
44        -3.644545438552865e-10         4.577954713744731e-07         4.574310168306178e-07
45        -3.272363004148818e-10         4.227059206652334e-07         4.223786843648185e-07
46        -2.945139552275069e-10         3.907987692688179e-07         3.905042553135904e-07
47        -2.656609325064808e-10         3.617346617407236e-07         3.614690008082171e-07
48        -2.401491753989426e-10         3.352161446227868e-07         3.349759954473879e-07
49        -2.175319774156982e-10         3.109817823055283e-07         3.107642503281126e-07
50        -1.974300845935607e-10         2.888011969992079e-07         2.886037669146144e-07
51        -1.795203943680564e-10         2.684708727867813e-07         2.682913523924132e-07
52        -1.635267266625263e-10         2.498105939342812e-07         2.496470672076187e-07
53        -1.492122551921391e-10         2.326604116813726e-07         2.325111994261804e-07
54        -1.363732762419007e-10          2.16878052974642e-07         2.167416796984001e-07
55        -1.248340584767355e-10         2.023367000633379e-07         2.022118660048611e-07
56        -1.144425706630228e-10           1.8892308235276e-07          1.88808639782097e-07
57        -1.050669250226467e-10         1.765358320186463e-07         1.764307650936237e-07
58        -9.659240620474124e-11         1.650840631092962e-07         1.649874707030915e-07
59        -8.891898124948872e-11         1.544861405775477e-07         1.543972215962982e-07
60        -8.195920602244453e-11         1.446686111888234e-07          1.44586651982801e-07
61        -7.563645957298198e-11         1.355652727787576e-07         1.354896363191846e-07
62        -6.988345062483573e-11         1.271163620704917e-07         1.270464786198669e-07
63        -6.464095062440038e-11         1.192678443558814e-07          1.19203203405257e-07
64        -5.985671600320608e-11          1.11970790915205e-07         1.119109341992018e-07
65         -5.54845688477711e-11         1.051808321916672e-07         1.051253476228195e-07
66        -5.148361088428757e-11         9.885767652734122e-08         9.880619291645693e-08
67        -4.781754937725748e-11         9.296468576685033e-08         9.291686821747307e-08
68        -4.445411795034647e-11         8.746850029697266e-08         8.742404617902232e-08
69        -4.136457757801939e-11         8.233870715245712e-08          8.22973425748791e-08
70        -3.852328572612483e-11         7.754754571671188e-08         7.750902243098575e-08
71         -3.59073235199275e-11         7.306964630671836e-08         7.303373898319844e-08
72        -3.349617225895667e-11         6.888179757739457e-08         6.884830140513561e-08
73        -3.127143263506035e-11         6.496273923128366e-08          6.49314677986486e-08
74        -2.921657974939374e-11            6.129297698731e-08         6.126376040756061e-08
75        -2.731674967973724e-11         5.785461716535034e-08          5.78273004156706e-08
76        -2.555855274821206e-11         5.463121858589904e-08         5.460566003315083e-08
77        -2.392990997833588e-11         5.160765978016741e-08         5.158372987018908e-08
78        -2.241990958116519e-11         4.877001975996973e-08         4.874759985038856e-08
79        -2.101868079258328e-11         4.610547081599555e-08         4.608445213520297e-08
80        -1.971728277131054e-11         4.360218200249218e-08         4.358246471972087e-08
81        -1.850760659464473e-11         4.124923213036847e-08         4.123072452377383e-08
82        -1.738228866486666e-11          3.90365312329608e-08         3.901914894429594e-08
83        -1.633463407518494e-11         3.695474959228738e-08          3.69384149582122e-08
84        -1.535854868348394e-11         3.499525352118727e-08         3.497989497250378e-08
85        -1.444847881222689e-11         3.315004719053604e-08         3.313559871172381e-08
86        -1.359935763877456e-11         3.141171987264948e-08          3.13981205150107e-08
87        -1.280655746440363e-11         2.977339804365217e-08         2.976059148618777e-08
88        -1.206584715711492e-11         2.822870185038248e-08         2.821663600322537e-08
89        -1.137335415476109e-11         2.677170550251278e-08         2.676033214835802e-08
90        -1.072553049408218e-11         2.539690119899958e-08          2.53861756685055e-08
91        -1.011912242641291e-11         2.409916624063929e-08         2.408904711821287e-08
92        -9.551143018823712e-12         2.287373301786681e-08         2.286418187484798e-08
93        -9.018847963296541e-12         2.171616159688296e-08         2.170714274891967e-08
94        -8.519713313873343e-12         2.062231465497685e-08         2.061379494166297e-08
95        -8.051415843432627e-12          1.95883345438015e-08         1.958028312795806e-08
96        -7.611815197403404e-12         1.861062228082295e-08         1.860301046562554e-08
97        -7.198937825100187e-12         1.768581829035696e-08         1.767861935253186e-08
98         -6.81096247249376e-12         1.681078473353149e-08         1.680397377105899e-08
99        -6.446207070213936e-12         1.598258928268548e-08         1.597614307561527e-08
100        -6.103116870399842e-12         1.519849021009644e-08         1.519238709322604e-08
101        -5.780253701056316e-12         1.445592267375384e-08         1.445014242005279e-08
102        -5.476286223705935e-12            1.375248609435e-08          1.37470098081263e-08
103        -5.189981090944081e-12         1.308593252789518e-08         1.308074254680424e-08
104        -4.920194913266142e-12          1.24541559475265e-08         1.244923575261323e-08
105        -4.665866953750801e-12          1.18551823562869e-08         1.185051648933315e-08
106        -4.426012478533758e-12         1.128716066001152e-08         1.128273464753299e-08
107        -4.199716698450901e-12         1.074835423606686e-08         1.074415451936841e-08
108        -3.986129244297337e-12         1.023713313962714e-08         1.023314701038284e-08
109        -3.784459124256623e-12         9.751966894514702e-09         9.748182435390445e-09
110        -3.593970117269074e-12         9.291417820442288e-09         9.287823850325019e-09
111        -3.413976561193512e-12          8.85413485283135e-09         8.850720876270157e-09
112        -3.243839498569136e-12         8.438847815292902e-09         8.435603975794333e-09
113                             0                             0                             0
114                             0                             0                             0
115                             0                             0                             0
116                             0                             0                             0
117                             0                             0                             0
118                             0                             0                             0
119                             0                             0                             0
120                             0                             0                             0
121                             0                             0                             0
122                             0                             0                             0
123                             0                             0                             0
124                             0                             0                             0
125                             0                             0                             0
126                             0                             0                             0
127                             0                             0                             0
128                             0                             0                             0
129                             0                             0                             0
130                             0                             0                             0
131                             0                             0                             0
132                             0                             0                             0
133                             0                             0                             0
134                             0                             0                             0
135                             0                             0                             0
136                             0                             0                             0
137                             0                             0                             0
138                             0                             0                             0
139                             0                             0                             0
140                             0                             0                             0
141                             0                             0                             0
142                             0                             0                             0
143                             0                             0                             0
144                             0                             0                             0
145                             0                             0                             0
146                             0                             0                             0
147                             0                             0                             0
148                             0                             0                             0
149                             0                             0                             0
150                             0                             0                             0
151                             0                             0                             0
152                             0                             0                             0
153                             0                             0                             0
154                             0                             0                             0
155                             0                             0                             0
156                             0                             0                             0
157                             0                             0                             0
158                             0                             0                             0
159                             0                             0                             0
160                             0                             0                             0
161                             0                             0                             0
162                             0                             0                             0
163                             0                             0                             0
164                             0                             0                             0
165                             0                             0                             0
166                             0                             0                             0
167                             0                             0                             0
168                             0                             0                             0
169                             0                             0                             0
170                             0                             0                             0
171                             0                             0                             0
172                             0                             0                             0
173                             0                             0                             0
174                             0                             0                             0
175                             0                             0                             0
176                             0                             0                             0
177                             0                             0                             0
178                             0                             0                             0
179                             0                             0                             0
180                             0                             0                             0
181                             0                             0                             0
182                             0                             0                             0
183                             0                             0                             0
184                             0                             0                             0
185                             0                             0                             0
186                             0                             0                             0
187                             0                             0                             0
188                             0                             0                             0
189                             0                             0                             0
190                             0                             0                             0
191                             0                             0                             0
192                             0                             0                             0
193                             0                             0                             0
194                             0                             0                             0
195                             0                             0                             0
196                             0                             0                             0
197                             0                             0                             0
198                             0                             0                             0
199                             0                             0                             0
200                             0                             0                             0
201                             0                             0                             0
202                             0                             0                             0
203                             0                             0                             0
204                             0                             0                             0
205                             0                             0                             0
206                             0                             0                             0
207                             0                             0                             0
208                             0                             0                             0
209                             0                             0                             0
210                             0                             0                             0
211                             0                             0                             0
212                             0                             0                             0
213                             0                             0                             0
214                             0                             0                             0
215                             0                             0                             0
216                             0                             0                             0
217                             0                             0                             0
218                             0                             0                             0
219                             0                             0                             0
220                             0                             0                             0
221                             0                             0                             0
222                             0                             0                             0
223                             0                             0                             0
