
0                             0                             0                             0
1           0.01985888346433245           0.03080120870018477           0.05066009216451722
2        -0.0001517955398286207          0.006483896695540249          0.006332101155711628
3          -0.00013981244500197          0.002015680663982088          0.001875868218980118
4        -4.533942502918918e-05         0.0008364814085495631          0.000791141983520374
5        -1.608820081187195e-05         0.0004209614873544368         0.0004048732865425649
6         -6.59651304704074e-06         0.0002407416393588817          0.000234145126311841
7        -3.066368035965067e-06         0.0001503857795573904         0.0001473194115214253
8        -1.574458080462189e-06         0.0001001562984198688         9.858184033940663e-05
9        -8.741456494523026e-07         7.001634047211575e-05         6.914219482266345e-05
10        -5.165295851255287e-07         5.083879179568542e-05          5.03222622105599e-05
11        -3.210610363061964e-07         3.805680236300162e-05         3.773574132669543e-05
12        -2.080950039720749e-07         2.921062272421437e-05          2.90025277202423e-05
13        -1.397061993101638e-07         2.289452323558858e-05         2.275481703627842e-05
14        -9.664698554621992e-08         1.826502897850296e-05         1.816838199295674e-05
15        -6.860955351070401e-08         1.479496296447094e-05         1.472635341096024e-05
16         -4.98145764854408e-08          1.21432142398159e-05         1.209339966333046e-05
17        -3.689086215604857e-08         1.008238114483044e-05         1.004549028267439e-05
18        -2.780286457336696e-08         8.456878791398585e-06         8.429075926825218e-06
19        -2.128362128566683e-08         7.157802985269358e-06         7.136519363983691e-06
20        -1.652303908934419e-08         6.107369633015472e-06         6.090846593926128e-06
21        -1.299055143917372e-08         5.249012518210386e-06         5.236021966771212e-06
22        -1.033108646129587e-08         4.540925345824451e-06         4.530594259363155e-06
23        -8.302342015465776e-09         3.951756467344397e-06         3.943454125328932e-06
24        -6.736018884637267e-09         3.457681323686392e-06         3.450945304801755e-06
25        -5.513317755860137e-09         3.040375701958417e-06         3.034862384202557e-06
26        -4.549132273073733e-09         2.685589532108654e-06          2.68104039983558e-06
27        -3.781659706678245e-09         2.382128190031862e-06         2.378346530325184e-06
28        -3.165454335025745e-09         2.121114837154815e-06         2.117949382819789e-06
29        -2.666708758649645e-09         1.895449483447315e-06         1.892782774688666e-06
30        -2.260001443106677e-09         1.699407658847233e-06         1.697147657404126e-06
31        -1.926024324186714e-09         1.528339426774276e-06         1.526413402450089e-06
32        -1.649975033293299e-09         1.378441372502331e-06         1.376791397469037e-06
33        -1.420405923617334e-09         1.246582248517948e-06          1.24516184259433e-06
34        -1.228391020342401e-09         1.130168478525803e-06          1.12894008750546e-06
35        -1.066916848709575e-09         1.027039554749212e-06         1.025972637900502e-06
36        -9.304326549567132e-10         9.353860566052108e-07          9.34455623950254e-07
37        -8.145152893904859e-10         8.536849325769048e-07         8.528704172875143e-07
38        -7.156173736968064e-10         7.806480610546073e-07         7.799324436809105e-07
39        -6.308765240363362e-10         7.151811020335028e-07         7.145502255094665e-07
40        -5.579697185756801e-10         6.563503804009416e-07          6.55792410682366e-07
41        -4.950013210827767e-10         6.033560795055864e-07         6.028610781845036e-07
42        -4.404163283391893e-10         5.555104239716865e-07         5.550700076433473e-07
43        -3.929331285341966e-10         5.122198314658314e-07         5.118268983372972e-07
44        -3.514899131465965e-10         4.729702382318936e-07          4.72618748318747e-07
45        -3.152035238163531e-10         4.373149792922406e-07         4.369997757684242e-07
46         -2.83336007590452e-10         4.048647320624491e-07         4.045813960548586e-07
47         -2.55268257750502e-10         3.752791375128286e-07         3.750238692550781e-07
48        -2.304788369226392e-10         3.482597902947504e-07         3.480293114578278e-07
49        -2.085269203346754e-10         3.235443513860474e-07         3.233358244657128e-07
50        -1.890384930588396e-10         3.009015850906053e-07         3.007125465975465e-07
51        -1.716951301753471e-10         2.801271603429302e-07         2.799554652127549e-07
52        -1.562248371434506e-10         2.610400864725523e-07         2.608838616354089e-07
53        -1.423945410842782e-10          2.43479677633812e-07         2.433372830927278e-07
54        -1.300039109287712e-10          2.27302959346575e-07         2.271729554356463e-07
55        -1.188802517797932e-10          2.12382446053599e-07         2.122635658018192e-07
56        -1.088742712370863e-10         1.986042310765133e-07         1.984953568052763e-07
57        -9.985655632146049e-11          1.85866340462041e-07         1.857664839057196e-07
58        -9.171463171388311e-11         1.740773104345966e-07         1.739855958028828e-07
59        -8.435049530282199e-11          1.63154954887797e-07         1.630706043924942e-07
60        -7.767854703508528e-11         1.530252948524295e-07         1.529476163053944e-07
61        -7.162384296495027e-11          1.43621626406532e-07         1.435500025635671e-07
62        -6.612061907836244e-11           1.3488370723054e-07         1.348175866114616e-07
63        -6.111103963571099e-11         1.267570451052549e-07         1.266959340656192e-07
64        -5.654413294438732e-11         1.191922742213119e-07         1.191357300883675e-07
65        -5.237488407021678e-11         1.121446073111374e-07         1.120922324270672e-07
66        -4.856345933703934e-11         1.055733534048741e-07          1.05524789945537e-07
67        -4.507454180642648e-11         9.944149251250063e-08          9.93964179706942e-08
68        -4.187676046809397e-11         9.371529979579577e-08         9.367342303532767e-08
69        -3.894219876818512e-11         8.836401285691324e-08         8.832507065814506e-08
70        -3.624597047934681e-11          8.33595366686871e-08         8.332329069820775e-08
71        -3.376585287122114e-11         7.867618143282352e-08          7.86424155799523e-08
72        -3.148196875574403e-11         7.429042929845016e-08         7.425894732969442e-08
73        -2.937651031782318e-11         7.018072642368533e-08         7.015134991336751e-08
74        -2.743349875106487e-11         6.632729733234502e-08         6.629986383359396e-08
75         -2.56385746453098e-11         6.271197891938057e-08         6.268634034473526e-08
76        -2.397881482219706e-11         5.931807180270339e-08         5.929409298788119e-08
77         -2.24425720326105e-11         5.613020701465658e-08         5.610776444262397e-08
78        -2.101933432529404e-11         5.313422628060141e-08         5.311320694627612e-08
79        -1.969960153264627e-11          5.03170743516244e-08         5.029737475009175e-08
80         -1.84747765574166e-11         4.766670204777037e-08         4.764822727121296e-08
81        -1.733706954024458e-11         4.517197883237813e-08         4.515464176283789e-08
82        -1.627941324142586e-11          4.28226138804071e-08         4.280633446716567e-08
83        -1.529538820518069e-11         4.060908472732375e-08         4.059378933911857e-08
84         -1.43791564725562e-11         3.852257269277466e-08          3.85081935363021e-08
85        -1.352540277701761e-11         3.655490436714668e-08         3.654137896436966e-08
86        -1.272928230091859e-11         3.469849853110816e-08         3.468576924880725e-08
87        -1.198637419360867e-11         3.294631794995807e-08         3.293433157576446e-08
88        -1.129264015751095e-11         3.129182554746631e-08          3.12805329073088e-08
89        -1.064438749856632e-11         2.972894451905441e-08         2.971830013155585e-08
90        -1.003823611566212e-11           2.8252021992654e-08         2.824198375653833e-08
91        -9.471088970148624e-12         2.685579588826376e-08         2.684632479929361e-08
92        -8.940105634723937e-12         2.553536466485379e-08         2.552642455921906e-08
93        -8.442678570880025e-12         2.428615967648391e-08         2.427771699791303e-08
94        -7.976411827350893e-12         2.310391988886885e-08          2.30959434770415e-08
95        -7.539101889266746e-12         2.198466873361824e-08         2.197712963172897e-08
96        -7.128720441284976e-12         2.092469290042323e-08         2.091756417998195e-08
97                             0                             0                             0
98                             0                             0                             0
99                             0                             0                             0
100                             0                             0                             0
101                             0                             0                             0
102                             0                             0                             0
103                             0                             0                             0
104                             0                             0                             0
105                             0                             0                             0
106                             0                             0                             0
107                             0                             0                             0
108                             0                             0                             0
109                             0                             0                             0
110                             0                             0                             0
111                             0                             0                             0
112                             0                             0                             0
113                             0                             0                             0
114                             0                             0                             0
115                             0                             0                             0
116                             0                             0                             0
117                             0                             0                             0
118                             0                             0                             0
119                             0                             0                             0
120                             0                             0                             0
121                             0                             0                             0
122                             0                             0                             0
123                             0                             0                             0
124                             0                             0                             0
125                             0                             0                             0
126                             0                             0                             0
127                             0                             0                             0
128                             0                             0                             0
129                             0                             0                             0
130                             0                             0                             0
131                             0                             0                             0
132                             0                             0                             0
133                             0                             0                             0
134                             0                             0                             0
135                             0                             0                             0
136                             0                             0                             0
137                             0                             0                             0
138                             0                             0                             0
139                             0                             0                             0
140                             0                             0                             0
141                             0                             0                             0
142                             0                             0                             0
143                             0                             0                             0
144                             0                             0                             0
145                             0                             0                             0
146                             0                             0                             0
147                             0                             0                             0
148                             0                             0                             0
149                             0                             0                             0
150                             0                             0                             0
151                             0                             0                             0
152                             0                             0                             0
153                             0                             0                             0
154                             0                             0                             0
155                             0                             0                             0
156                             0                             0                             0
157                             0                             0                             0
158                             0                             0                             0
159                             0                             0                             0
160                             0                             0                             0
161                             0                             0                             0
162                             0                             0                             0
163                             0                             0                             0
164                             0                             0                             0
165                             0                             0                             0
166                             0                             0                             0
167                             0                             0                             0
168                             0                             0                             0
169                             0                             0                             0
170                             0                             0                             0
171                             0                             0                             0
172                             0                             0                             0
173                             0                             0                             0
174                             0                             0                             0
175                             0                             0                             0
176                             0                             0                             0
177                             0                             0                             0
178                             0                             0                             0
179                             0                             0                             0
180                             0                             0                             0
181                             0                             0                             0
182                             0                             0                             0
183                             0                             0                             0
184                             0                             0                             0
185                             0                             0                             0
186                             0                             0                             0
187                             0                             0                             0
188                             0                             0                             0
189                             0                             0                             0
190                             0                             0                             0
191                             0                             0                             0
