
0                             0                             0                             0
1          0.006014640675746405           0.04464545148877082           0.05066009216451722
2         -0.001209520040103969          0.007541621195815597          0.006332101155711628
3        -0.0002364492234059946          0.002112317442386112          0.001875868218980118
4        -5.580259437093353e-05         0.0008469445778913075          0.000791141983520374
5        -1.744544412095447e-05         0.0004223187306635194         0.0004048732865425649
6        -6.813429168694144e-06         0.0002409585554805351          0.000234145126311841
7        -3.110120144978861e-06         0.0001504295316664042         0.0001473194115214253
8        -1.585559148489302e-06         0.0001001673994878959         9.858184033940663e-05
9        -8.775908649892453e-07          7.00197856876527e-05         6.914219482266345e-05
10        -5.177997365243272e-07         5.084006194708422e-05          5.03222622105599e-05
11        -3.216093975691626e-07         3.805735072426459e-05         3.773574132669543e-05
12        -2.083719236330101e-07         2.921089964387531e-05          2.90025277202423e-05
13        -1.398694700589761e-07         2.289468650633739e-05         2.275481703627842e-05
14        -9.675760138452702e-08         1.826513959434126e-05         1.816838199295674e-05
15        -6.869311890265728e-08         1.479504652986289e-05         1.472635341096024e-05
16         -4.98826656668998e-08         1.214328232899736e-05         1.209339966333046e-05
17        -3.694909439261165e-08         1.008243937706701e-05         1.004549028267439e-05
18         -2.78541754941265e-08         8.456930102319345e-06         8.429075926825218e-06
19        -2.132966837074098e-08         7.157849032354432e-06         7.136519363983691e-06
20        -1.656483740583403e-08         6.107411431331962e-06         6.090846593926128e-06
21        -1.302877487551962e-08         5.249050741646732e-06         5.236021966771212e-06
22        -1.036621681189314e-08         4.540960476175048e-06         4.530594259363155e-06
23        -8.334745968602216e-09         3.951788871297534e-06         3.943454125328932e-06
24        -6.765989539246012e-09         3.457711294341001e-06         3.450945304801755e-06
25        -5.541098055645824e-09         3.040403482258203e-06         3.034862384202557e-06
26        -4.574928896597533e-09         2.685615328732178e-06          2.68104039983558e-06
27        -3.805651739528087e-09         2.382152182064712e-06         2.378346530325184e-06
28        -3.187798982150184e-09         2.121137181801939e-06         2.117949382819789e-06
29        -2.687545310375763e-09         1.895470319999041e-06         1.892782774688666e-06
30        -2.279454166418015e-09         1.699427111570544e-06         1.697147657404126e-06
31        -1.944204662451319e-09          1.52835760711254e-06         1.526413402450089e-06
32        -1.666983340301736e-09         1.378458380809339e-06         1.376791397469037e-06
33        -1.436332869757756e-09         1.246598175464088e-06          1.24516184259433e-06
34        -1.243318758203433e-09         1.130183406263664e-06          1.12894008750546e-06
35        -1.080919995601473e-09         1.027053557896104e-06         1.025972637900502e-06
36         -9.43579131720684e-10         9.353992030819747e-07          9.34455623950254e-07
37        -8.268670435272285e-10         8.536972843310415e-07         8.528704172875143e-07
38        -7.272310074841131e-10         7.806596746883946e-07         7.799324436809105e-07
39        -6.418038433832545e-10         7.151920293528497e-07         7.145502255094665e-07
40         -5.68258214931214e-10         6.563606688972972e-07          6.55792410682366e-07
41        -5.046945962559444e-10         6.033657727807596e-07         6.028610781845036e-07
42        -4.495545324582555e-10         5.555195621758055e-07         5.550700076433473e-07
43        -4.015530446921572e-10         5.122284513819893e-07         5.118268983372972e-07
44        -3.596256270522448e-10         4.729783739457993e-07          4.72618748318747e-07
45        -3.228864394843474e-10         4.373226622079085e-07         4.369997757684242e-07
46        -2.905951458264088e-10          4.04871991200685e-07         4.045813960548586e-07
47        -2.621304677571378e-10         3.752859997228353e-07         3.750238692550781e-07
48        -2.369689861611467e-10         3.482662804439889e-07         3.480293114578278e-07
49        -2.146680651917508e-10         3.235504925309045e-07         3.233358244657128e-07
50        -1.948520325296934e-10         3.009073986300762e-07         3.007125465975465e-07
51        -1.772009444880051e-10         2.801326661572429e-07         2.799554652127549e-07
52        -1.614414130028977e-10         2.610453030484118e-07         2.608838616354089e-07
53        -1.473390850062613e-10          2.43484622177734e-07         2.433372830927278e-07
54        -1.346924519497967e-10         2.273076478875961e-07         2.271729554356463e-07
55        -1.233277346769936e-10         2.123868935364962e-07         2.122635658018192e-07
56        -1.130946412539616e-10         1.986084514465302e-07         1.984953568052763e-07
57        -1.038628362791372e-10         1.858703467419987e-07         1.857664839057196e-07
58        -9.551899228581141e-11         1.740811147951686e-07         1.739855958028828e-07
59        -8.796431914131082e-11         1.631585687116355e-07         1.630706043924942e-07
60        -8.111248736112724e-11         1.530287287927555e-07         1.529476163053944e-07
61        -7.488787716372838e-11         1.436248904407308e-07         1.435500025635671e-07
62        -6.922409778417418e-11         1.348868107092458e-07         1.348175866114616e-07
63        -6.406273173755517e-11         1.267599967973568e-07         1.266959340656192e-07
64        -5.935226689615797e-11         1.191950823552637e-07         1.191357300883675e-07
65        -5.504718585035232e-11         1.121472796129176e-07         1.120922324270672e-07
66        -5.110718736573533e-11         1.055758971329028e-07          1.05524789945537e-07
67        -4.749651909686218e-11         9.944391448979106e-08          9.93964179706942e-08
68        -4.418340425944331e-11         9.371760643958712e-08         9.367342303532767e-08
69        -4.113954786462414e-11         8.836621020600968e-08         8.832507065814506e-08
70        -3.833971049555299e-11         8.336163040870331e-08         8.332329069820775e-08
71        -3.576133956577532e-11         7.867817691951807e-08          7.86424155799523e-08
72        -3.338424961649451e-11         7.429233157931091e-08         7.425894732969442e-08
73        -3.119034454691343e-11         7.018254025791442e-08         7.015134991336751e-08
74        -2.916337578373395e-11         6.632902720937769e-08         6.629986383359396e-08
75        -2.728873132159282e-11         6.271362907605685e-08         6.268634034473526e-08
76        -2.555325133662169e-11         5.931964623921781e-08         5.929409298788119e-08
77        -2.394506672367022e-11         5.613170950934764e-08         5.610776444262397e-08
78        -2.245345744717811e-11          5.31356604037233e-08         5.311320694627612e-08
79        -2.106872805322602e-11         5.031844347814498e-08         5.029737475009175e-08
80        -1.978209807371592e-11         4.766800936928667e-08         4.764822727121296e-08
81        -1.858560537718547e-11         4.517322736821508e-08         4.515464176283789e-08
82        -1.747202079723072e-11          4.28238064879629e-08         4.280633446716567e-08
83        -1.643477260042761e-11           4.0610224111719e-08         4.059378933911857e-08
84        -1.546787955576039e-11         3.852366141585786e-08          3.85081935363021e-08
85        -1.456589153460985e-11         3.655594485590427e-08         3.654137896436966e-08
86         -1.37238367159242e-11         3.469949308552317e-08         3.468576924880725e-08
87        -1.293717459335397e-11         3.294726875035781e-08         3.293433157576446e-08
88        -1.220175408757355e-11         3.129273466139637e-08          3.12805329073088e-08
89        -1.151377615706899e-11         2.972981390771291e-08         2.971830013155585e-08
90         -1.08697603793365e-11         2.825285351691767e-08         2.824198375653833e-08
91        -1.026651504101419e-11         2.685659131433462e-08         2.684632479929361e-08
92        -9.701110334100172e-12         2.553612566955316e-08         2.552642455921906e-08
93        -9.170854305136919e-12         2.428688785221817e-08         2.427771699791303e-08
94        -8.673271248175033e-12         2.310461674828968e-08          2.30959434770415e-08
95        -8.206082269274706e-12         2.198533571399825e-08         2.197712963172897e-08
96        -7.767187784270542e-12         2.092533136776622e-08         2.091756417998195e-08
97                             0                             0                             0
98                             0                             0                             0
99                             0                             0                             0
100                             0                             0                             0
101                             0                             0                             0
102                             0                             0                             0
103                             0                             0                             0
104                             0                             0                             0
105                             0                             0                             0
106                             0                             0                             0
107                             0                             0                             0
108                             0                             0                             0
109                             0                             0                             0
110                             0                             0                             0
111                             0                             0                             0
112                             0                             0                             0
113                             0                             0                             0
114                             0                             0                             0
115                             0                             0                             0
116                             0                             0                             0
117                             0                             0                             0
118                             0                             0                             0
119                             0                             0                             0
120                             0                             0                             0
121                             0                             0                             0
122                             0                             0                             0
123                             0                             0                             0
124                             0                             0                             0
125                             0                             0                             0
126                             0                             0                             0
127                             0                             0                             0
128                             0                             0                             0
129                             0                             0                             0
130                             0                             0                             0
131                             0                             0                             0
132                             0                             0                             0
133                             0                             0                             0
134                             0                             0                             0
135                             0                             0                             0
136                             0                             0                             0
137                             0                             0                             0
138                             0                             0                             0
139                             0                             0                             0
140                             0                             0                             0
141                             0                             0                             0
142                             0                             0                             0
143                             0                             0                             0
144                             0                             0                             0
145                             0                             0                             0
146                             0                             0                             0
147                             0                             0                             0
148                             0                             0                             0
149                             0                             0                             0
150                             0                             0                             0
151                             0                             0                             0
152                             0                             0                             0
153                             0                             0                             0
154                             0                             0                             0
155                             0                             0                             0
156                             0                             0                             0
157                             0                             0                             0
158                             0                             0                             0
159                             0                             0                             0
160                             0                             0                             0
161                             0                             0                             0
162                             0                             0                             0
163                             0                             0                             0
164                             0                             0                             0
165                             0                             0                             0
166                             0                             0                             0
167                             0                             0                             0
168                             0                             0                             0
169                             0                             0                             0
170                             0                             0                             0
171                             0                             0                             0
172                             0                             0                             0
173                             0                             0                             0
174                             0                             0                             0
175                             0                             0                             0
176                             0                             0                             0
177                             0                             0                             0
178                             0                             0                             0
179                             0                             0                             0
180                             0                             0                             0
181                             0                             0                             0
182                             0                             0                             0
183                             0                             0                             0
184                             0                             0                             0
185                             0                             0                             0
186                             0                             0                             0
187                             0                             0                             0
188                             0                             0                             0
189                             0                             0                             0
190                             0                             0                             0
191                             0                             0                             0
