
0                             0                             0                             0
1           0.01985445040904486           0.03080497967217588           0.05065943008122074
2        -0.0001525690541150345          0.006484059131503113          0.006331490077388079
3        -0.0001400206326230096          0.002015320149115748          0.001875299516492738
4        -4.541904768357551e-05         0.0008360291468143428         0.0007906100991307673
5        -1.612659604134707e-05         0.0004205007251505479         0.0004043741291092009
6         -6.61792271293104e-06          0.000240293396110043          0.000233675473397112
7        -3.079501989072044e-06           0.00014995611995948         0.0001468766179704079
8         -1.58307336123091e-06         9.974674693512999e-05         9.816367357389908e-05
9        -8.800842077590976e-07         6.962681658166677e-05         6.874673237390768e-05
10        -5.207824699463687e-07         5.046860596316503e-05         4.994782349321866e-05
11        -3.242004589511544e-07         3.770504030409166e-05         3.738083984514051e-05
12        -2.104702059834427e-07         2.887630644498897e-05         2.866583623900553e-05
13        -1.415401252137513e-07         2.257668150736685e-05         2.243514138215309e-05
14        -9.808733775962855e-08         1.796272816982255e-05         1.786464083206292e-05
15         -6.97572887395519e-08         1.450731958545334e-05         1.443756229671378e-05
16        -5.074056209501313e-08         1.186939878282233e-05         1.181865822072732e-05
17        -3.764600050625832e-08         9.821617749803603e-06         9.783971749297345e-06
18        -2.842445751887513e-08         8.208442957789702e-06         8.180018500270827e-06
19        -2.179948988171693e-08         6.921018447968227e-06          6.89921895808651e-06
20        -1.695425964976087e-08          5.88160497019854e-06         5.864650710548779e-06
21        -1.335331442532701e-08         5.033677777405566e-06         5.020324462980239e-06
22        -1.063798530029053e-08         4.335468827290985e-06         4.324830841990695e-06
23        -8.563283073890618e-09         3.755661725954204e-06         3.747098442880314e-06
24        -6.958874595627423e-09         3.270464409337049e-06         3.263505534741422e-06
25        -5.704402432090444e-09         2.861582637152491e-06           2.8558782347204e-06
26        -4.713553477278996e-09         2.514794014700965e-06         2.510080461223686e-06
27        -3.923580971950045e-09         2.218929504409589e-06         2.215005923437639e-06
28        -3.288293851634269e-09         1.965135955551887e-06         1.961847661700253e-06
29        -2.773291222841019e-09          1.74633533923617e-06         1.743562048013329e-06
30        -2.352675242105237e-09         1.556823574637343e-06         1.554470899395237e-06
31        -2.006752788482933e-09         1.391969681517829e-06         1.389962928729346e-06
32        -1.720408092328963e-09           1.2479878933019e-06         1.246267485209571e-06
33        -1.481936813806617e-09         1.121763414310096e-06         1.120281477496289e-06
34        -1.282201491633393e-09         1.010718024207779e-06         1.009435822716145e-06
35        -1.114013448421876e-09         9.127055655908885e-07         9.115915521424666e-07
36         -9.71676038010001e-10          8.25930043938046e-07          8.24958367900036e-07
37        -8.506440353600963e-10         7.488809827692879e-07         7.480303387339278e-07
38        -7.472674131369211e-10         6.802820506533033e-07         6.795347832401663e-07
39        -6.585972872373428e-10         6.190499730156139e-07         6.183913757283766e-07
40        -5.822371061264364e-10         5.642614693612325e-07          5.63679232255106e-07
41         -5.16228817573283e-10         5.151264965882054e-07         5.146102677706322e-07
42        -4.589641510223145e-10         4.709664765783436e-07         4.705075124273213e-07
43        -4.091156276925024e-10         4.311964886584093e-07         4.307873730307168e-07
44        -3.655823617257482e-10           3.9531063315247e-07         3.949450507907443e-07
45        -3.274472866833373e-10         3.628699451957661e-07         3.625424979090828e-07
46        -2.939431896068637e-10         3.334923700308687e-07         3.331984268412618e-07
47        -2.644255996862387e-10         3.068444129074478e-07         3.065799873077616e-07
48        -2.383510361106635e-10         2.826341556900188e-07         2.823958046539081e-07
49         -2.15259469893002e-10         2.606053938893727e-07         2.603901344194797e-07
50        -1.947601167414812e-10         2.405326961513681e-07         2.403379360346266e-07
51        -1.765198764021912e-10         2.222172263305121e-07         2.220407064541099e-07
52        -1.602538848183069e-10         2.054831984606375e-07         2.053229445758192e-07
53        -1.457177609231933e-10         1.901748589688303e-07         1.900291412079071e-07
54        -1.327012187476806e-10         1.761539097039492e-07         1.760212084852015e-07
55        -1.210227842522734e-10         1.632973007982372e-07         1.631762780139849e-07
56        -1.105254097279064e-10         1.514953348452469e-07          1.51384809435519e-07
57        -1.010728203640142e-10         1.406500339768231e-07         1.405489611564591e-07
58        -9.254646034837167e-11         1.306737296373803e-07         1.305811831770319e-07
59        -8.484293170913662e-11         1.214878415621434e-07         1.214029986304342e-07
60        -7.787183957217949e-11         1.130218179639288e-07         1.129439461243566e-07
61        -7.155397378434254e-11         1.052122134548373e-07         1.051406594810529e-07
62        -6.581976985206009e-11         9.800188496090263e-08         9.793606519105057e-08
63        -6.060800256511732e-11         9.133928897750344e-08         9.127868097493832e-08
64        -5.586467406023689e-11         8.517786607976505e-08         8.512200140570482e-08
65                             0                             0                             0
66                             0                             0                             0
67                             0                             0                             0
68                             0                             0                             0
69                             0                             0                             0
70                             0                             0                             0
71                             0                             0                             0
72                             0                             0                             0
73                             0                             0                             0
74                             0                             0                             0
75                             0                             0                             0
76                             0                             0                             0
77                             0                             0                             0
78                             0                             0                             0
79                             0                             0                             0
80                             0                             0                             0
81                             0                             0                             0
82                             0                             0                             0
83                             0                             0                             0
84                             0                             0                             0
85                             0                             0                             0
86                             0                             0                             0
87                             0                             0                             0
88                             0                             0                             0
89                             0                             0                             0
90                             0                             0                             0
91                             0                             0                             0
92                             0                             0                             0
93                             0                             0                             0
94                             0                             0                             0
95                             0                             0                             0
96                             0                             0                             0
97                             0                             0                             0
98                             0                             0                             0
99                             0                             0                             0
100                             0                             0                             0
101                             0                             0                             0
102                             0                             0                             0
103                             0                             0                             0
104                             0                             0                             0
105                             0                             0                             0
106                             0                             0                             0
107                             0                             0                             0
108                             0                             0                             0
109                             0                             0                             0
110                             0                             0                             0
111                             0                             0                             0
112                             0                             0                             0
113                             0                             0                             0
114                             0                             0                             0
115                             0                             0                             0
116                             0                             0                             0
117                             0                             0                             0
118                             0                             0                             0
119                             0                             0                             0
120                             0                             0                             0
121                             0                             0                             0
122                             0                             0                             0
123                             0                             0                             0
124                             0                             0                             0
125                             0                             0                             0
126                             0                             0                             0
127                             0                             0                             0
