
0                             0                             0                             0
1          0.006012373167250194           0.04464705691397055           0.05065943008122074
2         -0.001209990592054013          0.007541480669442092          0.006331490077388079
3        -0.0002366059517828376          0.002111905468275576          0.001875299516492738
4        -5.587129890496857e-05         0.0008464813980357358         0.0007906100991307673
5        -1.748103038779814e-05          0.000421855159496999         0.0004043741291092009
6        -6.834061848842965e-06         0.0002405095352459549          0.000233675473397112
7        -3.123091912827803e-06         0.0001499997098832357         0.0001468766179704079
8        -1.594221281780482e-06         9.975789485567956e-05         9.816367357389908e-05
9           -8.836486946156e-07         6.963038106852328e-05         6.874673237390768e-05
10        -5.221929864351204e-07         5.047001647965378e-05         4.994782349321866e-05
11        -3.248898473351457e-07         3.770572969247565e-05         3.738083984514051e-05
12        -2.108806865924525e-07         2.887671692559798e-05         2.866583623900553e-05
13        -1.418265751694934e-07         2.257696795732259e-05         2.243514138215309e-05
14        -9.831011558823974e-08         1.796295094765116e-05         1.786464083206292e-05
15        -6.994235624283405e-08         1.450750465295662e-05         1.443756229671378e-05
16        -5.090025616583962e-08         1.186955847689316e-05         1.181865822072732e-05
17        -3.778683480676688e-08         9.821758584104112e-06         9.783971749297345e-06
18           -2.855026691173e-08         8.208568767182557e-06         8.180018500270827e-06
19        -2.191277948016565e-08         6.921131737566676e-06          6.89921895808651e-06
20        -1.705681845324317e-08         5.881707529002022e-06         5.864650710548779e-06
21        -1.344651114042409e-08         5.033770974120663e-06         5.020324462980239e-06
22        -1.072291989276635e-08         4.335553761883461e-06         4.324830841990695e-06
23        -8.640869662781396e-09         3.755739312543095e-06         3.747098442880314e-06
24        -7.029890077490705e-09         3.270535424818912e-06         3.263505534741422e-06
25        -5.769517119420925e-09         2.861647751839821e-06           2.8558782347204e-06
26        -4.773351772317377e-09         2.514853812996003e-06         2.510080461223686e-06
27        -3.978576188925282e-09         2.218984499626564e-06         2.215005923437639e-06
28        -3.338939387906724e-09         1.965186601088159e-06         1.961847661700253e-06
29        -2.819989311339435e-09         1.746382037324669e-06         1.743562048013329e-06
30        -2.395784010252832e-09          1.55686668340549e-06         1.554470899395237e-06
31         -2.04659207314338e-09          1.39200952080249e-06         1.389962928729346e-06
32        -1.757264304516721e-09         1.248024749514088e-06         1.246267485209571e-06
33        -1.516067054963812e-09         1.121797544551253e-06         1.120281477496289e-06
34        -1.313837066555613e-09         1.010749659782701e-06         1.009435822716145e-06
35        -1.143362883214001e-09         9.127349150256806e-07         9.115915521424666e-07
36        -9.989276866329595e-10          8.25957295586669e-07          8.24958367900036e-07
37        -8.759683407924075e-10         7.489063070747202e-07         7.480303387339278e-07
38          -7.7081891547075e-10         6.803056021556371e-07         6.795347832401663e-07
39        -6.805161873608251e-10         6.190718919157374e-07         6.183913757283766e-07
40        -6.026510079497484e-10         5.642818832630558e-07          5.63679232255106e-07
41        -5.352538960523477e-10         5.151455216666845e-07         5.146102677706322e-07
42        -4.767063581640474e-10         4.709842187854853e-07         4.705075124273213e-07
43        -4.256717229797089e-10         4.312130447536965e-07         4.307873730307168e-07
44        -3.810408241181333e-10         3.953260916148624e-07         3.949450507907443e-07
45        -3.418891235572635e-10         3.628843870326401e-07         3.625424979090828e-07
46         -3.07442655767633e-10         3.335058694970295e-07         3.331984268412618e-07
47        -2.770508377182244e-10         3.068570381454798e-07         3.065799873077616e-07
48         -2.50164647759531e-10         2.826459693016677e-07         2.823958046539081e-07
49        -2.263190268438346e-10         2.606164534463235e-07         2.603901344194797e-07
50        -2.051186180277949e-10         2.405430546526544e-07         2.403379360346266e-07
51        -1.862261587196526e-10         2.222269326128296e-07         2.220407064541099e-07
52        -1.693529911963794e-10         2.054922975670156e-07         2.053229445758192e-07
53        -1.542512725057191e-10         1.901833924804128e-07         1.900291412079071e-07
54        -1.407075538305308e-10         1.761619160390321e-07         1.760212084852015e-07
55        -1.285374682062251e-10         1.633048154821911e-07         1.631762780139849e-07
56        -1.175813189890248e-10         1.515023907545081e-07          1.51384809435519e-07
57        -1.077004032865082e-10         1.406566615597456e-07         1.405489611564591e-07
58        -9.877393737962896e-11         1.306799571144115e-07         1.305811831770319e-07
59        -9.069647705557962e-11         1.214936951074898e-07         1.214029986304342e-07
60        -8.337574627224901e-11         1.130273218706289e-07         1.129439461243566e-07
61         -7.67308038840777e-11          1.05217390284937e-07         1.051406594810529e-07
62        -7.069049118650643e-11         9.800675568223707e-08         9.793606519105057e-08
63        -6.519211347916379e-11         9.134387308841748e-08         9.127868097493832e-08
64        -6.018031725635551e-11         8.518218172296117e-08         8.512200140570482e-08
65                             0                             0                             0
66                             0                             0                             0
67                             0                             0                             0
68                             0                             0                             0
69                             0                             0                             0
70                             0                             0                             0
71                             0                             0                             0
72                             0                             0                             0
73                             0                             0                             0
74                             0                             0                             0
75                             0                             0                             0
76                             0                             0                             0
77                             0                             0                             0
78                             0                             0                             0
79                             0                             0                             0
80                             0                             0                             0
81                             0                             0                             0
82                             0                             0                             0
83                             0                             0                             0
84                             0                             0                             0
85                             0                             0                             0
86                             0                             0                             0
87                             0                             0                             0
88                             0                             0                             0
89                             0                             0                             0
90                             0                             0                             0
91                             0                             0                             0
92                             0                             0                             0
93                             0                             0                             0
94                             0                             0                             0
95                             0                             0                             0
96                             0                             0                             0
97                             0                             0                             0
98                             0                             0                             0
99                             0                             0                             0
100                             0                             0                             0
101                             0                             0                             0
102                             0                             0                             0
103                             0                             0                             0
104                             0                             0                             0
105                             0                             0                             0
106                             0                             0                             0
107                             0                             0                             0
108                             0                             0                             0
109                             0                             0                             0
110                             0                             0                             0
111                             0                             0                             0
112                             0                             0                             0
113                             0                             0                             0
114                             0                             0                             0
115                             0                             0                             0
116                             0                             0                             0
117                             0                             0                             0
118                             0                             0                             0
119                             0                             0                             0
120                             0                             0                             0
121                             0                             0                             0
122                             0                             0                             0
123                             0                             0                             0
124                             0                             0                             0
125                             0                             0                             0
126                             0                             0                             0
127                             0                             0                             0
