
0                   0                   0                   0
1       0.01910369583       0.03105086802       0.05015456385
2    -0.0002760039206      0.006262251931       0.00598624801
3    -0.0001694728393      0.001798679389       0.00162920655
4    -5.480411079e-05     0.0006654992326     0.0006106951218
5    -1.970386407e-05     0.0002900622804     0.0002703584164
6    -8.114841616e-06     0.0001404291412     0.0001323142996
7    -3.725828418e-06     7.291903424e-05     6.919320582e-05
8    -1.853929954e-06     3.976901859e-05     3.791508864e-05
9    -9.788248304e-07     2.248462965e-05     2.150580482e-05
10    -5.402987394e-07     1.306566423e-05     1.252536549e-05
11    -3.085993632e-07     7.757438621e-06     7.448839258e-06
12     -1.81050233e-07      4.68615399e-06     4.505103757e-06
13    -1.085241095e-07     2.871296751e-06     2.762772641e-06
14    -6.619884519e-08     1.780258249e-06     1.714059404e-06
15     -4.09694896e-08     1.114915953e-06     1.073946463e-06
16    -2.566504411e-08     7.042598036e-07     6.785947595e-07
17    -1.624412668e-08     4.481836517e-07     4.319395251e-07
18    -1.037255807e-08      2.87081456e-07      2.76708898e-07
19     -6.67412445e-09     1.849461949e-07     1.782720705e-07
20    -4.323134197e-09     1.197560983e-07     1.154329641e-07
21    -2.816753679e-09     7.789808815e-08     7.508133447e-08
22    -1.844810839e-09     5.087836714e-08     4.903355631e-08
23    -1.213837297e-09     3.335382525e-08     3.213998795e-08
24    -8.019818628e-10     2.193898862e-08     2.113700676e-08
25    -5.318435525e-10     1.447497238e-08     1.394312883e-08
26    -3.538857805e-10     9.577164039e-09     9.223278259e-09
27    -2.361931319e-10     6.352951728e-09     6.116758597e-09
28     -1.58080592e-10      4.22421971e-09     4.066139118e-09
29    -1.060702468e-10     2.814960988e-09     2.708890741e-09
30    -7.133803418e-11     1.879681141e-09     1.808343107e-09
31    -4.808176628e-11     1.257535034e-09     1.209453268e-09
32    -3.247128625e-11     8.427999993e-10      8.10328713e-10
33    -2.196919421e-11     5.657796594e-10     5.438104652e-10
34    -1.488904048e-11     3.804022638e-10     3.655132233e-10
35    -1.010660756e-11     2.561359691e-10     2.460293615e-10
36    -6.870421885e-12     1.726999416e-10     1.658295197e-10
37    -4.676902838e-12     1.165933098e-10      1.11916407e-10
38    -3.187804982e-12     7.881038614e-11     7.562258116e-11
39    -2.175447253e-12     5.333260532e-11     5.115715806e-11
40    -1.486266863e-12     3.613059381e-11     3.464432695e-11
41    -1.016499528e-12     2.450224351e-11     2.348574398e-11
42    -6.959096562e-13     1.663268675e-11      1.59367771e-11
43    -4.768800478e-13     1.130118002e-11     1.082429997e-11
44    -3.270794888e-13      7.68547192e-12     7.358392431e-12
45    -2.245248148e-13     5.230998016e-12     5.006473201e-12
46    -1.542491757e-13     3.563272103e-12     3.409022927e-12
47    -1.060500418e-13     2.429115246e-12     2.323065204e-12
48    -7.296450437e-14     1.657170783e-12     1.584206279e-12
49    -5.023538324e-14     1.131338829e-12     1.081103446e-12
50    -3.460912771e-14     7.728790275e-13     7.382698997e-13
51     -2.38583813e-14     5.283377936e-13     5.044794123e-13
52    -1.645690319e-14     3.613947274e-13     3.449378242e-13
53    -1.135795956e-14      2.47349621e-13     2.359916614e-13
54    -7.843078887e-15     1.693908454e-13     1.615477666e-13
55    -5.418718559e-15     1.160669014e-13     1.106481829e-13
56    -3.745593755e-15      7.95715218e-14     7.582592805e-14
57    -2.590297929e-15     5.457946798e-14     5.198917005e-14
58    -1.792153381e-15     3.745547344e-14     3.566332006e-14
59    -1.240477769e-15     2.571627526e-14     2.447579749e-14
60    -8.589809852e-16       1.7664463e-14     1.680548202e-14
61    -5.950475885e-16     1.213907508e-14      1.15440275e-14
62    -4.123696185e-16     8.345590456e-15     7.933220838e-15
63    -2.858788528e-16     5.739957827e-15     5.454078975e-15
64    -1.982584691e-16     3.949432037e-15     3.751173568e-15
65    -1.375403336e-16     2.718499939e-15     2.580959605e-15
66    -9.544903978e-17     1.871920678e-15     1.776471639e-15
67    -6.625994263e-17     1.289448277e-15     1.223188334e-15
68    -4.601120905e-17     8.885337956e-16     8.425225866e-16
69     -3.19598457e-17     6.124813991e-16     5.805215534e-16
70    -2.220596798e-17     4.223343226e-16     4.001283546e-16
71    -1.543314846e-17     2.913131956e-16     2.758800471e-16
72    -1.072889835e-17     2.010019221e-16     1.902730237e-16
73     -7.46049547e-18     1.387307312e-16     1.312702357e-16
74    -5.189057746e-18     9.577978386e-17     9.059072611e-17
75    -3.610057708e-18     6.614548355e-17     6.253542584e-17
76    -2.512125114e-18     4.569285582e-17     4.318073071e-17
77    -1.748504227e-18     3.157293153e-17     2.982442731e-17
78    -1.217271261e-18     2.182211682e-17     2.060484556e-17
79    -8.476184529e-19     1.508659372e-17     1.423897527e-17
80    -5.903410801e-19     1.043265794e-17     9.842316862e-18
81    -4.112373106e-19      7.21614764e-18     6.804910329e-18
82    -2.865275342e-19     4.992520308e-18     4.705992774e-18
83     -1.99674273e-19      3.45490156e-18     3.255227287e-18
84    -1.391737755e-19     2.391390153e-18     2.252216377e-18
85     -9.70219499e-20     1.655624032e-18     1.558602082e-18
86    -6.764842896e-20     1.146481955e-18     1.078833526e-18
87     -4.71757136e-20     7.940808343e-19     7.469051207e-19
88    -3.290412061e-20     5.501131726e-19      5.17209052e-19
89    -2.295362187e-20     3.811773962e-19     3.582237743e-19
90    -1.601472303e-20     2.641727361e-19     2.481580131e-19
91    -1.117514421e-20     1.831186906e-19     1.719435463e-19
92    -7.799210126e-21     1.269577764e-19     1.191585662e-19
93     -5.44390122e-21     8.803717223e-20     8.259327101e-20
94    -3.800409461e-21     6.105922052e-20     5.725881106e-20
95    -2.653441704e-21     4.235582332e-20     3.970238162e-20
96    -1.852875494e-21     2.938664877e-20     2.753377327e-20
97                   0                   0                   0
98                   0                   0                   0
99                   0                   0                   0
100                   0                   0                   0
101                   0                   0                   0
102                   0                   0                   0
103                   0                   0                   0
104                   0                   0                   0
105                   0                   0                   0
106                   0                   0                   0
107                   0                   0                   0
108                   0                   0                   0
109                   0                   0                   0
110                   0                   0                   0
111                   0                   0                   0
112                   0                   0                   0
113                   0                   0                   0
114                   0                   0                   0
115                   0                   0                   0
116                   0                   0                   0
117                   0                   0                   0
118                   0                   0                   0
119                   0                   0                   0
120                   0                   0                   0
121                   0                   0                   0
122                   0                   0                   0
123                   0                   0                   0
124                   0                   0                   0
125                   0                   0                   0
126                   0                   0                   0
127                   0                   0                   0
128                   0                   0                   0
129                   0                   0                   0
130                   0                   0                   0
131                   0                   0                   0
132                   0                   0                   0
133                   0                   0                   0
134                   0                   0                   0
135                   0                   0                   0
136                   0                   0                   0
137                   0                   0                   0
138                   0                   0                   0
139                   0                   0                   0
140                   0                   0                   0
141                   0                   0                   0
142                   0                   0                   0
143                   0                   0                   0
144                   0                   0                   0
145                   0                   0                   0
146                   0                   0                   0
147                   0                   0                   0
148                   0                   0                   0
149                   0                   0                   0
150                   0                   0                   0
151                   0                   0                   0
152                   0                   0                   0
153                   0                   0                   0
154                   0                   0                   0
155                   0                   0                   0
156                   0                   0                   0
157                   0                   0                   0
158                   0                   0                   0
159                   0                   0                   0
160                   0                   0                   0
161                   0                   0                   0
162                   0                   0                   0
163                   0                   0                   0
164                   0                   0                   0
165                   0                   0                   0
166                   0                   0                   0
167                   0                   0                   0
168                   0                   0                   0
169                   0                   0                   0
170                   0                   0                   0
171                   0                   0                   0
172                   0                   0                   0
173                   0                   0                   0
174                   0                   0                   0
175                   0                   0                   0
176                   0                   0                   0
177                   0                   0                   0
178                   0                   0                   0
179                   0                   0                   0
180                   0                   0                   0
181                   0                   0                   0
182                   0                   0                   0
183                   0                   0                   0
184                   0                   0                   0
185                   0                   0                   0
186                   0                   0                   0
187                   0                   0                   0
188                   0                   0                   0
189                   0                   0                   0
190                   0                   0                   0
191                   0                   0                   0
