
0                   0                   0                   0
1      0.005613090976       0.04454147287       0.05015456385
2     -0.001289269434      0.007275517444       0.00598624801
3     -0.000260638815      0.001889845365       0.00162920655
4     -6.50185141e-05     0.0006757136359     0.0006106951218
5    -2.141185796e-05     0.0002917702743     0.0002703584164
6    -8.639935543e-06     0.0001409542351     0.0001323142996
7    -3.978726568e-06     7.317193239e-05     6.919320582e-05
8    -1.998951871e-06     3.991404051e-05     3.791508864e-05
9    -1.066778035e-06     2.257258286e-05     2.150580482e-05
10    -5.948222327e-07     1.312018772e-05     1.252536549e-05
11    -3.428103483e-07     7.791649606e-06     7.448839258e-06
12    -2.027031205e-07     4.707806878e-06     4.505103757e-06
13    -1.223263217e-07     2.885098963e-06     2.762772641e-06
14     -7.50509261e-08      1.78911033e-06     1.714059404e-06
15    -4.667767947e-08     1.120624143e-06     1.073946463e-06
16    -2.936383591e-08     7.079585954e-07     6.785947595e-07
17     -1.86513753e-08     4.505909004e-07     4.319395251e-07
18    -1.194546117e-08     2.886543591e-07      2.76708898e-07
19    -7.705571132e-09     1.859776416e-07     1.782720705e-07
20    -5.001741728e-09     1.204347058e-07     1.154329641e-07
21    -3.264567369e-09     7.834590184e-08     7.508133447e-08
22    -2.141141492e-09      5.11746978e-08     4.903355631e-08
23    -1.410427576e-09     3.355041553e-08     3.213998795e-08
24    -9.327102253e-10     2.206971698e-08     2.113700676e-08
25    -6.189649697e-10      1.45620938e-08     1.394312883e-08
26    -4.120639621e-10     9.635342221e-09     9.223278259e-09
27    -2.751169101e-10     6.391875507e-09     6.116758597e-09
28    -1.841682391e-10     4.250307357e-09     4.066139118e-09
29    -1.235836495e-10     2.832474391e-09     2.708890741e-09
30    -8.311347144e-11     1.891456578e-09     1.808343107e-09
31    -5.601067933e-11     1.265463947e-09     1.209453268e-09
32      -3.7817461e-11      8.48146174e-10      8.10328713e-10
33    -2.557856486e-11     5.693890301e-10     5.438104652e-10
34     -1.73288023e-11     3.828420256e-10     3.655132233e-10
35    -1.175766541e-11     2.577870269e-10     2.460293615e-10
36    -7.988957033e-12     1.738184768e-10     1.658295197e-10
37    -5.435454317e-12     1.173518613e-10      1.11916407e-10
38    -3.702732374e-12     7.932531353e-11     7.562258116e-11
39    -2.525321138e-12      5.36824792e-11     5.115715806e-11
40    -1.724204005e-12     3.636853095e-11     3.464432695e-11
41    -1.178449202e-12     2.466419319e-11     2.348574398e-11
42    -8.062281227e-13     1.674300522e-11      1.59367771e-11
43    -5.520857835e-13     1.137638575e-11     1.082429997e-11
44    -3.783861382e-13      7.73677857e-12     7.358392431e-12
45    -2.595517841e-13     5.266024985e-12     5.006473201e-12
46    -1.781781909e-13     3.587201118e-12     3.409022927e-12
47    -1.224079729e-13     2.445473177e-12     2.323065204e-12
48    -8.415377727e-14     1.668360056e-12     1.584206279e-12
49    -5.789372302e-14     1.138997169e-12     1.081103446e-12
50    -3.985377901e-14     7.781236787e-13     7.382698997e-13
51    -2.745205258e-14     5.319314649e-13     5.044794123e-13
52     -1.89206205e-14     3.638584447e-13     3.449378242e-13
53    -1.304787798e-14     2.490395394e-13     2.359916614e-13
54    -9.002803675e-15     1.705505702e-13     1.615477666e-13
55    -6.214971228e-15     1.168631541e-13     1.106481829e-13
56     -4.29254226e-15     8.011847031e-14     7.582592805e-14
57    -2.966165399e-15     5.495533545e-14     5.198917005e-14
58    -2.050563391e-15     3.771388345e-14     3.566332006e-14
59    -1.418209129e-15     2.589400662e-14     2.447579749e-14
60    -9.812715864e-16      1.77867536e-14     1.680548202e-14
61    -6.792240787e-16     1.222325157e-14      1.15440275e-14
62    -4.703327651e-16     8.403553603e-15     7.933220838e-15
63    -3.258062904e-16     5.779885265e-15     5.454078975e-15
64    -2.257718804e-16     3.976945448e-15     3.751173568e-15
65     -1.56505923e-16     2.737465528e-15     2.580959605e-15
66     -1.08526781e-16      1.88499842e-15     1.776471639e-15
67    -7.528062554e-17      1.29846896e-15     1.223188334e-15
68    -5.223539186e-17     8.947579784e-16     8.425225866e-16
69    -3.625578017e-17     6.167773336e-16     5.805215534e-16
70    -2.517190306e-17     4.253002577e-16     4.001283546e-16
71    -1.748143528e-17     2.933614824e-16     2.758800471e-16
72    -1.214385012e-17     2.024168738e-16     1.902730237e-16
73     -8.43820753e-18     1.397084433e-16     1.312702357e-16
74    -5.864822667e-18     9.645554878e-17     9.059072611e-17
75    -4.077246738e-18     6.661267258e-17     6.253542584e-17
76    -2.835196917e-18     4.601592762e-17     4.318073071e-17
77    -1.971970567e-18     3.179639787e-17     2.982442731e-17
78    -1.371878254e-18     2.197672381e-17     2.060484556e-17
79    -9.546095233e-19      1.51935848e-17     1.423897527e-17
80    -6.643978599e-19     1.050671472e-17     9.842316862e-18
81    -4.625091164e-19     7.267419446e-18     6.804910329e-18
82     -3.22032295e-19     5.028025069e-18     4.705992774e-18
83    -2.242658585e-19     3.479493145e-18     3.255227287e-18
84    -1.562101148e-19     2.408426492e-18     2.252216377e-18
85    -1.088266177e-19       1.6674287e-18     1.558602082e-18
86     -7.58296286e-20     1.154663154e-18     1.078833526e-18
87    -5.284677056e-20     7.997518912e-19     7.469051207e-19
88    -3.683593451e-20     5.540449865e-19      5.17209052e-19
89    -2.568009998e-20     3.839038743e-19     3.582237743e-19
90    -1.790571397e-20      2.66063727e-19     2.481580131e-19
91     -1.24869017e-20      1.84430448e-19     1.719435463e-19
92    -8.709317622e-21     1.278678839e-19     1.191585662e-19
93    -6.075447645e-21     8.866871865e-20     8.259327101e-20
94    -4.238727943e-21       6.1497539e-20     5.725881106e-20
95    -2.957701597e-21     4.266008322e-20     3.970238162e-20
96    -2.064111825e-21      2.95978851e-20     2.753377327e-20
97                   0                   0                   0
98                   0                   0                   0
99                   0                   0                   0
100                   0                   0                   0
101                   0                   0                   0
102                   0                   0                   0
103                   0                   0                   0
104                   0                   0                   0
105                   0                   0                   0
106                   0                   0                   0
107                   0                   0                   0
108                   0                   0                   0
109                   0                   0                   0
110                   0                   0                   0
111                   0                   0                   0
112                   0                   0                   0
113                   0                   0                   0
114                   0                   0                   0
115                   0                   0                   0
116                   0                   0                   0
117                   0                   0                   0
118                   0                   0                   0
119                   0                   0                   0
120                   0                   0                   0
121                   0                   0                   0
122                   0                   0                   0
123                   0                   0                   0
124                   0                   0                   0
125                   0                   0                   0
126                   0                   0                   0
127                   0                   0                   0
128                   0                   0                   0
129                   0                   0                   0
130                   0                   0                   0
131                   0                   0                   0
132                   0                   0                   0
133                   0                   0                   0
134                   0                   0                   0
135                   0                   0                   0
136                   0                   0                   0
137                   0                   0                   0
138                   0                   0                   0
139                   0                   0                   0
140                   0                   0                   0
141                   0                   0                   0
142                   0                   0                   0
143                   0                   0                   0
144                   0                   0                   0
145                   0                   0                   0
146                   0                   0                   0
147                   0                   0                   0
148                   0                   0                   0
149                   0                   0                   0
150                   0                   0                   0
151                   0                   0                   0
152                   0                   0                   0
153                   0                   0                   0
154                   0                   0                   0
155                   0                   0                   0
156                   0                   0                   0
157                   0                   0                   0
158                   0                   0                   0
159                   0                   0                   0
160                   0                   0                   0
161                   0                   0                   0
162                   0                   0                   0
163                   0                   0                   0
164                   0                   0                   0
165                   0                   0                   0
166                   0                   0                   0
167                   0                   0                   0
168                   0                   0                   0
169                   0                   0                   0
170                   0                   0                   0
171                   0                   0                   0
172                   0                   0                   0
173                   0                   0                   0
174                   0                   0                   0
175                   0                   0                   0
176                   0                   0                   0
177                   0                   0                   0
178                   0                   0                   0
179                   0                   0                   0
180                   0                   0                   0
181                   0                   0                   0
182                   0                   0                   0
183                   0                   0                   0
184                   0                   0                   0
185                   0                   0                   0
186                   0                   0                   0
187                   0                   0                   0
188                   0                   0                   0
189                   0                   0                   0
190                   0                   0                   0
191                   0                   0                   0
