
0                             0                             0                             0
1           0.01944095401916211           0.03098822325146234           0.05042917727062445
2        -0.0002223360207167981          0.006383586722790592          0.006161250702073794
3        -0.0001575389218423356          0.001902796924342712          0.001745258002500376
4        -5.144482409940362e-05         0.0007407756707629581         0.0006893308466635545
5        -1.866276810634331e-05         0.0003430587552326887         0.0003243959871263454
6        -7.819957514244787e-06         0.0001776456890736502         0.0001698257315594054
7        -3.689542453595224e-06         9.912447701824497e-05         9.543493456464974e-05
8        -1.904138563186248e-06          5.82909522173206e-05         5.638681365413436e-05
9        -1.051038382602205e-06         3.562576894881512e-05         3.457473056621292e-05
10        -6.105508729369533e-07         2.242235552422425e-05          2.18118046512873e-05
11        -3.689861407051891e-07         1.444120017065139e-05          1.40722140299462e-05
12        -2.300750742114649e-07         9.474674627907731e-06         9.244599553696266e-06
13        -1.471083253429597e-07         6.311227331336967e-06         6.164119005994007e-06
14        -9.600899669092777e-08         4.257490661449499e-06         4.161481664758572e-06
15        -6.373270579156952e-08         2.902913509065097e-06         2.839180803273528e-06
16        -4.291383131609018e-08         1.997490921620769e-06         1.954577090304679e-06
17        -2.924664123572902e-08         1.385379206388093e-06         1.356132565152364e-06
18        -2.013934837948223e-08         9.674953231383731e-07         9.473559747588909e-07
19         -1.39924972243805e-08         6.797759882360193e-07         6.657834910116388e-07
20        -9.797725232057912e-09         4.801976991706194e-07         4.703999739385615e-07
21         -6.90750739617786e-09         3.408472762745314e-07         3.339397688783535e-07
22        -4.899338424964614e-09         2.429804875426775e-07         2.380811491177129e-07
23        -3.493669216652587e-09          1.73888950431574e-07         1.703952812149215e-07
24        -2.503263562356192e-09         1.248832070798686e-07         1.223799435175124e-07
25         -1.80135697736928e-09         8.997686848617031e-08         8.817551150880103e-08
26         -1.30130401942233e-09          6.50179301665751e-08         6.371662614715276e-08
27        -9.433769286042033e-10         4.710923603817943e-08         4.616585910957523e-08
28        -6.860902799372944e-10         3.421820021128438e-08         3.353210993134709e-08
29        -5.004329962211613e-10         2.491176112293607e-08         2.441132812671491e-08
30        -3.659930373912793e-10         1.817501605621194e-08         1.780902301882066e-08
31        -2.683290983732883e-10         1.328626535003752e-08         1.301793625166423e-08
32        -1.971728607931185e-10         9.730386516057544e-09         9.533213655264425e-09
33        -1.451898707115073e-10         7.138441607292927e-09          6.99325173658142e-09
34        -1.071194963557629e-10         5.245356818229711e-09         5.138237321873948e-09
35        -7.917421020757868e-11         3.860126715696759e-09          3.78095250548918e-09
36        -5.861757915547416e-11         2.844745941609334e-09          2.78612836245386e-09
37        -4.346623515011295e-11         2.099252925341064e-09         2.055786690190951e-09
38        -3.227838669727304e-11         1.551073659482067e-09         1.518795272784793e-09
39        -2.400307719207336e-11         1.147403581465013e-09          1.12340050427294e-09
40        -1.787230411083512e-11         8.497443521766241e-10          8.31872048065789e-10
41         -1.33235227418052e-11         6.299746099380477e-10         6.166510871962425e-10
42        -9.943783934704721e-12         4.675163542686989e-10         4.575725703339942e-10
43         -7.42933751499574e-12          3.47286310859002e-10         3.398569733440063e-10
44        -5.556332939133622e-12         2.582113378477786e-10          2.52655004908645e-10
45        -4.159510141925171e-12         1.921502133771994e-10         1.879907032352743e-10
46         -3.11666186252011e-12         1.431089516248583e-10         1.399922897623382e-10
47         -2.33727722336583e-12         1.066686340639508e-10          1.04331356840585e-10
48        -1.754222876721792e-12         7.956744227872758e-11         7.781321940200579e-11
49        -1.317636553911274e-12         5.939481190102882e-11         5.807717534711755e-11
50        -9.904358909483476e-13         4.436726962359673e-11         4.337683373264839e-11
51        -7.450092227629298e-13         3.316388762661049e-11         3.241887840384756e-11
52        -5.607730982295714e-13         2.480532580126601e-11         2.424455270303643e-11
53        -4.223666047467432e-13         1.856479415875809e-11         1.814242755401135e-11
54        -3.183144462860914e-13         1.390242709039377e-11         1.358411264410768e-11
55        -2.400356707548713e-13         1.041685412749186e-11         1.017681845673699e-11
56        -1.811076902123411e-13         7.809419377105932e-12         7.628311686893591e-12
57        -1.367191490393478e-13         5.857716752560489e-12         5.720997603521141e-12
58        -1.032626923892667e-13         4.395994875275537e-12         4.292732182886271e-12
59        -7.803151673002059e-14         3.300633828075426e-12         3.222602311345406e-12
60        -5.899300916801961e-14         2.479370661188386e-12         2.420377652020366e-12
61        -4.461971844919394e-14         1.863298688228329e-12         1.818678969779135e-12
62        -3.376301385099069e-14         1.400921277898796e-12         1.367158264047806e-12
63        -2.555856370944299e-14         1.053728861894618e-12         1.028170298185175e-12
64        -1.935555728423647e-14         7.929063204177269e-13         7.735507631334904e-13
65        -1.466366123687082e-14         5.968799697077759e-13          5.82216308470905e-13
66        -1.111323520176136e-14         4.494887077246071e-13         4.383754725228457e-13
67        -8.425469334673567e-15         3.386195375844755e-13         3.301940682498019e-13
68         -6.38995301770604e-15         2.551888623536239e-13         2.487989093359178e-13
69        -4.847813766596154e-15         1.923814318888884e-13         1.875336181222922e-13
70        -3.679034688026003e-15         1.450814183041521e-13         1.414023836161261e-13
71        -2.792908868254505e-15         1.094468593998798e-13         1.066539505316253e-13
72        -2.120850410230926e-15         8.259115588612087e-14         8.047030547588995e-14
73        -1.610977135167012e-15         6.234455772240398e-14         6.073358058723697e-14
74        -1.224026045090584e-15         4.707545418021217e-14         4.585142813512159e-14
75        -9.302720031369437e-16         3.555640268611202e-14         3.462613068297507e-14
76        -7.072020260274745e-16         2.686364567382848e-14         2.615644364780101e-14
77        -5.377590229390619e-16         2.030170786182055e-14         1.976394883888149e-14
78        -4.090149192894026e-16         1.534678723751589e-14         1.493777231822648e-14
79        -3.111677254846599e-16         1.160423613779407e-14         1.129306841230941e-14
80        -2.367831272267336e-16         8.776611279474219e-15         8.539828152247485e-15
81        -1.802207371750957e-16         6.639655354298283e-15         6.459434617123187e-15
82        -1.371998676484561e-16         5.024233711051132e-15         4.887033843402676e-15
83        -1.044707664279051e-16         3.802744183557088e-15         3.698273417129183e-15
84        -7.956560633111465e-17         2.878888374625873e-15         2.799322768294759e-15
85        -6.060981194337072e-17         2.179970056353091e-15         2.119360244409721e-15
86         -4.61790525410938e-17         1.651094214524973e-15          1.60491516198388e-15
87        -3.519081102307996e-17         1.250796134624574e-15         1.215605323601494e-15
88        -2.682214184797917e-17         9.477468629297809e-16         9.209247210818018e-16
89        -2.044727262563287e-17         7.182691446694317e-16         6.978218720437988e-16
90        -1.559024672933297e-17         5.444638474164008e-16         5.288736006870679e-16
91        -1.188897052967998e-17         4.127963893153333e-16         4.009074187856533e-16
92        -9.067910853765126e-18         3.130299025986651e-16            3.039619917449e-16
93        -6.917355593013273e-18         2.374198406429549e-16         2.305024850499416e-16
94        -5.277655475265066e-18         1.801057809758975e-16         1.748281255006324e-16
95        -4.027247466496452e-18         1.366520116614413e-16         1.326247641949449e-16
96        -3.073549961642497e-18         1.037004083044226e-16         1.006268583427801e-16
97        -2.346039437099169e-18         7.870808484948485e-17         7.636204541238568e-17
98        -1.790984629344245e-18          5.97490628698737e-17         5.795807824052945e-17
99        -1.367440472136583e-18          4.53642992201762e-17         4.399685874803962e-17
100        -1.044199723773553e-18         3.444825271612161e-17         3.340405299234805e-17
101        -7.974728268273111e-19         2.616306667093894e-17         2.536559384411163e-17
102        -6.091216525628352e-19         1.987362868133555e-17         1.926450702877271e-17
103        -4.653146214316579e-19         1.509841737137461e-17         1.463310274994295e-17
104        -3.555024642942916e-19          1.14722898778299e-17         1.111678741353561e-17
105        -2.716380247538228e-19         8.718303108959212e-18         8.446665084205389e-18
106        -2.075818419796612e-19         6.626371122243608e-18         6.418789280263946e-18
107        -1.586491915052254e-19         5.037096784285702e-18         4.878447592780476e-18
108        -1.212648574727952e-19         3.829520744140159e-18         3.708255886667364e-18
109        -9.269996702893629e-20         2.911836753807783e-18         2.819136786778847e-18
110        -7.087134577980365e-20         2.214353708322995e-18         2.143482362543191e-18
111        -5.418851531289074e-20         1.684159714557084e-18         1.629971199244194e-18
112        -4.143700132791393e-20         1.281075816226514e-18           1.2396388148986e-18
113                             0                             0                             0
114                             0                             0                             0
115                             0                             0                             0
116                             0                             0                             0
117                             0                             0                             0
118                             0                             0                             0
119                             0                             0                             0
120                             0                             0                             0
121                             0                             0                             0
122                             0                             0                             0
123                             0                             0                             0
124                             0                             0                             0
125                             0                             0                             0
126                             0                             0                             0
127                             0                             0                             0
128                             0                             0                             0
129                             0                             0                             0
130                             0                             0                             0
131                             0                             0                             0
132                             0                             0                             0
133                             0                             0                             0
134                             0                             0                             0
135                             0                             0                             0
136                             0                             0                             0
137                             0                             0                             0
138                             0                             0                             0
139                             0                             0                             0
140                             0                             0                             0
141                             0                             0                             0
142                             0                             0                             0
143                             0                             0                             0
144                             0                             0                             0
145                             0                             0                             0
146                             0                             0                             0
147                             0                             0                             0
148                             0                             0                             0
149                             0                             0                             0
150                             0                             0                             0
151                             0                             0                             0
152                             0                             0                             0
153                             0                             0                             0
154                             0                             0                             0
155                             0                             0                             0
156                             0                             0                             0
157                             0                             0                             0
158                             0                             0                             0
159                             0                             0                             0
160                             0                             0                             0
161                             0                             0                             0
162                             0                             0                             0
163                             0                             0                             0
164                             0                             0                             0
165                             0                             0                             0
166                             0                             0                             0
167                             0                             0                             0
168                             0                             0                             0
169                             0                             0                             0
170                             0                             0                             0
171                             0                             0                             0
172                             0                             0                             0
173                             0                             0                             0
174                             0                             0                             0
175                             0                             0                             0
176                             0                             0                             0
177                             0                             0                             0
178                             0                             0                             0
179                             0                             0                             0
180                             0                             0                             0
181                             0                             0                             0
182                             0                             0                             0
183                             0                             0                             0
184                             0                             0                             0
185                             0                             0                             0
186                             0                             0                             0
187                             0                             0                             0
188                             0                             0                             0
189                             0                             0                             0
190                             0                             0                             0
191                             0                             0                             0
192                             0                             0                             0
193                             0                             0                             0
194                             0                             0                             0
195                             0                             0                             0
196                             0                             0                             0
197                             0                             0                             0
198                             0                             0                             0
199                             0                             0                             0
200                             0                             0                             0
201                             0                             0                             0
202                             0                             0                             0
203                             0                             0                             0
204                             0                             0                             0
205                             0                             0                             0
206                             0                             0                             0
207                             0                             0                             0
208                             0                             0                             0
209                             0                             0                             0
210                             0                             0                             0
211                             0                             0                             0
212                             0                             0                             0
213                             0                             0                             0
214                             0                             0                             0
215                             0                             0                             0
216                             0                             0                             0
217                             0                             0                             0
218                             0                             0                             0
219                             0                             0                             0
220                             0                             0                             0
221                             0                             0                             0
222                             0                             0                             0
223                             0                             0                             0
