
0                             0                             0                             0
1          0.005795570740994904           0.04463360652962955           0.05042917727062445
2         -0.001254125050018438          0.007415375752092232          0.006161250702073794
3        -0.0002506361583944634           0.00199589416089484          0.001745258002500376
4        -6.158077499388351e-05          0.000750911621657438         0.0006893308466635545
5         -2.01528555986534e-05         0.0003445488427249988         0.0003243959871263454
6         -8.19739310502774e-06         0.0001780231246644332         0.0001698257315594054
7         -3.85836551462218e-06         9.929330007927192e-05         9.543493456464974e-05
8        -2.004577879107959e-06         5.839139153324231e-05         5.638681365413436e-05
9        -1.116802067509164e-06         3.569153263372208e-05         3.457473056621292e-05
10        -6.550655081948833e-07         2.246687015948218e-05          2.18118046512873e-05
11        -3.995799127777079e-07         1.447179394272391e-05          1.40722140299462e-05
12        -2.513014594119392e-07         9.495901013108205e-06         9.244599553696266e-06
13         -1.61941709617169e-07         6.326060715611176e-06         6.164119005994007e-06
14        -1.064373447563728e-07         4.267919009514944e-06         4.161481664758572e-06
15        -7.110278112880224e-08          2.91028358440233e-06         2.839180803273528e-06
16        -4.814696106032273e-08         2.002724051365002e-06         1.954577090304679e-06
17        -3.297812998121918e-08         1.389110695133583e-06         1.356132565152364e-06
18        -2.281027735292086e-08         9.701662521118118e-07         9.473559747588909e-07
19        -1.591096114370219e-08          6.81694452155341e-07         6.657834910116388e-07
20        -1.118010083273822e-08         4.815800747712997e-07         4.703999739385615e-07
21        -7.906506441449909e-09         3.418462753198034e-07         3.339397688783535e-07
22        -5.623222862710582e-09         2.437043719804234e-07         2.380811491177129e-07
23        -4.019502858176723e-09         1.744147840730982e-07         1.703952812149215e-07
24        -2.886107674773638e-09         1.252660511922861e-07         1.223799435175124e-07
25        -2.080687244153151e-09         9.025619875295418e-08         8.817551150880103e-08
26        -1.505511532549453e-09         6.522213767970222e-08         6.371662614715276e-08
27        -1.092940154372194e-09         4.725879926394742e-08         4.616585910957523e-08
28         -7.95820090165504e-10         3.432793002151259e-08         3.353210993134709e-08
29        -5.810679581292677e-10         2.499239608484418e-08         2.441132812671491e-08
30        -4.253371595527048e-10         1.823436017837336e-08         1.780902301882066e-08
31        -3.120660063460479e-10         1.333000225801028e-08         1.301793625166423e-08
32        -2.294502488927546e-10          9.76266390415718e-09         9.533213655264425e-09
33        -1.690402658068873e-10         7.162292002388307e-09          6.99325173658142e-09
34        -1.247639950276365e-10         5.263001316901585e-09         5.138237321873948e-09
35        -9.224228828961357e-11         3.873194793778794e-09          3.78095250548918e-09
36        -6.830653671297909e-11         2.854434899166839e-09          2.78612836245386e-09
37        -5.065710734416465e-11         2.106443797535116e-09         2.055786690190951e-09
38        -3.762037939616514e-11         1.556415652180959e-09         1.518795272784793e-09
39        -2.797519239176195e-11         1.151375696664702e-09          1.12340050427294e-09
40        -2.082839837261699e-11          8.52700446438406e-10          8.31872048065789e-10
41        -1.552530824988149e-11          6.32176395446124e-10         6.166510871962425e-10
42        -1.158503724783066e-11         4.691576075818248e-10         4.575725703339942e-10
43         -8.65368524677692e-12         3.485106585907832e-10         3.398569733440063e-10
44        -6.470337126206008e-12          2.59125342034851e-10          2.52655004908645e-10
45        -4.842308429799163e-12         1.928330116650734e-10         1.879907032352743e-10
46        -3.627078625400033e-12         1.436193683877383e-10         1.399922897623382e-10
47        -2.719075448290217e-12         1.070504322888752e-10          1.04331356840585e-10
48        -2.039987368573909e-12          7.98532067705797e-11         7.781321940200579e-11
49        -1.531648280592907e-12         5.960882362771045e-11         5.807717534711755e-11
50        -1.150801779503015e-12          4.45276355121514e-11         4.337683373264839e-11
51        -8.652418291654763e-13         3.328412023301304e-11         3.241887840384756e-11
52        -6.509633530886159e-13         2.489551605612505e-11         2.424455270303643e-11
53        -4.900552423746365e-13         1.863248279638598e-11         1.814242755401135e-11
54        -3.691400919691577e-13         1.395325273607684e-11         1.358411264410768e-11
55        -2.782172236431302e-13         1.045503568038012e-11         1.017681845673699e-11
56        -2.098036520721309e-13         7.838115338965722e-12         7.628311686893591e-12
57        -1.582954913464921e-13         5.879293094867633e-12         5.720997603521141e-12
58        -1.194926862838913e-13         4.412224869170162e-12         4.292732182886271e-12
59        -9.024491038814472e-14         3.312847221733551e-12         3.222602311345406e-12
60        -6.818746610404702e-14         2.488565118124413e-12         2.420377652020366e-12
61        -5.154411730903517e-14         1.870223087088171e-12         1.818678969779135e-12
62        -3.897975308332761e-14         1.406138017131133e-12         1.367158264047806e-12
63        -2.949019039219038e-14         1.057660488577365e-12         1.028170298185175e-12
64        -2.231968405328164e-14          7.95870447186772e-13         7.735507631334904e-13
65         -1.68991274012866e-14         5.991154358721916e-13          5.82216308470905e-13
66        -1.279971805357344e-14         4.511751905764191e-13         4.383754725228457e-13
67        -9.698193007655853e-15         3.398922612574578e-13         3.301940682498019e-13
68        -7.350725860046278e-15         2.561496351959641e-13         2.487989093359178e-13
69        -5.573314618556203e-15         1.931069327408484e-13         1.875336181222922e-13
70        -4.227036649495413e-15         1.456294202656215e-13         1.414023836161261e-13
71        -3.206956012079958e-15         1.098609065437053e-13         1.066539505316253e-13
72        -2.433773510878481e-15         8.290407898676843e-14         8.047030547588995e-14
73        -1.847537727906918e-15         6.258111831514388e-14         6.073358058723697e-14
74        -1.402905736168777e-15         4.725433387129037e-14         4.585142813512159e-14
75        -1.065569752763834e-15         3.569170043573891e-14         3.462613068297507e-14
76        -8.095615278620515e-16         2.696600517566306e-14         2.615644364780101e-14
77        -6.152178772104026e-16         2.037916671609189e-14         1.976394883888149e-14
78        -4.676444817584418e-16         1.540541679998493e-14         1.493777231822648e-14
79          -3.5555539856678e-16         1.164862381087619e-14         1.129306841230941e-14
80        -2.703960130785752e-16         8.810224165326061e-15         8.539828152247485e-15
81        -2.056799260231012e-16         6.665114543146288e-15         6.459434617123187e-15
82        -1.564873877827281e-16         5.043521231185404e-15         4.887033843402676e-15
83        -1.190857758164049e-16         3.817359192945588e-15         3.698273417129183e-15
84        -9.064231073643815e-17         2.889965079031197e-15         2.799322768294759e-15
85        -6.900651418993584e-17         2.188366758599657e-15         2.119360244409721e-15
86        -5.254541977955743e-17         1.657460581763437e-15          1.60491516198388e-15
87        -4.001870208698896e-17         1.255624025688483e-15         1.215605323601494e-15
88        -3.048402293053062e-17         9.514087440123324e-16         9.209247210818018e-16
89        -2.322525975602766e-17         7.210471317998265e-16         6.978218720437988e-16
90         -1.76980676819078e-17         5.465716683689757e-16         5.288736006870679e-16
91        -1.348857656035924e-17         4.143959953460125e-16         4.009074187856533e-16
92        -1.028204468870535e-17         3.142440364336054e-16            3.039619917449e-16
93        -7.839062287505195e-18         2.383415473374468e-16         2.305024850499416e-16
94        -5.977481450798317e-18         1.808056069514307e-16         1.748281255006324e-16
95         -4.55869089827104e-18         1.371834550932159e-16         1.326247641949449e-16
96        -3.477188176341358e-18         1.041040465191214e-16         1.006268583427801e-16
97        -2.652655129006732e-18         7.901470054139241e-17         7.636204541238568e-17
98        -2.023934250402539e-18         5.998201249093199e-17         5.795807824052945e-17
99        -1.544448870211355e-18         4.554130761825097e-17         4.399685874803962e-17
100        -1.178720296573253e-18         3.458277328892131e-17         3.340405299234805e-17
101        -8.997185836439195e-19         2.626531242775555e-17         2.536559384411163e-17
102         -6.86846958844586e-19          1.99513539876173e-17         1.926450702877271e-17
103        -5.244080242258437e-19         1.515751077416879e-17         1.463310274994295e-17
104        -4.004363362217876e-19          1.15172237497574e-17         1.111678741353561e-17
105        -3.058096697192787e-19         8.752474753924668e-18         8.446665084205389e-18
106        -2.335723080050927e-19         6.652361588269039e-18         6.418789280263946e-18
107        -1.784196780283174e-19         5.056867270808794e-18         4.878447592780476e-18
108        -1.363057896788836e-19         3.844561676346248e-18         3.708255886667364e-18
109        -1.041441629142316e-19         2.923280949693079e-18         2.819136786778847e-18
110          -7.9579938804083e-20         2.223062301347274e-18         2.143482362543191e-18
111        -6.081620196952187e-20         1.690787401213715e-18         1.629971199244194e-18
112        -4.648159627865491e-20         1.286120411177255e-18           1.2396388148986e-18
113                             0                             0                             0
114                             0                             0                             0
115                             0                             0                             0
116                             0                             0                             0
117                             0                             0                             0
118                             0                             0                             0
119                             0                             0                             0
120                             0                             0                             0
121                             0                             0                             0
122                             0                             0                             0
123                             0                             0                             0
124                             0                             0                             0
125                             0                             0                             0
126                             0                             0                             0
127                             0                             0                             0
128                             0                             0                             0
129                             0                             0                             0
130                             0                             0                             0
131                             0                             0                             0
132                             0                             0                             0
133                             0                             0                             0
134                             0                             0                             0
135                             0                             0                             0
136                             0                             0                             0
137                             0                             0                             0
138                             0                             0                             0
139                             0                             0                             0
140                             0                             0                             0
141                             0                             0                             0
142                             0                             0                             0
143                             0                             0                             0
144                             0                             0                             0
145                             0                             0                             0
146                             0                             0                             0
147                             0                             0                             0
148                             0                             0                             0
149                             0                             0                             0
150                             0                             0                             0
151                             0                             0                             0
152                             0                             0                             0
153                             0                             0                             0
154                             0                             0                             0
155                             0                             0                             0
156                             0                             0                             0
157                             0                             0                             0
158                             0                             0                             0
159                             0                             0                             0
160                             0                             0                             0
161                             0                             0                             0
162                             0                             0                             0
163                             0                             0                             0
164                             0                             0                             0
165                             0                             0                             0
166                             0                             0                             0
167                             0                             0                             0
168                             0                             0                             0
169                             0                             0                             0
170                             0                             0                             0
171                             0                             0                             0
172                             0                             0                             0
173                             0                             0                             0
174                             0                             0                             0
175                             0                             0                             0
176                             0                             0                             0
177                             0                             0                             0
178                             0                             0                             0
179                             0                             0                             0
180                             0                             0                             0
181                             0                             0                             0
182                             0                             0                             0
183                             0                             0                             0
184                             0                             0                             0
185                             0                             0                             0
186                             0                             0                             0
187                             0                             0                             0
188                             0                             0                             0
189                             0                             0                             0
190                             0                             0                             0
191                             0                             0                             0
192                             0                             0                             0
193                             0                             0                             0
194                             0                             0                             0
195                             0                             0                             0
196                             0                             0                             0
197                             0                             0                             0
198                             0                             0                             0
199                             0                             0                             0
200                             0                             0                             0
201                             0                             0                             0
202                             0                             0                             0
203                             0                             0                             0
204                             0                             0                             0
205                             0                             0                             0
206                             0                             0                             0
207                             0                             0                             0
208                             0                             0                             0
209                             0                             0                             0
210                             0                             0                             0
211                             0                             0                             0
212                             0                             0                             0
213                             0                             0                             0
214                             0                             0                             0
215                             0                             0                             0
216                             0                             0                             0
217                             0                             0                             0
218                             0                             0                             0
219                             0                             0                             0
220                             0                             0                             0
221                             0                             0                             0
222                             0                             0                             0
223                             0                             0                             0
