
0                   0                   0                   0
1       0.01982802436       0.03082508427       0.05065310863
2     -0.000157168497      0.006483071918      0.006325903421
3    -0.0001412518523      0.002011549566      0.001870297713
4    -4.588589759e-05     0.0008319836625     0.0007860977649
5    -1.634916968e-05     0.0004166312312     0.0004002820615
6    -6.740324464e-06     0.0002366903602     0.0002299500357
7    -3.153383551e-06     0.0001466279246     0.0001434745411
8    -1.630648994e-06     9.667975234e-05     9.504910335e-05
9    -9.122062546e-07     6.680158947e-05     6.588938322e-05
10    -5.432657374e-07     4.786500857e-05     4.732174283e-05
11    -3.403861945e-07     3.530392461e-05     3.496353842e-05
12    -2.223865156e-07     2.666003804e-05     2.643765153e-05
13      -1.5047365e-07     2.052923062e-05     2.037875697e-05
14    -1.048845459e-07     1.606959875e-05      1.59647142e-05
15     -7.49922583e-08     1.275542279e-05     1.268043053e-05
16    -5.481280446e-08     1.024691397e-05     1.019210117e-05
17    -4.083975674e-08     8.317858336e-06     8.277018579e-06
18    -3.094586142e-08     6.813733566e-06     6.782787705e-06
19    -2.380054417e-08      5.62658506e-06     5.602784516e-06
20     -1.85487023e-08     4.679477781e-06     4.660929078e-06
21    -1.462735649e-08     3.916605699e-06     3.901978343e-06
22    -1.165772429e-08     3.296844351e-06     3.285186626e-06
23     -9.37991342e-09     2.789454838e-06     2.780074925e-06
24     -7.61240901e-09     2.371164397e-06     2.363551988e-06
25    -6.226368661e-09     2.024146715e-06     2.017920346e-06
26    -5.128974438e-09     1.734601875e-06     1.729472901e-06
27    -4.252446263e-09     1.491743004e-06     1.487490558e-06
28    -3.546665339e-09     1.287063263e-06     1.283516598e-06
29    -2.974142088e-09     1.113798976e-06     1.110824834e-06
30    -2.506532655e-09     9.665318572e-07     9.640253246e-07
31    -2.122194371e-09     8.408911415e-07     8.387689472e-07
32    -1.804448451e-09     7.333283199e-07     7.315238714e-07
33    -1.540330681e-09      6.40945204e-07     6.394048733e-07
34    -1.319683063e-09     5.613615717e-07     5.600418886e-07
35    -1.134486519e-09     4.926124628e-07     4.914779763e-07
36    -9.783659367e-10     4.330678859e-07       4.3208952e-07
37    -8.462196762e-10     3.813696033e-07     3.805233836e-07
38    -7.339398727e-10     3.363810356e-07     3.356470958e-07
39    -6.381995711e-10      2.97147315e-07     2.965091155e-07
40    -5.562894871e-10     2.628632465e-07      2.62306957e-07
41    -4.859919211e-10       2.3284747e-07      2.32361478e-07
42    -4.254827054e-10     2.065215152e-07     2.060960325e-07
43    -3.732544566e-10     1.833927394e-07     1.830194849e-07
44    -3.280561366e-10     1.630403633e-07     1.627123072e-07
45    -2.888451783e-10     1.451039937e-07     1.448151485e-07
46    -2.547493551e-10     1.292741491e-07     1.290193997e-07
47    -2.250362495e-10     1.152844089e-07     1.150593727e-07
48    -1.990886842e-10     1.029048838e-07     1.027057951e-07
49    -1.763848578e-10     9.193676412e-08     9.176037926e-08
50    -1.564822088e-10      8.22077551e-08     8.205127289e-08
51    -1.390042534e-10     7.356824017e-08     7.342923591e-08
52    -1.236298022e-10     6.588804776e-08     6.576441796e-08
53    -1.100840927e-10     5.905371803e-08     5.894363393e-08
54     -9.81314683e-11     5.296618593e-08     5.286805446e-08
55      -8.7569312e-11       4.7538812e-08     4.745124269e-08
56    -7.822300329e-11      4.26957043e-08      4.26174813e-08
57    -6.994171072e-11      3.83702851e-08     3.830034339e-08
58    -6.259487081e-11     3.450406367e-08      3.44414688e-08
59    -5.606923233e-11     3.104558328e-08     3.098951404e-08
60    -5.026636772e-11     2.794951564e-08     2.789924928e-08
61    -4.510057214e-11     2.517588071e-08     2.513078013e-08
62    -4.049708465e-11     2.268937296e-08     2.264887587e-08
63    -3.639057853e-11     2.045877876e-08     2.042238818e-08
64    -3.272387657e-11     1.845647142e-08     1.842374755e-08
65    -2.944685531e-11      1.66579729e-08     1.662852604e-08
66    -2.651550824e-11      1.50415727e-08     1.501505719e-08
67    -2.389114308e-11     1.358799598e-08     1.356410484e-08
68    -2.153969256e-11     1.228011412e-08     1.225857443e-08
69    -1.943112135e-11     1.110269183e-08     1.108326071e-08
70    -1.753891477e-11     1.004216595e-08     1.002462704e-08
71     -1.58396371e-11     9.086451786e-09     9.070612149e-09
72    -1.431254944e-11     8.224773092e-09     8.210460543e-09
73    -1.293927829e-11       7.4475129e-09     7.434573622e-09
74    -1.170352788e-11     6.746082282e-09     6.734378754e-09
75     -1.05908298e-11     6.112804843e-09     6.102214013e-09
76    -9.588325031e-12     5.540814921e-09     5.531226596e-09
77    -8.684573603e-12     5.023967773e-09       5.0152832e-09
78    -7.869388358e-12     4.556760245e-09     4.548890856e-09
79    -7.133689437e-12     4.134260638e-09     4.127126949e-09
80    -6.469376764e-12     3.752046645e-09     3.745577268e-09
81     -5.86921816e-12      3.40615036e-09     3.400281142e-09
82    -5.326751034e-12     3.093009539e-09     3.087682788e-09
83    -4.836195888e-12     2.809424329e-09     2.804588133e-09
84    -4.392380151e-12     2.552518845e-09     2.548126464e-09
85    -3.990670994e-12     2.319707011e-09      2.31571634e-09
86    -3.626916034e-12     2.108662171e-09     2.105035255e-09
87    -3.297390921e-12     1.917290029e-09     1.913992638e-09
88     -2.99875297e-12     1.743704538e-09     1.740705785e-09
89    -2.728000095e-12     1.586206403e-09     1.583478403e-09
90    -2.482434404e-12     1.443263899e-09     1.440781465e-09
91    -2.259629897e-12     1.313495735e-09     1.311236105e-09
92    -2.057403775e-12     1.195655752e-09     1.193598348e-09
93     -1.87379093e-12     1.088619235e-09     1.086745444e-09
94    -1.707021257e-12     9.913706681e-10     9.896636469e-10
95    -1.555499437e-12     9.029927745e-10      9.01437275e-10
96    -1.417786933e-12     8.226566941e-10     8.212389072e-10
97                   0                   0                   0
98                   0                   0                   0
99                   0                   0                   0
100                   0                   0                   0
101                   0                   0                   0
102                   0                   0                   0
103                   0                   0                   0
104                   0                   0                   0
105                   0                   0                   0
106                   0                   0                   0
107                   0                   0                   0
108                   0                   0                   0
109                   0                   0                   0
110                   0                   0                   0
111                   0                   0                   0
112                   0                   0                   0
113                   0                   0                   0
114                   0                   0                   0
115                   0                   0                   0
116                   0                   0                   0
117                   0                   0                   0
118                   0                   0                   0
119                   0                   0                   0
120                   0                   0                   0
121                   0                   0                   0
122                   0                   0                   0
123                   0                   0                   0
124                   0                   0                   0
125                   0                   0                   0
126                   0                   0                   0
127                   0                   0                   0
128                   0                   0                   0
129                   0                   0                   0
130                   0                   0                   0
131                   0                   0                   0
132                   0                   0                   0
133                   0                   0                   0
134                   0                   0                   0
135                   0                   0                   0
136                   0                   0                   0
137                   0                   0                   0
138                   0                   0                   0
139                   0                   0                   0
140                   0                   0                   0
141                   0                   0                   0
142                   0                   0                   0
143                   0                   0                   0
144                   0                   0                   0
145                   0                   0                   0
146                   0                   0                   0
147                   0                   0                   0
148                   0                   0                   0
149                   0                   0                   0
150                   0                   0                   0
151                   0                   0                   0
152                   0                   0                   0
153                   0                   0                   0
154                   0                   0                   0
155                   0                   0                   0
156                   0                   0                   0
157                   0                   0                   0
158                   0                   0                   0
159                   0                   0                   0
160                   0                   0                   0
161                   0                   0                   0
162                   0                   0                   0
163                   0                   0                   0
164                   0                   0                   0
165                   0                   0                   0
166                   0                   0                   0
167                   0                   0                   0
168                   0                   0                   0
169                   0                   0                   0
170                   0                   0                   0
171                   0                   0                   0
172                   0                   0                   0
173                   0                   0                   0
174                   0                   0                   0
175                   0                   0                   0
176                   0                   0                   0
177                   0                   0                   0
178                   0                   0                   0
179                   0                   0                   0
180                   0                   0                   0
181                   0                   0                   0
182                   0                   0                   0
183                   0                   0                   0
184                   0                   0                   0
185                   0                   0                   0
186                   0                   0                   0
187                   0                   0                   0
188                   0                   0                   0
189                   0                   0                   0
190                   0                   0                   0
191                   0                   0                   0
