
0                   0                   0                   0
1       0.01985961818       0.03080056577       0.05066018395
2    -0.0001516672876      0.006483854161      0.006332186874
3    -0.0001397778953      0.002015726728      0.001875948833
4    -4.532619216e-05     0.0008365443085     0.0007912181163
5    -1.608180742e-05      0.000421027206     0.0004049453986
6    -6.592939572e-06     0.0002408065208     0.0002342135812
7    -3.064169737e-06     0.0001504486786     0.0001473845089
8    -1.573011472e-06     0.0001002168455     9.864383399e-05
9    -8.731448904e-07     7.007444909e-05      6.92013042e-05
10    -5.158100148e-07     5.089448998e-05     5.037867996e-05
11    -3.205275146e-07     3.811016614e-05     3.778963862e-05
12    -2.076894163e-07     2.926174751e-05     2.905405809e-05
13    -1.393914133e-07     2.294351068e-05     2.280411927e-05
14    -9.639837598e-08     1.831198074e-05     1.821558237e-05
15    -6.841026983e-08     1.483997773e-05     1.477156746e-05
16    -4.965277582e-08     1.218638637e-05      1.21367336e-05
17    -3.675802665e-08     1.012380015e-05     1.008704212e-05
18    -2.769274315e-08     8.496629201e-06     8.468936458e-06
19    -2.119154428e-08     7.195964484e-06      7.17477294e-06
20    -1.644546286e-08     6.144017268e-06     6.127571805e-06
21    -1.292474882e-08     5.284216963e-06     5.271292214e-06
22    -1.027493198e-08      4.57475318e-06     4.564478248e-06
23    -8.254160154e-09     3.984270454e-06     3.976016294e-06
24    -6.694475081e-09     3.488940673e-06     3.482246198e-06
25    -5.477339141e-09      3.07043632e-06     3.064958981e-06
26    -4.517848653e-09     2.714504254e-06     2.709986405e-06
27    -3.754359833e-09      2.40994699e-06     2.406192631e-06
28    -3.141552597e-09     2.147885029e-06     2.144743477e-06
29    -2.645719745e-09     1.921215898e-06     1.918570179e-06
30    -2.241520292e-09     1.724212811e-06     1.721971291e-06
31    -1.909711406e-09     1.552223666e-06     1.550313955e-06
32    -1.635543911e-09     1.401443025e-06     1.399807481e-06
33    -1.407613812e-09     1.268737741e-06     1.267330127e-06
34    -1.217031175e-09      1.15151246e-06     1.150295429e-06
35    -1.056812445e-09     1.047605004e-06     1.046548191e-06
36    -9.214318414e-10     9.552043811e-07     9.542829493e-07
37    -8.064871615e-10     8.727860633e-07     8.719795761e-07
38    -7.084486773e-10     7.990605367e-07      7.98352088e-07
39    -6.244689444e-10     7.329321488e-07     7.323076798e-07
40    -5.522376378e-10     6.734659856e-07      6.72913748e-07
41    -4.898699546e-10     6.198610603e-07     6.193711903e-07
42    -4.358202315e-10     5.714284908e-07     5.709926706e-07
43    -3.888146436e-10     5.275736476e-07      5.27184833e-07
44    -3.477984443e-10     4.877814753e-07     4.874336768e-07
45    -3.118943605e-10     4.516043687e-07     4.512924744e-07
46    -2.803695992e-10     4.186521138e-07     4.183717442e-07
47    -2.526095435e-10     3.885835051e-07     3.883308956e-07
48    -2.280966735e-10     3.610993337e-07      3.60871237e-07
49    -2.063935911e-10     3.359364966e-07      3.35730103e-07
50    -1.871292862e-10     3.128630317e-07     3.126759024e-07
51    -1.699879752e-10     2.916739167e-07     2.915039287e-07
52    -1.546999904e-10      2.72187503e-07      2.72032803e-07
53    -1.410343134e-10     2.542424779e-07     2.541014436e-07
54    -1.287924303e-10     2.376952696e-07     2.375664772e-07
55    -1.178032575e-10      2.22417823e-07     2.223000198e-07
56    -1.079189331e-10     2.082956882e-07     2.081877693e-07
57    -9.901131715e-11     1.952263727e-07     1.951273614e-07
58    -9.096906866e-11     1.831179177e-07     1.830269486e-07
59     -8.36951982e-11     1.718876643e-07     1.718039691e-07
60    -7.710501114e-11     1.614611818e-07     1.613840768e-07
61    -7.112437429e-11     1.517713343e-07       1.5170021e-07
62    -6.568825065e-11     1.427574667e-07     1.426917785e-07
63    -6.073945733e-11     1.343646917e-07     1.343039523e-07
64    -5.622760967e-11     1.265432656e-07      1.26487038e-07
65    -5.210822123e-11     1.192480392e-07      1.19195931e-07
66    -4.834193472e-11     1.124379753e-07     1.123896334e-07
67    -4.489386312e-11      1.06075722e-07     1.060308282e-07
68    -4.173302384e-11     1.001272367e-07     1.000855037e-07
69    -3.883185161e-11     9.456145234e-08     9.452262049e-08
70    -3.616577825e-11     8.934998188e-08     8.931381611e-08
71    -3.371286923e-11     8.446685557e-08      8.44331427e-08
72    -3.145350881e-11     7.988828704e-08     7.985683353e-08
73    -2.937012651e-11     7.559246485e-08     7.556309472e-08
74     -2.74469592e-11     7.155936635e-08     7.153191939e-08
75    -2.566984359e-11     6.777059123e-08     6.774492139e-08
76    -2.402603499e-11     6.420921237e-08     6.418518633e-08
77    -2.250404872e-11     6.085964215e-08      6.08371381e-08
78    -2.109352101e-11     5.770751231e-08     5.768641879e-08
79    -1.978508672e-11     5.473956588e-08      5.47197808e-08
80    -1.857027215e-11     5.194355991e-08     5.192498964e-08
81        -1.74414e-11     4.930817762e-08     4.929073622e-08
82    -1.639150589e-11     4.682294923e-08     4.680655772e-08
83    -1.541426441e-11      4.44781802e-08     4.446276594e-08
84    -1.450392357e-11     4.226488646e-08     4.225038254e-08
85     -1.36552468e-11     4.017473553e-08     4.016108028e-08
86     -1.28634613e-11      3.81999932e-08     3.818712974e-08
87    -1.212421216e-11     3.633347509e-08     3.632135088e-08
88     -1.14335215e-11     3.456850256e-08     3.455706903e-08
89      -1.0787752e-11     3.289886256e-08     3.288807481e-08
90    -1.018357428e-11     3.131877115e-08     3.130858757e-08
91    -9.617937836e-12     2.982284006e-08     2.981322213e-08
92    -9.088044907e-12     2.840604631e-08     2.839695826e-08
93    -8.591327088e-12     2.706370431e-08     2.705511298e-08
94    -8.125424331e-12     2.579144044e-08     2.578331501e-08
95    -7.688166063e-12     2.458516971e-08     2.457748154e-08
96    -7.277554196e-12     2.344107438e-08     2.343379683e-08
97                   0                   0                   0
98                   0                   0                   0
99                   0                   0                   0
100                   0                   0                   0
101                   0                   0                   0
102                   0                   0                   0
103                   0                   0                   0
104                   0                   0                   0
105                   0                   0                   0
106                   0                   0                   0
107                   0                   0                   0
108                   0                   0                   0
109                   0                   0                   0
110                   0                   0                   0
111                   0                   0                   0
112                   0                   0                   0
113                   0                   0                   0
114                   0                   0                   0
115                   0                   0                   0
116                   0                   0                   0
117                   0                   0                   0
118                   0                   0                   0
119                   0                   0                   0
120                   0                   0                   0
121                   0                   0                   0
122                   0                   0                   0
123                   0                   0                   0
124                   0                   0                   0
125                   0                   0                   0
126                   0                   0                   0
127                   0                   0                   0
128                   0                   0                   0
129                   0                   0                   0
130                   0                   0                   0
131                   0                   0                   0
132                   0                   0                   0
133                   0                   0                   0
134                   0                   0                   0
135                   0                   0                   0
136                   0                   0                   0
137                   0                   0                   0
138                   0                   0                   0
139                   0                   0                   0
140                   0                   0                   0
141                   0                   0                   0
142                   0                   0                   0
143                   0                   0                   0
144                   0                   0                   0
145                   0                   0                   0
146                   0                   0                   0
147                   0                   0                   0
148                   0                   0                   0
149                   0                   0                   0
150                   0                   0                   0
151                   0                   0                   0
152                   0                   0                   0
153                   0                   0                   0
154                   0                   0                   0
155                   0                   0                   0
156                   0                   0                   0
157                   0                   0                   0
158                   0                   0                   0
159                   0                   0                   0
160                   0                   0                   0
161                   0                   0                   0
162                   0                   0                   0
163                   0                   0                   0
164                   0                   0                   0
165                   0                   0                   0
166                   0                   0                   0
167                   0                   0                   0
168                   0                   0                   0
169                   0                   0                   0
170                   0                   0                   0
171                   0                   0                   0
172                   0                   0                   0
173                   0                   0                   0
174                   0                   0                   0
175                   0                   0                   0
176                   0                   0                   0
177                   0                   0                   0
178                   0                   0                   0
179                   0                   0                   0
180                   0                   0                   0
181                   0                   0                   0
182                   0                   0                   0
183                   0                   0                   0
184                   0                   0                   0
185                   0                   0                   0
186                   0                   0                   0
187                   0                   0                   0
188                   0                   0                   0
189                   0                   0                   0
190                   0                   0                   0
191                   0                   0                   0
