
0                   0                   0                   0
1      0.006015016317       0.04464516764       0.05066018395
2     -0.001209442095      0.007541628969      0.006332186874
3    -0.0002364232619      0.002112372095      0.001875948833
4    -5.579121161e-05     0.0008470093279     0.0007912181163
5    -1.743954577e-05     0.0004223849443     0.0004049453986
6    -6.810006853e-06     0.0002410235881     0.0002342135812
7    -3.107966232e-06     0.0001504924751     0.0001473845089
8    -1.584118763e-06     0.0001002279528     9.864383399e-05
9    -8.765816963e-07     7.007788589e-05      6.92013042e-05
10    -5.170662401e-07      5.08957462e-05     5.037867996e-05
11    -3.210602539e-07     3.811069888e-05     3.778963862e-05
12    -2.079506842e-07     2.926200877e-05     2.905405809e-05
13    -1.395397264e-07     2.294365899e-05     2.280411927e-05
14    -9.649501864e-08     1.831207738e-05     1.821558237e-05
15    -6.848093225e-08      1.48400484e-05     1.477156746e-05
16      -4.9709021e-08     1.218644262e-05      1.21367336e-05
17    -3.680541832e-08     1.012384754e-05     1.008704212e-05
18     -2.77341433e-08     8.496670601e-06     8.468936458e-06
19    -2.122853185e-08     7.196001472e-06      7.17477294e-06
20    -1.647897595e-08     6.144050781e-06     6.127571805e-06
21    -1.295538898e-08     5.284247603e-06     5.271292214e-06
22     -1.03031145e-08     4.574781363e-06     4.564478248e-06
23     -8.28019138e-09     3.984296485e-06     3.976016294e-06
24    -6.718593779e-09     3.488964792e-06     3.482246198e-06
25    -5.499739335e-09     3.070458721e-06     3.064958981e-06
26    -4.538693333e-09     2.714525098e-06     2.709986405e-06
27    -3.773788914e-09     2.409966419e-06     2.406192631e-06
28    -3.159688196e-09     2.147903165e-06     2.144743477e-06
29    -2.662669692e-09     1.921232848e-06     1.918570179e-06
30    -2.257380616e-09     1.724228671e-06     1.721971291e-06
31    -1.924568166e-09     1.552238523e-06     1.550313955e-06
32    -1.649474608e-09     1.401456955e-06     1.399807481e-06
33     -1.42068842e-09     1.268750815e-06     1.267330127e-06
34    -1.229313413e-09     1.151524742e-06     1.150295429e-06
35    -1.068360002e-09     1.047616551e-06     1.046548191e-06
36    -9.322973795e-10     9.552152466e-07     9.542829493e-07
37    -8.167187785e-10     8.727962949e-07     8.719795761e-07
38    -7.180903859e-10     7.990701784e-07      7.98352088e-07
39    -6.335610889e-10     7.329412409e-07     7.323076798e-07
40    -5.608172597e-10     6.734745652e-07      6.72913748e-07
41    -4.979711149e-10     6.198691614e-07     6.193711903e-07
42    -4.434742954e-10     5.714361449e-07     5.709926706e-07
43    -3.960505336e-10     5.275808835e-07      5.27184833e-07
44    -3.546428648e-10     4.877883197e-07     4.874336768e-07
45    -3.183719992e-10     4.516108464e-07     4.512924744e-07
46    -2.865033063e-10     4.186582475e-07     4.183717442e-07
47    -2.584204929e-10     3.885893161e-07     3.883308956e-07
48    -2.336045072e-10     3.611048416e-07      3.60871237e-07
49    -2.116165494e-10     3.359417196e-07      3.35730103e-07
50    -1.920843251e-10     3.128679867e-07     3.126759024e-07
51    -1.746908723e-10     2.916786196e-07     2.915039287e-07
52    -1.591654407e-10     2.721919684e-07      2.72032803e-07
53    -1.452760157e-10     2.542467196e-07     2.541014436e-07
54    -1.328231666e-10     2.376993003e-07     2.375664772e-07
55    -1.216349639e-10     2.224216547e-07     2.223000198e-07
56    -1.115627654e-10      2.08299332e-07     2.081877693e-07
57    -1.024777097e-10     1.952298391e-07     1.951273614e-07
58    -9.426778875e-11     1.831212164e-07     1.830269486e-07
59    -8.683539535e-11     1.718908045e-07     1.718039691e-07
60    -8.009526235e-11      1.61464172e-07     1.613840768e-07
61    -7.397272537e-11     1.517741827e-07       1.5170021e-07
62    -6.840225422e-11     1.427601807e-07     1.426917785e-07
63     -6.33262076e-11     1.343672785e-07     1.343039523e-07
64    -5.869377444e-11     1.265457318e-07      1.26487038e-07
65    -5.446007135e-11     1.192503911e-07      1.19195931e-07
66    -5.058537117e-11     1.124402187e-07     1.123896334e-07
67      -4.7034442e-11     1.060778626e-07     1.060308282e-07
68     -4.37759794e-11     1.001292797e-07     1.000855037e-07
69    -4.078211756e-11     9.456340261e-08     9.452262049e-08
70    -3.802800741e-11     8.935184411e-08     8.931381611e-08
71    -3.549145177e-11     8.446863416e-08      8.44331427e-08
72    -3.315258907e-11     7.988998612e-08     7.985683353e-08
73    -3.099361864e-11     7.559408834e-08     7.556309472e-08
74    -2.899856166e-11     7.156091796e-08     7.153191939e-08
75     -2.71530526e-11     6.777207444e-08     6.774492139e-08
76    -2.544415703e-11     6.421063049e-08     6.418518633e-08
77    -2.386021215e-11     6.086099831e-08      6.08371381e-08
78    -2.239068691e-11     5.770880947e-08     5.768641879e-08
79    -2.102605893e-11     5.474080686e-08      5.47197808e-08
80    -1.975770667e-11     5.194474734e-08     5.192498964e-08
81    -1.857781376e-11     4.930931404e-08     4.929073622e-08
82     -1.74792849e-11     4.682403701e-08     4.680655772e-08
83    -1.645567136e-11     4.447922161e-08     4.446276594e-08
84    -1.550110502e-11     4.226588364e-08     4.225038254e-08
85    -1.461023978e-11     4.017569052e-08     4.016108028e-08
86    -1.377819957e-11     3.820090794e-08     3.818712974e-08
87    -1.300053205e-11     3.633435141e-08     3.632135088e-08
88    -1.227316737e-11      3.45693422e-08     3.455706903e-08
89    -1.159238133e-11     3.289966719e-08     3.288807481e-08
90    -1.095476252e-11     3.131954234e-08     3.130858757e-08
91    -1.035718287e-11     2.982357931e-08     2.981322213e-08
92    -9.796771313e-12     2.840675503e-08     2.839695826e-08
93    -9.270890083e-12     2.706438387e-08     2.705511298e-08
94    -8.777113514e-12     2.579209213e-08     2.578331501e-08
95    -8.313208919e-12     2.458579475e-08     2.457748154e-08
96    -7.877119395e-12     2.344167395e-08     2.343379683e-08
97                   0                   0                   0
98                   0                   0                   0
99                   0                   0                   0
100                   0                   0                   0
101                   0                   0                   0
102                   0                   0                   0
103                   0                   0                   0
104                   0                   0                   0
105                   0                   0                   0
106                   0                   0                   0
107                   0                   0                   0
108                   0                   0                   0
109                   0                   0                   0
110                   0                   0                   0
111                   0                   0                   0
112                   0                   0                   0
113                   0                   0                   0
114                   0                   0                   0
115                   0                   0                   0
116                   0                   0                   0
117                   0                   0                   0
118                   0                   0                   0
119                   0                   0                   0
120                   0                   0                   0
121                   0                   0                   0
122                   0                   0                   0
123                   0                   0                   0
124                   0                   0                   0
125                   0                   0                   0
126                   0                   0                   0
127                   0                   0                   0
128                   0                   0                   0
129                   0                   0                   0
130                   0                   0                   0
131                   0                   0                   0
132                   0                   0                   0
133                   0                   0                   0
134                   0                   0                   0
135                   0                   0                   0
136                   0                   0                   0
137                   0                   0                   0
138                   0                   0                   0
139                   0                   0                   0
140                   0                   0                   0
141                   0                   0                   0
142                   0                   0                   0
143                   0                   0                   0
144                   0                   0                   0
145                   0                   0                   0
146                   0                   0                   0
147                   0                   0                   0
148                   0                   0                   0
149                   0                   0                   0
150                   0                   0                   0
151                   0                   0                   0
152                   0                   0                   0
153                   0                   0                   0
154                   0                   0                   0
155                   0                   0                   0
156                   0                   0                   0
157                   0                   0                   0
158                   0                   0                   0
159                   0                   0                   0
160                   0                   0                   0
161                   0                   0                   0
162                   0                   0                   0
163                   0                   0                   0
164                   0                   0                   0
165                   0                   0                   0
166                   0                   0                   0
167                   0                   0                   0
168                   0                   0                   0
169                   0                   0                   0
170                   0                   0                   0
171                   0                   0                   0
172                   0                   0                   0
173                   0                   0                   0
174                   0                   0                   0
175                   0                   0                   0
176                   0                   0                   0
177                   0                   0                   0
178                   0                   0                   0
179                   0                   0                   0
180                   0                   0                   0
181                   0                   0                   0
182                   0                   0                   0
183                   0                   0                   0
184                   0                   0                   0
185                   0                   0                   0
186                   0                   0                   0
187                   0                   0                   0
188                   0                   0                   0
189                   0                   0                   0
190                   0                   0                   0
191                   0                   0                   0
