
0                   0                   0                   0
1       0.01985888346        0.0308012087       0.05066009216
2    -0.0001517955398      0.006483896696      0.006332101156
3     -0.000139812445      0.002015680664      0.001875868219
4    -4.533942503e-05     0.0008364814085     0.0007911419835
5    -1.608820081e-05     0.0004209614874     0.0004048732865
6    -6.596513047e-06     0.0002407416394     0.0002341451263
7    -3.066368036e-06     0.0001503857796     0.0001473194115
8     -1.57445808e-06     0.0001001562984     9.858184034e-05
9    -8.741456495e-07     7.001634047e-05     6.914219482e-05
10    -5.165295851e-07      5.08387918e-05     5.032226221e-05
11    -3.210610363e-07     3.805680236e-05     3.773574133e-05
12     -2.08095004e-07     2.921062272e-05     2.900252772e-05
13    -1.397061993e-07     2.289452324e-05     2.275481704e-05
14    -9.664698555e-08     1.826502898e-05     1.816838199e-05
15    -6.860955351e-08     1.479496296e-05     1.472635341e-05
16    -4.981457649e-08     1.214321424e-05     1.209339966e-05
17    -3.689086216e-08     1.008238114e-05     1.004549028e-05
18    -2.780286457e-08     8.456878791e-06     8.429075927e-06
19    -2.128362129e-08     7.157802985e-06     7.136519364e-06
20    -1.652303909e-08     6.107369633e-06     6.090846594e-06
21    -1.299055144e-08     5.249012518e-06     5.236021967e-06
22    -1.033108646e-08     4.540925346e-06     4.530594259e-06
23    -8.302342015e-09     3.951756467e-06     3.943454125e-06
24    -6.736018885e-09     3.457681324e-06     3.450945305e-06
25    -5.513317756e-09     3.040375702e-06     3.034862384e-06
26    -4.549132273e-09     2.685589532e-06       2.6810404e-06
27    -3.781659707e-09      2.38212819e-06      2.37834653e-06
28    -3.165454335e-09     2.121114837e-06     2.117949383e-06
29    -2.666708759e-09     1.895449483e-06     1.892782775e-06
30    -2.260001443e-09     1.699407659e-06     1.697147657e-06
31    -1.926024324e-09     1.528339427e-06     1.526413402e-06
32    -1.649975033e-09     1.378441373e-06     1.376791397e-06
33    -1.420405924e-09     1.246582249e-06     1.245161843e-06
34     -1.22839102e-09     1.130168479e-06     1.128940088e-06
35    -1.066916849e-09     1.027039555e-06     1.025972638e-06
36     -9.30432655e-10     9.353860566e-07      9.34455624e-07
37    -8.145152894e-10     8.536849326e-07     8.528704173e-07
38    -7.156173737e-10     7.806480611e-07     7.799324437e-07
39     -6.30876524e-10      7.15181102e-07     7.145502255e-07
40    -5.579697186e-10     6.563503804e-07     6.557924107e-07
41    -4.950013211e-10     6.033560795e-07     6.028610782e-07
42    -4.404163283e-10      5.55510424e-07     5.550700076e-07
43    -3.929331285e-10     5.122198315e-07     5.118268983e-07
44    -3.514899131e-10     4.729702382e-07     4.726187483e-07
45    -3.152035238e-10     4.373149793e-07     4.369997758e-07
46    -2.833360076e-10     4.048647321e-07     4.045813961e-07
47    -2.552682578e-10     3.752791375e-07     3.750238693e-07
48    -2.304788369e-10     3.482597903e-07     3.480293115e-07
49    -2.085269203e-10     3.235443514e-07     3.233358245e-07
50    -1.890384931e-10     3.009015851e-07     3.007125466e-07
51    -1.716951302e-10     2.801271603e-07     2.799554652e-07
52    -1.562248371e-10     2.610400865e-07     2.608838616e-07
53    -1.423945411e-10     2.434796776e-07     2.433372831e-07
54    -1.300039109e-10     2.273029593e-07     2.271729554e-07
55    -1.188802518e-10     2.123824461e-07     2.122635658e-07
56    -1.088742712e-10     1.986042311e-07     1.984953568e-07
57    -9.985655632e-11     1.858663405e-07     1.857664839e-07
58    -9.171463171e-11     1.740773104e-07     1.739855958e-07
59     -8.43504953e-11     1.631549549e-07     1.630706044e-07
60    -7.767854704e-11     1.530252949e-07     1.529476163e-07
61    -7.162384296e-11     1.436216264e-07     1.435500026e-07
62    -6.612061908e-11     1.348837072e-07     1.348175866e-07
63    -6.111103964e-11     1.267570451e-07     1.266959341e-07
64    -5.654413294e-11     1.191922742e-07     1.191357301e-07
65    -5.237488407e-11     1.121446073e-07     1.120922324e-07
66    -4.856345934e-11     1.055733534e-07     1.055247899e-07
67    -4.507454181e-11     9.944149251e-08     9.939641797e-08
68    -4.187676047e-11      9.37152998e-08     9.367342304e-08
69    -3.894219877e-11     8.836401286e-08     8.832507066e-08
70    -3.624597048e-11     8.335953667e-08      8.33232907e-08
71    -3.376585287e-11     7.867618143e-08     7.864241558e-08
72    -3.148196876e-11      7.42904293e-08     7.425894733e-08
73    -2.937651032e-11     7.018072642e-08     7.015134991e-08
74    -2.743349875e-11     6.632729733e-08     6.629986383e-08
75    -2.563857465e-11     6.271197892e-08     6.268634034e-08
76    -2.397881482e-11      5.93180718e-08     5.929409299e-08
77    -2.244257203e-11     5.613020701e-08     5.610776444e-08
78    -2.101933433e-11     5.313422628e-08     5.311320695e-08
79    -1.969960153e-11     5.031707435e-08     5.029737475e-08
80    -1.847477656e-11     4.766670205e-08     4.764822727e-08
81    -1.733706954e-11     4.517197883e-08     4.515464176e-08
82    -1.627941324e-11     4.282261388e-08     4.280633447e-08
83    -1.529538821e-11     4.060908473e-08     4.059378934e-08
84    -1.437915647e-11     3.852257269e-08     3.850819354e-08
85    -1.352540278e-11     3.655490437e-08     3.654137896e-08
86     -1.27292823e-11     3.469849853e-08     3.468576925e-08
87    -1.198637419e-11     3.294631795e-08     3.293433158e-08
88    -1.129264016e-11     3.129182555e-08     3.128053291e-08
89     -1.06443875e-11     2.972894452e-08     2.971830013e-08
90    -1.003823612e-11     2.825202199e-08     2.824198376e-08
91     -9.47108897e-12     2.685579589e-08      2.68463248e-08
92    -8.940105635e-12     2.553536466e-08     2.552642456e-08
93    -8.442678571e-12     2.428615968e-08       2.4277717e-08
94    -7.976411827e-12     2.310391989e-08     2.309594348e-08
95    -7.539101889e-12     2.198466873e-08     2.197712963e-08
96    -7.128720441e-12      2.09246929e-08     2.091756418e-08
97                   0                   0                   0
98                   0                   0                   0
99                   0                   0                   0
100                   0                   0                   0
101                   0                   0                   0
102                   0                   0                   0
103                   0                   0                   0
104                   0                   0                   0
105                   0                   0                   0
106                   0                   0                   0
107                   0                   0                   0
108                   0                   0                   0
109                   0                   0                   0
110                   0                   0                   0
111                   0                   0                   0
112                   0                   0                   0
113                   0                   0                   0
114                   0                   0                   0
115                   0                   0                   0
116                   0                   0                   0
117                   0                   0                   0
118                   0                   0                   0
119                   0                   0                   0
120                   0                   0                   0
121                   0                   0                   0
122                   0                   0                   0
123                   0                   0                   0
124                   0                   0                   0
125                   0                   0                   0
126                   0                   0                   0
127                   0                   0                   0
128                   0                   0                   0
129                   0                   0                   0
130                   0                   0                   0
131                   0                   0                   0
132                   0                   0                   0
133                   0                   0                   0
134                   0                   0                   0
135                   0                   0                   0
136                   0                   0                   0
137                   0                   0                   0
138                   0                   0                   0
139                   0                   0                   0
140                   0                   0                   0
141                   0                   0                   0
142                   0                   0                   0
143                   0                   0                   0
144                   0                   0                   0
145                   0                   0                   0
146                   0                   0                   0
147                   0                   0                   0
148                   0                   0                   0
149                   0                   0                   0
150                   0                   0                   0
151                   0                   0                   0
152                   0                   0                   0
153                   0                   0                   0
154                   0                   0                   0
155                   0                   0                   0
156                   0                   0                   0
157                   0                   0                   0
158                   0                   0                   0
159                   0                   0                   0
160                   0                   0                   0
161                   0                   0                   0
162                   0                   0                   0
163                   0                   0                   0
164                   0                   0                   0
165                   0                   0                   0
166                   0                   0                   0
167                   0                   0                   0
168                   0                   0                   0
169                   0                   0                   0
170                   0                   0                   0
171                   0                   0                   0
172                   0                   0                   0
173                   0                   0                   0
174                   0                   0                   0
175                   0                   0                   0
176                   0                   0                   0
177                   0                   0                   0
178                   0                   0                   0
179                   0                   0                   0
180                   0                   0                   0
181                   0                   0                   0
182                   0                   0                   0
183                   0                   0                   0
184                   0                   0                   0
185                   0                   0                   0
186                   0                   0                   0
187                   0                   0                   0
188                   0                   0                   0
189                   0                   0                   0
190                   0                   0                   0
191                   0                   0                   0
