
0                   0                   0                   0
1      0.006014640676       0.04464545149       0.05066009216
2      -0.00120952004      0.007541621196      0.006332101156
3    -0.0002364492234      0.002112317442      0.001875868219
4    -5.580259437e-05     0.0008469445779     0.0007911419835
5    -1.744544412e-05     0.0004223187307     0.0004048732865
6    -6.813429169e-06     0.0002409585555     0.0002341451263
7    -3.110120145e-06     0.0001504295317     0.0001473194115
8    -1.585559148e-06     0.0001001673995     9.858184034e-05
9     -8.77590865e-07     7.001978569e-05     6.914219482e-05
10    -5.177997365e-07     5.084006195e-05     5.032226221e-05
11    -3.216093976e-07     3.805735072e-05     3.773574133e-05
12    -2.083719236e-07     2.921089964e-05     2.900252772e-05
13    -1.398694701e-07     2.289468651e-05     2.275481704e-05
14    -9.675760138e-08     1.826513959e-05     1.816838199e-05
15     -6.86931189e-08     1.479504653e-05     1.472635341e-05
16    -4.988266567e-08     1.214328233e-05     1.209339966e-05
17    -3.694909439e-08     1.008243938e-05     1.004549028e-05
18    -2.785417549e-08     8.456930102e-06     8.429075927e-06
19    -2.132966837e-08     7.157849032e-06     7.136519364e-06
20    -1.656483741e-08     6.107411431e-06     6.090846594e-06
21    -1.302877488e-08     5.249050742e-06     5.236021967e-06
22    -1.036621681e-08     4.540960476e-06     4.530594259e-06
23    -8.334745969e-09     3.951788871e-06     3.943454125e-06
24    -6.765989539e-09     3.457711294e-06     3.450945305e-06
25    -5.541098056e-09     3.040403482e-06     3.034862384e-06
26    -4.574928897e-09     2.685615329e-06       2.6810404e-06
27     -3.80565174e-09     2.382152182e-06      2.37834653e-06
28    -3.187798982e-09     2.121137182e-06     2.117949383e-06
29     -2.68754531e-09      1.89547032e-06     1.892782775e-06
30    -2.279454166e-09     1.699427112e-06     1.697147657e-06
31    -1.944204662e-09     1.528357607e-06     1.526413402e-06
32     -1.66698334e-09     1.378458381e-06     1.376791397e-06
33     -1.43633287e-09     1.246598175e-06     1.245161843e-06
34    -1.243318758e-09     1.130183406e-06     1.128940088e-06
35    -1.080919996e-09     1.027053558e-06     1.025972638e-06
36    -9.435791317e-10     9.353992031e-07      9.34455624e-07
37    -8.268670435e-10     8.536972843e-07     8.528704173e-07
38    -7.272310075e-10     7.806596747e-07     7.799324437e-07
39    -6.418038434e-10     7.151920294e-07     7.145502255e-07
40    -5.682582149e-10     6.563606689e-07     6.557924107e-07
41    -5.046945963e-10     6.033657728e-07     6.028610782e-07
42    -4.495545325e-10     5.555195622e-07     5.550700076e-07
43    -4.015530447e-10     5.122284514e-07     5.118268983e-07
44    -3.596256271e-10     4.729783739e-07     4.726187483e-07
45    -3.228864395e-10     4.373226622e-07     4.369997758e-07
46    -2.905951458e-10     4.048719912e-07     4.045813961e-07
47    -2.621304678e-10     3.752859997e-07     3.750238693e-07
48    -2.369689862e-10     3.482662804e-07     3.480293115e-07
49    -2.146680652e-10     3.235504925e-07     3.233358245e-07
50    -1.948520325e-10     3.009073986e-07     3.007125466e-07
51    -1.772009445e-10     2.801326662e-07     2.799554652e-07
52     -1.61441413e-10      2.61045303e-07     2.608838616e-07
53     -1.47339085e-10     2.434846222e-07     2.433372831e-07
54    -1.346924519e-10     2.273076479e-07     2.271729554e-07
55    -1.233277347e-10     2.123868935e-07     2.122635658e-07
56    -1.130946413e-10     1.986084514e-07     1.984953568e-07
57    -1.038628363e-10     1.858703467e-07     1.857664839e-07
58    -9.551899229e-11     1.740811148e-07     1.739855958e-07
59    -8.796431914e-11     1.631585687e-07     1.630706044e-07
60    -8.111248736e-11     1.530287288e-07     1.529476163e-07
61    -7.488787716e-11     1.436248904e-07     1.435500026e-07
62    -6.922409778e-11     1.348868107e-07     1.348175866e-07
63    -6.406273174e-11     1.267599968e-07     1.266959341e-07
64     -5.93522669e-11     1.191950824e-07     1.191357301e-07
65    -5.504718585e-11     1.121472796e-07     1.120922324e-07
66    -5.110718737e-11     1.055758971e-07     1.055247899e-07
67     -4.74965191e-11     9.944391449e-08     9.939641797e-08
68    -4.418340426e-11     9.371760644e-08     9.367342304e-08
69    -4.113954786e-11     8.836621021e-08     8.832507066e-08
70     -3.83397105e-11     8.336163041e-08      8.33232907e-08
71    -3.576133957e-11     7.867817692e-08     7.864241558e-08
72    -3.338424962e-11     7.429233158e-08     7.425894733e-08
73    -3.119034455e-11     7.018254026e-08     7.015134991e-08
74    -2.916337578e-11     6.632902721e-08     6.629986383e-08
75    -2.728873132e-11     6.271362908e-08     6.268634034e-08
76    -2.555325134e-11     5.931964624e-08     5.929409299e-08
77    -2.394506672e-11     5.613170951e-08     5.610776444e-08
78    -2.245345745e-11      5.31356604e-08     5.311320695e-08
79    -2.106872805e-11     5.031844348e-08     5.029737475e-08
80    -1.978209807e-11     4.766800937e-08     4.764822727e-08
81    -1.858560538e-11     4.517322737e-08     4.515464176e-08
82     -1.74720208e-11     4.282380649e-08     4.280633447e-08
83     -1.64347726e-11     4.061022411e-08     4.059378934e-08
84    -1.546787956e-11     3.852366142e-08     3.850819354e-08
85    -1.456589153e-11     3.655594486e-08     3.654137896e-08
86    -1.372383672e-11     3.469949309e-08     3.468576925e-08
87    -1.293717459e-11     3.294726875e-08     3.293433158e-08
88    -1.220175409e-11     3.129273466e-08     3.128053291e-08
89    -1.151377616e-11     2.972981391e-08     2.971830013e-08
90    -1.086976038e-11     2.825285352e-08     2.824198376e-08
91    -1.026651504e-11     2.685659131e-08      2.68463248e-08
92    -9.701110334e-12     2.553612567e-08     2.552642456e-08
93    -9.170854305e-12     2.428688785e-08       2.4277717e-08
94    -8.673271248e-12     2.310461675e-08     2.309594348e-08
95    -8.206082269e-12     2.198533571e-08     2.197712963e-08
96    -7.767187784e-12     2.092533137e-08     2.091756418e-08
97                   0                   0                   0
98                   0                   0                   0
99                   0                   0                   0
100                   0                   0                   0
101                   0                   0                   0
102                   0                   0                   0
103                   0                   0                   0
104                   0                   0                   0
105                   0                   0                   0
106                   0                   0                   0
107                   0                   0                   0
108                   0                   0                   0
109                   0                   0                   0
110                   0                   0                   0
111                   0                   0                   0
112                   0                   0                   0
113                   0                   0                   0
114                   0                   0                   0
115                   0                   0                   0
116                   0                   0                   0
117                   0                   0                   0
118                   0                   0                   0
119                   0                   0                   0
120                   0                   0                   0
121                   0                   0                   0
122                   0                   0                   0
123                   0                   0                   0
124                   0                   0                   0
125                   0                   0                   0
126                   0                   0                   0
127                   0                   0                   0
128                   0                   0                   0
129                   0                   0                   0
130                   0                   0                   0
131                   0                   0                   0
132                   0                   0                   0
133                   0                   0                   0
134                   0                   0                   0
135                   0                   0                   0
136                   0                   0                   0
137                   0                   0                   0
138                   0                   0                   0
139                   0                   0                   0
140                   0                   0                   0
141                   0                   0                   0
142                   0                   0                   0
143                   0                   0                   0
144                   0                   0                   0
145                   0                   0                   0
146                   0                   0                   0
147                   0                   0                   0
148                   0                   0                   0
149                   0                   0                   0
150                   0                   0                   0
151                   0                   0                   0
152                   0                   0                   0
153                   0                   0                   0
154                   0                   0                   0
155                   0                   0                   0
156                   0                   0                   0
157                   0                   0                   0
158                   0                   0                   0
159                   0                   0                   0
160                   0                   0                   0
161                   0                   0                   0
162                   0                   0                   0
163                   0                   0                   0
164                   0                   0                   0
165                   0                   0                   0
166                   0                   0                   0
167                   0                   0                   0
168                   0                   0                   0
169                   0                   0                   0
170                   0                   0                   0
171                   0                   0                   0
172                   0                   0                   0
173                   0                   0                   0
174                   0                   0                   0
175                   0                   0                   0
176                   0                   0                   0
177                   0                   0                   0
178                   0                   0                   0
179                   0                   0                   0
180                   0                   0                   0
181                   0                   0                   0
182                   0                   0                   0
183                   0                   0                   0
184                   0                   0                   0
185                   0                   0                   0
186                   0                   0                   0
187                   0                   0                   0
188                   0                   0                   0
189                   0                   0                   0
190                   0                   0                   0
191                   0                   0                   0
