
0                   0                   0                   0
1       0.01982802436       0.03082508427       0.05065310863
2     -0.000157168497      0.006483071918      0.006325903421
3    -0.0001412518523      0.002011549566      0.001870297713
4    -4.588589759e-05     0.0008319836625     0.0007860977649
5    -1.634916968e-05     0.0004166312312     0.0004002820615
6    -6.740324464e-06     0.0002366903602     0.0002299500357
7    -3.153383551e-06     0.0001466279246     0.0001434745411
8    -1.630648994e-06     9.667975234e-05     9.504910335e-05
9    -9.122062546e-07     6.680158947e-05     6.588938322e-05
10    -5.432657374e-07     4.786500857e-05     4.732174283e-05
11    -3.403861945e-07     3.530392461e-05     3.496353842e-05
12    -2.223865156e-07     2.666003804e-05     2.643765153e-05
13      -1.5047365e-07     2.052923062e-05     2.037875697e-05
14    -1.048845459e-07     1.606959875e-05      1.59647142e-05
15     -7.49922583e-08     1.275542279e-05     1.268043053e-05
16    -5.481280446e-08     1.024691397e-05     1.019210117e-05
17    -4.083975674e-08     8.317858336e-06     8.277018579e-06
18    -3.094586142e-08     6.813733566e-06     6.782787705e-06
19    -2.380054417e-08      5.62658506e-06     5.602784516e-06
20     -1.85487023e-08     4.679477781e-06     4.660929078e-06
21    -1.462735649e-08     3.916605699e-06     3.901978343e-06
22    -1.165772429e-08     3.296844351e-06     3.285186626e-06
23     -9.37991342e-09     2.789454838e-06     2.780074925e-06
24     -7.61240901e-09     2.371164397e-06     2.363551988e-06
25    -6.226368661e-09     2.024146715e-06     2.017920346e-06
26    -5.128974438e-09     1.734601875e-06     1.729472901e-06
27    -4.252446263e-09     1.491743004e-06     1.487490558e-06
28    -3.546665339e-09     1.287063263e-06     1.283516598e-06
29    -2.974142088e-09     1.113798976e-06     1.110824834e-06
30    -2.506532655e-09     9.665318572e-07     9.640253246e-07
31    -2.122194371e-09     8.408911415e-07     8.387689472e-07
32    -1.804448451e-09     7.333283199e-07     7.315238714e-07
33    -1.540330681e-09      6.40945204e-07     6.394048733e-07
34    -1.319683063e-09     5.613615717e-07     5.600418886e-07
35    -1.134486519e-09     4.926124628e-07     4.914779763e-07
36    -9.783659367e-10     4.330678859e-07       4.3208952e-07
37    -8.462196762e-10     3.813696033e-07     3.805233836e-07
38    -7.339398727e-10     3.363810356e-07     3.356470958e-07
39    -6.381995711e-10      2.97147315e-07     2.965091155e-07
40    -5.562894871e-10     2.628632465e-07      2.62306957e-07
41    -4.859919211e-10       2.3284747e-07      2.32361478e-07
42    -4.254827054e-10     2.065215152e-07     2.060960325e-07
43    -3.732544566e-10     1.833927394e-07     1.830194849e-07
44    -3.280561366e-10     1.630403633e-07     1.627123072e-07
45    -2.888451783e-10     1.451039937e-07     1.448151485e-07
46    -2.547493551e-10     1.292741491e-07     1.290193997e-07
47    -2.250362495e-10     1.152844089e-07     1.150593727e-07
48    -1.990886842e-10     1.029048838e-07     1.027057951e-07
49    -1.763848578e-10     9.193676412e-08     9.176037926e-08
50    -1.564822088e-10      8.22077551e-08     8.205127289e-08
51    -1.390042534e-10     7.356824017e-08     7.342923591e-08
52    -1.236298022e-10     6.588804776e-08     6.576441796e-08
53    -1.100840927e-10     5.905371803e-08     5.894363393e-08
54     -9.81314683e-11     5.296618593e-08     5.286805446e-08
55      -8.7569312e-11       4.7538812e-08     4.745124269e-08
56    -7.822300329e-11      4.26957043e-08      4.26174813e-08
57    -6.994171072e-11      3.83702851e-08     3.830034339e-08
58    -6.259487081e-11     3.450406367e-08      3.44414688e-08
59    -5.606923233e-11     3.104558328e-08     3.098951404e-08
60    -5.026636772e-11     2.794951564e-08     2.789924928e-08
61    -4.510057214e-11     2.517588071e-08     2.513078013e-08
62    -4.049708465e-11     2.268937296e-08     2.264887587e-08
63    -3.639057853e-11     2.045877876e-08     2.042238818e-08
64    -3.272387657e-11     1.845647142e-08     1.842374755e-08
65                   0                   0                   0
66                   0                   0                   0
67                   0                   0                   0
68                   0                   0                   0
69                   0                   0                   0
70                   0                   0                   0
71                   0                   0                   0
72                   0                   0                   0
73                   0                   0                   0
74                   0                   0                   0
75                   0                   0                   0
76                   0                   0                   0
77                   0                   0                   0
78                   0                   0                   0
79                   0                   0                   0
80                   0                   0                   0
81                   0                   0                   0
82                   0                   0                   0
83                   0                   0                   0
84                   0                   0                   0
85                   0                   0                   0
86                   0                   0                   0
87                   0                   0                   0
88                   0                   0                   0
89                   0                   0                   0
90                   0                   0                   0
91                   0                   0                   0
92                   0                   0                   0
93                   0                   0                   0
94                   0                   0                   0
95                   0                   0                   0
96                   0                   0                   0
97                   0                   0                   0
98                   0                   0                   0
99                   0                   0                   0
100                   0                   0                   0
101                   0                   0                   0
102                   0                   0                   0
103                   0                   0                   0
104                   0                   0                   0
105                   0                   0                   0
106                   0                   0                   0
107                   0                   0                   0
108                   0                   0                   0
109                   0                   0                   0
110                   0                   0                   0
111                   0                   0                   0
112                   0                   0                   0
113                   0                   0                   0
114                   0                   0                   0
115                   0                   0                   0
116                   0                   0                   0
117                   0                   0                   0
118                   0                   0                   0
119                   0                   0                   0
120                   0                   0                   0
121                   0                   0                   0
122                   0                   0                   0
123                   0                   0                   0
124                   0                   0                   0
125                   0                   0                   0
126                   0                   0                   0
127                   0                   0                   0
