
0                   0                   0                   0
1      0.005998823048       0.04465428558       0.05065310863
2     -0.001212802728       0.00753870615      0.006325903421
3    -0.0002375415704      0.002107839284      0.001870297713
4    -5.628032346e-05     0.0008423780884     0.0007860977649
5    -1.769189266e-05     0.0004179739541     0.0004002820615
6    -6.955473868e-06     0.0002369055096     0.0002299500357
7    -3.198719839e-06     0.0001466732609     0.0001434745411
8    -1.644139277e-06     9.669324263e-05     9.504910335e-05
9    -9.180737279e-07     6.680745695e-05     6.588938322e-05
10    -5.467545939e-07     4.786849743e-05     4.732174283e-05
11    -3.428919295e-07     3.530643035e-05     3.496353842e-05
12    -2.243637511e-07     2.666201528e-05     2.643765153e-05
13    -1.521047928e-07     2.053086176e-05     2.037875697e-05
14    -1.062599547e-07     1.607097416e-05      1.59647142e-05
15    -7.616585863e-08     1.275659639e-05     1.268043053e-05
16    -5.582149902e-08     1.024792267e-05     1.019210117e-05
17    -4.171108245e-08     8.318729661e-06     8.277018579e-06
18    -3.170143265e-08     6.814489137e-06     6.782787705e-06
19    -2.445782951e-08     5.627242345e-06     5.602784516e-06
20    -1.912206937e-08     4.680051148e-06     4.660929078e-06
21    -1.512875634e-08     3.917107099e-06     3.901978343e-06
22    -1.209717661e-08     3.297283803e-06     3.285186626e-06
23    -9.765869124e-09     2.789840794e-06     2.780074925e-06
24     -7.95203074e-09     2.371504019e-06     2.363551988e-06
25    -6.525752547e-09     2.024446099e-06     2.017920346e-06
26    -5.393328134e-09     1.734866229e-06     1.729472901e-06
27     -4.48623337e-09     1.491976791e-06     1.487490558e-06
28    -3.753723522e-09     1.287270321e-06     1.283516598e-06
29     -3.15778029e-09     1.113982615e-06     1.110824834e-06
30    -2.669611558e-09     9.666949361e-07     9.640253246e-07
31    -2.267193302e-09     8.410361405e-07     8.387689472e-07
32    -1.933521267e-09     7.334573927e-07     7.315238714e-07
33    -1.655352623e-09     6.410602259e-07     6.394048733e-07
34    -1.422290192e-09     5.614641788e-07     5.600418886e-07
35     -1.22610903e-09     4.927040854e-07     4.914779763e-07
36    -1.060256378e-09     4.331497763e-07       4.3208952e-07
37    -9.194769374e-10     3.814428606e-07     3.805233836e-07
38    -7.995296386e-10     3.364466254e-07     3.356470958e-07
39    -6.969718015e-10     2.972060873e-07     2.965091155e-07
40    -6.089934011e-10     2.629159504e-07      2.62306957e-07
41    -5.332888729e-10     2.328947669e-07      2.32361478e-07
42    -4.679572742e-10     2.065639898e-07     2.060960325e-07
43    -4.114240205e-10     1.834309089e-07     1.830194849e-07
44    -3.623791558e-10     1.630746863e-07     1.627123072e-07
45    -3.197283763e-10     1.451348769e-07     1.448151485e-07
46    -2.825539563e-10     1.293019537e-07     1.290193997e-07
47    -2.500834082e-10     1.153094561e-07     1.150593727e-07
48    -2.216642178e-10     1.029274593e-07     1.027057951e-07
49    -1.967433802e-10     9.195712264e-08     9.176037926e-08
50    -1.748507464e-10     8.222612363e-08     8.205127289e-08
51    -1.555854132e-10     7.358482133e-08     7.342923591e-08
52    -1.386045515e-10     6.590302251e-08     6.576441796e-08
53    -1.236142016e-10     5.906724813e-08     5.894363393e-08
54    -1.103616589e-10     5.297841612e-08     5.286805446e-08
55    -9.862915182e-11     4.754987184e-08     4.745124269e-08
56    -8.822857566e-11     4.270570988e-08      4.26174813e-08
57    -7.899708996e-11     3.837934048e-08     3.830034339e-08
58    -7.079342668e-11     3.451226223e-08      3.44414688e-08
59    -6.349478469e-11     3.105300883e-08     3.098951404e-08
60    -5.699420977e-11     2.795624349e-08     2.789924928e-08
61    -5.119837796e-11     2.518197851e-08     2.513078013e-08
62    -4.602571516e-11     2.269490159e-08     2.264887587e-08
63    -4.140479768e-11     2.046379298e-08     2.042238818e-08
64    -3.727298849e-11     1.846102053e-08     1.842374755e-08
65                   0                   0                   0
66                   0                   0                   0
67                   0                   0                   0
68                   0                   0                   0
69                   0                   0                   0
70                   0                   0                   0
71                   0                   0                   0
72                   0                   0                   0
73                   0                   0                   0
74                   0                   0                   0
75                   0                   0                   0
76                   0                   0                   0
77                   0                   0                   0
78                   0                   0                   0
79                   0                   0                   0
80                   0                   0                   0
81                   0                   0                   0
82                   0                   0                   0
83                   0                   0                   0
84                   0                   0                   0
85                   0                   0                   0
86                   0                   0                   0
87                   0                   0                   0
88                   0                   0                   0
89                   0                   0                   0
90                   0                   0                   0
91                   0                   0                   0
92                   0                   0                   0
93                   0                   0                   0
94                   0                   0                   0
95                   0                   0                   0
96                   0                   0                   0
97                   0                   0                   0
98                   0                   0                   0
99                   0                   0                   0
100                   0                   0                   0
101                   0                   0                   0
102                   0                   0                   0
103                   0                   0                   0
104                   0                   0                   0
105                   0                   0                   0
106                   0                   0                   0
107                   0                   0                   0
108                   0                   0                   0
109                   0                   0                   0
110                   0                   0                   0
111                   0                   0                   0
112                   0                   0                   0
113                   0                   0                   0
114                   0                   0                   0
115                   0                   0                   0
116                   0                   0                   0
117                   0                   0                   0
118                   0                   0                   0
119                   0                   0                   0
120                   0                   0                   0
121                   0                   0                   0
122                   0                   0                   0
123                   0                   0                   0
124                   0                   0                   0
125                   0                   0                   0
126                   0                   0                   0
127                   0                   0                   0
