0                   0                   0                   0
1       0.01698897771       0.03090100638       0.04788998408
2    -0.0005591270111      0.005444687986      0.004885560975
3    -0.0002132268348      0.001271741231      0.001058514397
4    -6.006398395e-05     0.0003633846931     0.0003033207091
5    -1.846091787e-05     0.0001186638418     0.0001002029239
6    -6.263637834e-06     4.230446789e-05     3.604083006e-05
7    -2.294615203e-06     1.600709043e-05     1.371247523e-05
8    -8.890592676e-07     6.317817344e-06     5.428758076e-06
9    -3.589359481e-07     2.572607132e-06     2.213671184e-06
10    -1.494580259e-07     1.072921738e-06     9.234637125e-07
11    -6.373220566e-08     4.560006561e-07     3.922684504e-07
12    -2.769211826e-08     1.967881723e-07     1.690960541e-07
13    -1.221591728e-08     8.600214335e-08     7.378622607e-08
14    -5.456160193e-09     3.798527314e-08     3.252911294e-08
15    -2.462284855e-09     1.692902971e-08     1.446674485e-08
16    -1.120930918e-09     7.603560622e-09     6.482629704e-09
17    -5.141077604e-10     3.438213547e-09     2.924105787e-09
18    -2.373113694e-10     1.563947527e-09     1.326636158e-09
19    -1.101562178e-10      7.15136867e-10     6.049806493e-10
20    -5.138381982e-11     3.285384354e-10     2.771546156e-10
21    -2.407251291e-11     1.515667297e-10     1.274942168e-10
22     -1.13209936e-11     7.018813305e-11     5.886713945e-11
23    -5.342419021e-12     3.261460244e-11     2.727218342e-11
24    -2.528888367e-12      1.52025386e-11     1.267365023e-11
25    -1.200407884e-12     7.106567082e-12     5.906159198e-12
26     -5.71244623e-13     3.330747216e-12     2.759502593e-12
27    -2.724649924e-13     1.564847125e-12     1.292382132e-12
28    -1.302290904e-13     7.368365148e-13     6.066074244e-13
29    -6.236454497e-14     3.476711055e-13     2.853065605e-13
30    -2.991799508e-14     1.643618512e-13     1.344438561e-13
31    -1.437580694e-14     7.784157364e-14      6.34657667e-14
32    -6.918046804e-15     3.692743535e-14     3.000938854e-14
33    -3.333790998e-15     1.754556411e-14     1.421177311e-14
34    -1.608621233e-15     8.348801926e-15     6.740180692e-15
35    -7.771251376e-16     3.978151975e-15     3.201026837e-15
36     -3.75850161e-16     1.898034351e-15      1.52218419e-15
37    -1.819672787e-16     9.066930876e-16     7.247258089e-16
38    -8.818559943e-17     4.336314451e-16     3.454458456e-16
39    -4.277612501e-17     2.076148895e-16     1.648387644e-16
40    -2.076732038e-17     9.950585528e-17     7.873853489e-17
41    -1.009049838e-17     4.773844058e-17     3.764794219e-17
42    -4.906565371e-18     2.292429639e-17     1.801773102e-17
43    -2.387573158e-18     1.101824136e-17     8.630668206e-18
44    -1.162606316e-18     5.300278732e-18     4.137672416e-18
45    -5.664865986e-19     2.551750703e-18     1.985264105e-18
46    -2.761931108e-19     1.229461641e-18     9.532685299e-19
47    -1.347375433e-19     5.928080318e-19     4.580704885e-19
48    -6.576643597e-20     2.860366222e-19     2.202701862e-19
49    -3.211797052e-20     1.381098512e-19     1.059918807e-19
50    -1.569310941e-20     6.672843268e-20     5.103532327e-20
51    -7.671438057e-21     3.226034284e-20     2.458890479e-20
52    -3.751818869e-21     1.560587195e-20     1.185405308e-20
53    -1.835672879e-21     7.553669068e-21     5.717996189e-21
54    -8.985219332e-22     3.658214386e-21     2.759692452e-21
55    -4.399812557e-22     1.772607586e-21      1.33262633e-21
56    -2.155283411e-22     8.593691713e-22     6.438408302e-22
57    -1.056166478e-22     4.168334663e-22     3.112168185e-22
58     -5.17739889e-23     2.022802073e-22     1.505062184e-22
59    -2.538843776e-23     9.820756801e-23     7.281913025e-23
60    -1.245373547e-23     4.770132109e-23     3.524758562e-23
61    -6.110786772e-24     2.317945482e-23     1.706866805e-23
62    -2.999323341e-24     1.126826847e-23     8.268945132e-24
63    -1.472560747e-24     5.480073898e-24     4.007513151e-24
64    -7.231731601e-25     2.666154363e-24     1.942981203e-24
65    -3.552435018e-25     1.297622786e-24     9.423792839e-25
66    -1.745502972e-25     6.317872151e-25     4.572369179e-25
67    -8.578704433e-26      3.07714198e-25     2.219271537e-25
68    -4.217214922e-26     1.499249535e-25     1.077528042e-25
69    -2.073619752e-26     7.307108509e-26     5.233488757e-26
70    -1.019831632e-26     3.562527226e-26     2.542695594e-26
71    -5.016728337e-27     1.737431808e-26     1.235758974e-26
72    -2.468325149e-27     8.475989227e-27     6.007664078e-27
73     -1.21470524e-27      4.13620782e-27      2.92150258e-27
74    -5.978929109e-28     2.019017408e-27     1.421124497e-27
75    -2.943453654e-28     9.858256357e-28     6.914802703e-28
76    -1.449338254e-28     4.814810476e-28     3.365472222e-28
77    -7.137705635e-29      2.35219962e-28     1.638429057e-28
78     -3.51577855e-29     1.149428633e-28     7.978507783e-29
79    -1.732033024e-29      5.61823357e-29     3.886200546e-29
80    -8.534153953e-30     2.746785265e-29      1.89336987e-29
81                   0                   0                   0
82                   0                   0                   0
83                   0                   0                   0
84                   0                   0                   0
85                   0                   0                   0
86                   0                   0                   0
87                   0                   0                   0
88                   0                   0                   0
89                   0                   0                   0
90                   0                   0                   0
91                   0                   0                   0
92                   0                   0                   0
93                   0                   0                   0
94                   0                   0                   0
95                   0                   0                   0
96                   0                   0                   0
97                   0                   0                   0
98                   0                   0                   0
99                   0                   0                   0
100                   0                   0                   0
101                   0                   0                   0
102                   0                   0                   0
103                   0                   0                   0
104                   0                   0                   0
105                   0                   0                   0
106                   0                   0                   0
107                   0                   0                   0
108                   0                   0                   0
109                   0                   0                   0
110                   0                   0                   0
111                   0                   0                   0
112                   0                   0                   0
113                   0                   0                   0
114                   0                   0                   0
115                   0                   0                   0
116                   0                   0                   0
117                   0                   0                   0
118                   0                   0                   0
119                   0                   0                   0
120                   0                   0                   0
121                   0                   0                   0
122                   0                   0                   0
123                   0                   0                   0
124                   0                   0                   0
125                   0                   0                   0
126                   0                   0                   0
127                   0                   0                   0
128                   0                   0                   0
129                   0                   0                   0
130                   0                   0                   0
131                   0                   0                   0
132                   0                   0                   0
133                   0                   0                   0
134                   0                   0                   0
135                   0                   0                   0
136                   0                   0                   0
137                   0                   0                   0
138                   0                   0                   0
139                   0                   0                   0
140                   0                   0                   0
141                   0                   0                   0
142                   0                   0                   0
143                   0                   0                   0
144                   0                   0                   0
145                   0                   0                   0
146                   0                   0                   0
147                   0                   0                   0
148                   0                   0                   0
149                   0                   0                   0
150                   0                   0                   0
151                   0                   0                   0
152                   0                   0                   0
153                   0                   0                   0
154                   0                   0                   0
155                   0                   0                   0
156                   0                   0                   0
157                   0                   0                   0
158                   0                   0                   0
159                   0                   0                   0
