0                   0                   0                   0
1      0.004403137686        0.0434868464       0.04788998408
2     -0.001476744781      0.006362305756      0.004885560975
3    -0.0002964104579      0.001354924855      0.001058514397
4    -7.066383944e-05     0.0003739845486     0.0003033207091
5    -2.068959509e-05      0.000120892519     0.0001002029239
6    -6.977129105e-06     4.301795916e-05     3.604083006e-05
7    -2.572775955e-06     1.628525118e-05     1.371247523e-05
8    -1.005544405e-06     6.434302482e-06     5.428758076e-06
9    -4.091321484e-07     2.622803332e-06     2.213671184e-06
10    -1.714211558e-07     1.094884868e-06     9.234637125e-07
11    -7.344437397e-08     4.657128244e-07     3.922684504e-07
12    -3.202355699e-08      2.01119611e-07     1.690960541e-07
13    -1.416175762e-08     8.794798368e-08     7.378622607e-08
14    -6.335901654e-09      3.88650146e-08     3.252911294e-08
15    -2.862291221e-09     1.732903607e-08     1.446674485e-08
16    -1.303734323e-09     7.786364027e-09     6.482629704e-09
17    -5.980318133e-10       3.5221376e-09     2.924105787e-09
18    -2.759999561e-10     1.602636114e-09     1.326636158e-09
19    -1.280584808e-10       7.3303913e-10     6.049806493e-10
20    -5.969603908e-11     3.368506547e-10     2.771546156e-10
21    -2.794404687e-11     1.554382636e-10     1.274942168e-10
22    -1.312939264e-11     7.199653209e-11     5.886713945e-11
23    -6.189356861e-12     3.346154028e-11     2.727218342e-11
24    -2.926507132e-12     1.560015736e-11     1.267365023e-11
25    -1.387502714e-12     7.293661912e-12     5.906159198e-12
26    -6.594644136e-13     3.418967007e-12     2.759502593e-12
27    -3.141439145e-13     1.606526047e-12     1.292382132e-12
28    -1.499558741e-13     7.565632985e-13     6.066074244e-13
29    -7.171718076e-14     3.570237413e-13     2.853065605e-13
30    -3.435922322e-14     1.688030794e-13     1.344438561e-13
31    -1.648793902e-14     7.995370572e-14      6.34657667e-14
32     -7.92393414e-15     3.793332268e-14     3.000938854e-14
33    -3.813472035e-15     1.802524514e-14     1.421177311e-14
34     -1.83765437e-15     8.577835063e-15     6.740180692e-15
35    -8.866107144e-16     4.087637552e-15     3.201026837e-15
36    -4.282464988e-16     1.950430689e-15      1.52218419e-15
37    -2.070690939e-16     9.317949028e-16     7.247258089e-16
38    -1.002233721e-16     4.456692178e-16     3.454458456e-16
39    -4.855445492e-17     2.133932194e-16     1.648387644e-16
40    -2.354353888e-17     1.022820738e-16     7.873853489e-17
41    -1.142549881e-17       4.9073441e-17     3.764794219e-17
42    -5.549058142e-18     2.356678916e-17     1.801773102e-17
43    -2.697028483e-18     1.132769669e-17     8.630668206e-18
44    -1.311767359e-18     5.449439775e-18     4.137672416e-18
45    -6.384358766e-19     2.623699981e-18     1.985264105e-18
46    -3.109225508e-19     1.264191081e-18     9.532685299e-19
47    -1.515123293e-19     6.095828178e-19     4.580704885e-19
48    -7.387403713e-20     2.941442233e-19     2.202701862e-19
49    -3.603893536e-20      1.42030816e-19     1.059918807e-19
50    -1.759046336e-20     6.862578663e-20     5.103532327e-20
51    -8.590085424e-21     3.317899021e-20     2.458890479e-20
52    -4.196844658e-21     1.605089774e-20     1.185405308e-20
53    -2.051372154e-21     7.769368343e-21     5.717996189e-21
54    -1.003121798e-21      3.76281425e-21     2.759692452e-21
55    -4.907299298e-22      1.82335626e-21      1.33262633e-21
56    -2.401616091e-22     8.840024393e-22     6.438408302e-22
57    -1.175789871e-22     4.287958056e-22     3.112168185e-22
58    -5.758565024e-23     2.080918686e-22     1.505062184e-22
59    -2.821311132e-23     1.010322416e-22     7.281913025e-23
60     -1.38271891e-23     4.907477472e-23     3.524758562e-23
61    -6.778871879e-24     2.384753992e-23     1.706866805e-23
62    -3.324422751e-24     1.159336788e-23     8.268945132e-24
63    -1.630817402e-24     5.638330553e-24     4.007513151e-24
64    -8.002394113e-25     2.743220615e-24     1.942981203e-24
65    -3.927855711e-25     1.335164855e-24     9.423792839e-25
66    -1.928447482e-25     6.500816661e-25     4.572369179e-25
67    -9.470496154e-26     3.166321152e-25     2.219271537e-25
68    -4.652071693e-26     1.542735212e-25     1.077528042e-25
69    -2.285731061e-26     7.519219819e-26     5.233488757e-26
70    -1.123324974e-26     3.666020568e-26     2.542695594e-26
71    -5.521841124e-27     1.787943086e-26     1.235758974e-26
72     -2.71492238e-27     8.722586458e-27     6.007664078e-27
73    -1.335127997e-27     4.256630577e-27      2.92150258e-27
74    -6.567157877e-28     2.077840285e-27     1.421124497e-27
75    -3.230861222e-28     1.014566392e-27     6.914802703e-28
76    -1.589801086e-28     4.955273308e-28     3.365472222e-28
77    -7.824351911e-29     2.420864248e-28     1.638429057e-28
78    -3.851524209e-29     1.183003199e-28     7.978507783e-29
79    -1.896239693e-29      5.78244024e-29     3.886200546e-29
80    -9.337442707e-30      2.82711414e-29      1.89336987e-29
81                   0                   0                   0
82                   0                   0                   0
83                   0                   0                   0
84                   0                   0                   0
85                   0                   0                   0
86                   0                   0                   0
87                   0                   0                   0
88                   0                   0                   0
89                   0                   0                   0
90                   0                   0                   0
91                   0                   0                   0
92                   0                   0                   0
93                   0                   0                   0
94                   0                   0                   0
95                   0                   0                   0
96                   0                   0                   0
97                   0                   0                   0
98                   0                   0                   0
99                   0                   0                   0
100                   0                   0                   0
101                   0                   0                   0
102                   0                   0                   0
103                   0                   0                   0
104                   0                   0                   0
105                   0                   0                   0
106                   0                   0                   0
107                   0                   0                   0
108                   0                   0                   0
109                   0                   0                   0
110                   0                   0                   0
111                   0                   0                   0
112                   0                   0                   0
113                   0                   0                   0
114                   0                   0                   0
115                   0                   0                   0
116                   0                   0                   0
117                   0                   0                   0
118                   0                   0                   0
119                   0                   0                   0
120                   0                   0                   0
121                   0                   0                   0
122                   0                   0                   0
123                   0                   0                   0
124                   0                   0                   0
125                   0                   0                   0
126                   0                   0                   0
127                   0                   0                   0
128                   0                   0                   0
129                   0                   0                   0
130                   0                   0                   0
131                   0                   0                   0
132                   0                   0                   0
133                   0                   0                   0
134                   0                   0                   0
135                   0                   0                   0
136                   0                   0                   0
137                   0                   0                   0
138                   0                   0                   0
139                   0                   0                   0
140                   0                   0                   0
141                   0                   0                   0
142                   0                   0                   0
143                   0                   0                   0
144                   0                   0                   0
145                   0                   0                   0
146                   0                   0                   0
147                   0                   0                   0
148                   0                   0                   0
149                   0                   0                   0
150                   0                   0                   0
151                   0                   0                   0
152                   0                   0                   0
153                   0                   0                   0
154                   0                   0                   0
155                   0                   0                   0
156                   0                   0                   0
157                   0                   0                   0
158                   0                   0                   0
159                   0                   0                   0
