
0                             0                             0                             0
1           0.01985591321038029           0.03080375391647642            0.0506596671268567
2        -0.0001523138744519504          0.006484021525940268          0.006331707651488318
3        -0.0001399519880441046          0.002015452985281863          0.001875500997237759
4        -4.539281599133787e-05         0.0008361904759413333         0.0007907976599499955
5        -1.611396075967955e-05         0.0004206633285971079         0.0004045493678374284
6        -6.610886715351365e-06         0.0002404505334678191         0.0002338396467524677
7        -3.075192624140658e-06         0.0001501059485110581         0.0001470307558869175
8        -1.580251830328531e-06         9.988889567935477e-05         9.830864384902624e-05
9        -8.781433634253257e-07          6.97614242703417e-05         6.888328090691638e-05
10        -5.193957611157935e-07         5.059599685219593e-05         5.007660109108014e-05
11        -3.231794212655409e-07         3.782560043195918e-05         3.750242101069364e-05
12        -2.096998676267505e-07         2.899043273784179e-05         2.878073287021504e-05
13        -1.409471311853788e-07         2.268476021307416e-05         2.254381308188878e-05
14        -9.762311881137024e-08         1.806512598950373e-05         1.796750287069236e-05
15        -6.938866902575319e-08         1.460438056523485e-05          1.45349918962091e-05
16        -5.044427050911196e-08         1.196144387613571e-05         1.191099960562659e-05
17         -3.74053352874341e-08         9.908945605890755e-06         9.871540270603321e-06
18        -2.822719007335957e-08          8.29133123848217e-06          8.26310404840881e-06
19        -2.163650832221367e-08         6.999725329452578e-06         6.978088821130364e-06
20        -1.681866818814206e-08         5.956370661139699e-06         5.939551992951557e-06
21         -1.32398217013353e-08         5.104725973070007e-06         5.091486151368672e-06
22        -1.054248044618655e-08         4.403008064540361e-06         4.392465584094174e-06
23        -8.482536499294762e-09         3.819886627255759e-06         3.811404090756464e-06
24        -6.890323317382859e-09         3.331556815749817e-06         3.324666492432435e-06
25        -5.645993750079304e-09          2.91971263594524e-06          2.91406664219516e-06
26        -4.663629586236822e-09         2.570120869747059e-06         2.565457240160822e-06
27        -3.880792727652408e-09         2.271602498279597e-06         2.267721705551945e-06
28         -3.25153558793964e-09         2.015295152122492e-06         2.012043616534552e-06
29        -2.741650961761111e-09         1.794112275104234e-06         1.791370624142472e-06
30        -2.325396291767033e-09         1.602341886916377e-06          1.60001649062461e-06
31        -1.983203857389507e-09         1.435345678832378e-06         1.433362474974989e-06
32        -1.700059836593926e-09         1.289331076051789e-06         1.287631016215195e-06
33        -1.464343289214363e-09          1.16117694958419e-06         1.159712606294976e-06
34        -1.266985378026231e-09         1.048299180099362e-06         1.047032194721336e-06
35        -1.100854199440476e-09         9.485461091074901e-07         9.474452549080497e-07
36         -9.60300315808988e-10         8.601166062032734e-07         8.591563058874644e-07
37        -8.408179443946186e-10         7.814953947821358e-07         7.806545768377412e-07
38         -7.38790197764667e-10         7.114016525281804e-07         7.106628623304157e-07
39        -6.512959698105666e-10         6.487478990219343e-07         6.480966030521237e-07
40        -5.759624277029199e-10         5.926069116134788e-07         5.920309491857759e-07
41         -5.10851521110987e-10         5.421849486137482e-07         5.416740970926372e-07
42        -4.543720625346539e-10         4.967999591477869e-07         4.963455870852523e-07
43        -4.052111718321547e-10         4.558637592222069e-07         4.554585480503747e-07
44        -3.622804876566639e-10         4.188673803752418e-07         4.185050998875851e-07
45        -3.246737152184241e-10         3.853689698486839e-07         3.850442961334655e-07
46        -2.916329321532489e-10         3.549837533975037e-07         3.546921204653504e-07
47        -2.625217017069916e-10         3.273756737344656e-07         3.271131520327586e-07
48        -2.368035076192261e-10         3.022503966134324e-07         3.020135931058132e-07
49         -2.14024372344049e-10         2.793494381768569e-07         2.791354138045129e-07
50        -1.937987811646114e-10         2.584452155211156e-07          2.58251416739951e-07
51        -1.757982320522954e-10         2.393368605359903e-07          2.39161062303938e-07
52        -1.597418811893751e-10         2.218466672672486e-07         2.216869253860592e-07
53        -1.453888688865928e-10         2.058170670919381e-07         2.056716782230515e-07
54        -1.325319989441618e-10         1.911080452271679e-07         1.909755132282238e-07
55        -1.209925128142627e-10           1.7759492754557e-07         1.774739350327558e-07
56        -1.106157530060431e-10         1.651664791399877e-07         1.650558633869816e-07
57        -1.012675516508776e-10         1.537232661835479e-07         1.536219986318971e-07
58        -9.283121270230331e-11         1.431762408504125e-07         1.430834096377102e-07
59        -8.520498177719086e-11         1.334455157740066e-07         1.333603107922294e-07
60        -7.829991839778433e-11         1.244593000207324e-07         1.243810001023346e-07
61        -7.203810066997939e-11         1.161529730806237e-07         1.160809349799537e-07
62        -6.635110642517486e-11         1.084682771114303e-07         1.084019260050051e-07
63        -6.117872431359643e-11         1.013526107635299e-07         1.012914320392163e-07
64        -5.646785708885353e-11         9.475841048172775e-08          9.47019426246389e-08
65                             0                             0                             0
66                             0                             0                             0
67                             0                             0                             0
68                             0                             0                             0
69                             0                             0                             0
70                             0                             0                             0
71                             0                             0                             0
72                             0                             0                             0
73                             0                             0                             0
74                             0                             0                             0
75                             0                             0                             0
76                             0                             0                             0
77                             0                             0                             0
78                             0                             0                             0
79                             0                             0                             0
80                             0                             0                             0
81                             0                             0                             0
82                             0                             0                             0
83                             0                             0                             0
84                             0                             0                             0
85                             0                             0                             0
86                             0                             0                             0
87                             0                             0                             0
88                             0                             0                             0
89                             0                             0                             0
90                             0                             0                             0
91                             0                             0                             0
92                             0                             0                             0
93                             0                             0                             0
94                             0                             0                             0
95                             0                             0                             0
96                             0                             0                             0
97                             0                             0                             0
98                             0                             0                             0
99                             0                             0                             0
100                             0                             0                             0
101                             0                             0                             0
102                             0                             0                             0
103                             0                             0                             0
104                             0                             0                             0
105                             0                             0                             0
106                             0                             0                             0
107                             0                             0                             0
108                             0                             0                             0
109                             0                             0                             0
110                             0                             0                             0
111                             0                             0                             0
112                             0                             0                             0
113                             0                             0                             0
114                             0                             0                             0
115                             0                             0                             0
116                             0                             0                             0
117                             0                             0                             0
118                             0                             0                             0
119                             0                             0                             0
120                             0                             0                             0
121                             0                             0                             0
122                             0                             0                             0
123                             0                             0                             0
124                             0                             0                             0
125                             0                             0                             0
126                             0                             0                             0
127                             0                             0                             0
