
0                             0                             0                             0
1          0.006013121577031606            0.0446465455498251            0.0506596671268567
2         -0.001209835274787218          0.007541542926275535          0.006331707651488318
3        -0.0002365542208283117           0.00211205521806607          0.001875500997237759
4        -5.584862483832924e-05         0.0008466462847883247         0.0007907976599499955
5        -1.746928947794166e-05           0.00042201865731537         0.0004045493678374284
6        -6.827257751625322e-06          0.000240666904504093         0.0002338396467524677
7        -3.118817069703244e-06         0.0001501495729566207         0.0001470307558869175
8        -1.591369236383431e-06         9.990001308540967e-05         9.830864384902624e-05
9        -8.816563717568263e-07          6.97649372786732e-05         6.888328090691638e-05
10        -5.207500809573492e-07         5.059735117203748e-05         5.007660109108014e-05
11        -3.238141462941064e-07         3.782623515698775e-05         3.750242101069364e-05
12        -2.100595402869223e-07         2.899079241050197e-05         2.878073287021504e-05
13         -1.41187320366447e-07         2.268500040225523e-05         2.254381308188878e-05
14        -9.780418525910778e-08         1.806530705595146e-05         1.796750287069236e-05
15        -6.953629469308267e-08         1.460452819090218e-05          1.45349918962091e-05
16        -5.057041238392003e-08         1.196157001801051e-05         1.191099960562659e-05
17        -3.751610906408392e-08         9.909056379667405e-06         9.871540270603321e-06
18        -2.832605053360668e-08         8.291430098942417e-06          8.26310404840881e-06
19        -2.172561268252675e-08         6.999814433812891e-06         6.978088821130364e-06
20        -1.689949381333158e-08         5.956451486764889e-06         5.939551992951557e-06
21        -1.331346128525694e-08         5.104799612653929e-06         5.091486151368672e-06
22        -1.060979089216762e-08         4.403075374986342e-06         4.392465584094174e-06
23        -8.544218425707851e-09         3.819948309182172e-06         3.811404090756464e-06
24         -6.94696620815898e-09         3.331613458640594e-06         3.324666492432435e-06
25        -5.698103322391121e-09         2.919764745517551e-06          2.91406664219516e-06
26        -4.711645511800103e-09         2.570168885672622e-06         2.565457240160822e-06
27        -3.925100850181444e-09         2.271646806402126e-06         2.267721705551945e-06
28        -3.292476825741775e-09         2.015336093360294e-06         2.012043616534552e-06
29        -2.779528098644462e-09         1.794150152241117e-06         1.791370624142472e-06
30        -2.360479346226272e-09         1.602376969970836e-06          1.60001649062461e-06
31        -2.015734444206363e-09         1.435378209419195e-06         1.433362474974989e-06
32         -1.73025478170635e-09         1.289361270996902e-06         1.287631016215195e-06
33        -1.492397670320231e-09         1.161205003965296e-06         1.159712606294976e-06
34        -1.293075110446391e-09         1.048325269831782e-06         1.047032194721336e-06
35        -1.125138253663501e-09         9.485703931617132e-07         9.474452549080497e-07
36        -9.829226315628644e-10         8.601392285190273e-07         8.591563058874644e-07
37         -8.61909091400214e-10         7.815164859291414e-07         7.806545768377412e-07
38        -7.584688229237057e-10         7.114213311533394e-07         7.106628623304157e-07
39        -6.696700629428457e-10         6.487662731150666e-07         6.480966030521237e-07
40        -5.931304321646858e-10         5.926240796179405e-07         5.920309491857759e-07
41        -5.269033111359613e-10         5.422010004037732e-07         5.416740970926372e-07
42        -4.693898055735009e-10         4.968149768908258e-07         4.963455870852523e-07
43         -4.19270091299086e-10         4.558778181416738e-07         4.554585480503747e-07
44        -3.754495391424689e-10         4.188805494267276e-07         4.185050998875851e-07
45        -3.370161872997271e-10         3.853813123207652e-07         3.850442961334655e-07
46        -3.032069813155212e-10          3.54995327446666e-07         3.546921204653504e-07
47        -2.733808295534899e-10         3.273865328623121e-07         3.271131520327586e-07
48        -2.469969874059745e-10         3.022605900932191e-07         3.020135931058132e-07
49        -2.235976309177415e-10         2.793590114354306e-07         2.791354138045129e-07
50        -2.027937415714513e-10         2.584542104815225e-07          2.58251416739951e-07
51        -1.842536213897375e-10         2.393453159253278e-07          2.39161062303938e-07
52        -1.676935076788617e-10         2.218546188937381e-07         2.216869253860592e-07
53        -1.528698716415732e-10         2.058245480946931e-07         2.056716782230515e-07
54        -1.395730734665948e-10         1.911150863016904e-07         1.909755132282238e-07
55        -1.276221148792585e-10          1.77601557147635e-07         1.774739350327558e-07
56        -1.168602832697035e-10         1.651727236702513e-07         1.650558633869816e-07
57        -1.071515230336937e-10         1.537291501549307e-07         1.536219986318971e-07
58        -9.837740235835461e-11         1.431817870400685e-07         1.430834096377102e-07
59        -9.043456924651576e-11          1.33450745361476e-07         1.333603107922294e-07
60        -8.323261135466808e-11         1.244642327136893e-07         1.243810001023346e-07
61        -7.669224951925913e-11         1.161576272294729e-07         1.160809349799537e-07
62        -7.074380885822639e-11         1.084726698138633e-07         1.084019260050051e-07
63        -6.532592081065049e-11         1.013567579600269e-07         1.012914320392163e-07
64        -6.038441824818531e-11         9.476232704288708e-08          9.47019426246389e-08
65                             0                             0                             0
66                             0                             0                             0
67                             0                             0                             0
68                             0                             0                             0
69                             0                             0                             0
70                             0                             0                             0
71                             0                             0                             0
72                             0                             0                             0
73                             0                             0                             0
74                             0                             0                             0
75                             0                             0                             0
76                             0                             0                             0
77                             0                             0                             0
78                             0                             0                             0
79                             0                             0                             0
80                             0                             0                             0
81                             0                             0                             0
82                             0                             0                             0
83                             0                             0                             0
84                             0                             0                             0
85                             0                             0                             0
86                             0                             0                             0
87                             0                             0                             0
88                             0                             0                             0
89                             0                             0                             0
90                             0                             0                             0
91                             0                             0                             0
92                             0                             0                             0
93                             0                             0                             0
94                             0                             0                             0
95                             0                             0                             0
96                             0                             0                             0
97                             0                             0                             0
98                             0                             0                             0
99                             0                             0                             0
100                             0                             0                             0
101                             0                             0                             0
102                             0                             0                             0
103                             0                             0                             0
104                             0                             0                             0
105                             0                             0                             0
106                             0                             0                             0
107                             0                             0                             0
108                             0                             0                             0
109                             0                             0                             0
110                             0                             0                             0
111                             0                             0                             0
112                             0                             0                             0
113                             0                             0                             0
114                             0                             0                             0
115                             0                             0                             0
116                             0                             0                             0
117                             0                             0                             0
118                             0                             0                             0
119                             0                             0                             0
120                             0                             0                             0
121                             0                             0                             0
122                             0                             0                             0
123                             0                             0                             0
124                             0                             0                             0
125                             0                             0                             0
126                             0                             0                             0
127                             0                             0                             0
