
0                   0                   0                   0
1       0.01845784419       0.03107672083       0.04953456502
2    -0.0003716015666      0.006010939131      0.005639337564
3    -0.0001877447774      0.001613272837       0.00142552806
4    -5.865342505e-05     0.0005466333755     0.0004879799504
5    -2.027636942e-05     0.0002154435083     0.0001951671389
6    -7.912281909e-06     9.359062479e-05     8.567834288e-05
7    -3.393937868e-06     4.338943102e-05     3.999549315e-05
8    -1.559785121e-06     2.105590425e-05     1.949611913e-05
9    -7.539017812e-07     1.056667461e-05     9.812772833e-06
10    -3.783687785e-07     5.440264375e-06     5.061895597e-06
11    -1.954549663e-07     2.857877203e-06     2.662422237e-06
12    -1.032797204e-07     1.525853922e-06     1.422574202e-06
13    -5.557381626e-08     8.256149356e-07     7.700411193e-07
14    -3.035044153e-08      4.51741415e-07     4.213909735e-07
15    -1.678035179e-08     2.495260301e-07     2.327456783e-07
16    -9.374065884e-09     1.389553455e-07     1.295812797e-07
17    -5.282941903e-09     7.792951802e-08     7.264657612e-08
18    -2.999911425e-09     4.397603224e-08     4.097612082e-08
19     -1.71471071e-09     2.495190029e-08     2.323718958e-08
20    -9.857480951e-10     1.422665146e-08     1.324090336e-08
21     -5.69556947e-10     8.146896228e-09     7.577339281e-09
22    -3.305642319e-10     4.683644728e-09     4.353080496e-09
23    -1.926246063e-10     2.702193894e-09     2.509569288e-09
24    -1.126485345e-10     1.564048791e-09     1.451400256e-09
25    -6.609113086e-11     9.079539921e-10     8.418628613e-10
26    -3.888942269e-11     5.285070581e-10     4.896176354e-10
27    -2.294429007e-11      3.08402224e-10      2.85457934e-10
28    -1.356972999e-11     1.803769733e-10     1.668072433e-10
29    -8.043259907e-12       1.0572261e-10     9.767935013e-11
30    -4.777256371e-12     6.208862204e-11     5.731136567e-11
31    -2.842762869e-12     3.653040607e-11      3.36876432e-11
32    -1.694556504e-12     2.152990782e-11     1.983535131e-11
33                   0                   0                   0
34                   0                   0                   0
35                   0                   0                   0
36                   0                   0                   0
37                   0                   0                   0
38                   0                   0                   0
39                   0                   0                   0
40                   0                   0                   0
41                   0                   0                   0
42                   0                   0                   0
43                   0                   0                   0
44                   0                   0                   0
45                   0                   0                   0
46                   0                   0                   0
47                   0                   0                   0
48                   0                   0                   0
49                   0                   0                   0
50                   0                   0                   0
51                   0                   0                   0
52                   0                   0                   0
53                   0                   0                   0
54                   0                   0                   0
55                   0                   0                   0
56                   0                   0                   0
57                   0                   0                   0
58                   0                   0                   0
59                   0                   0                   0
60                   0                   0                   0
61                   0                   0                   0
62                   0                   0                   0
63                   0                   0                   0
