0                   0                   0                   0
1      0.002839090381       0.04178400704       0.04462309742
2     -0.001627986585      0.005383266835      0.003755280251
3    -0.0002991472249     0.0009363962557     0.0006372490308
4    -6.170333304e-05     0.0002014943395     0.0001397910065
5    -1.477529014e-05     4.972166123e-05      3.49463711e-05
6    -3.937462855e-06     1.338737785e-05     9.449914999e-06
7    -1.126180596e-06     3.818494627e-06     2.692314031e-06
8    -3.378019532e-07     1.133881966e-06      7.96080013e-07
9    -1.047799525e-07      3.46794981e-07     2.420150285e-07
10    -3.331605532e-08     1.084907748e-07     7.517471948e-08
11    -1.079684644e-08     3.455178554e-08      2.37549391e-08
12    -3.552152868e-09     1.116448343e-08      7.61233056e-09
13    -1.183050165e-09     3.651008388e-09     2.467958223e-09
14     -3.98026894e-10     1.206057843e-09     8.080309492e-10
15    -1.350567122e-10     4.018481263e-10     2.667914142e-10
16    -4.615982604e-11     1.348912351e-10     8.873140907e-11
17    -1.587514828e-11     4.557440979e-11     2.969926151e-11
18    -5.489362977e-12     1.548588046e-11     9.996517484e-12
19    -1.907151696e-12     5.288685899e-12     3.381534203e-12
20    -6.653738268e-13     1.814351001e-12     1.148977174e-12
21     -2.33002404e-13     6.249669992e-13     3.919645951e-13
22    -8.186484718e-14     2.160651162e-13      1.34200269e-13
23    -2.884896081e-14     7.494750569e-14     4.609854489e-14
24    -1.019371274e-14     2.607637849e-14     1.588266575e-14
25    -3.610728798e-15     9.097953022e-15     5.487224224e-15
26    -1.281806435e-15      3.18235565e-15     1.900549214e-15
27    -4.559652622e-16      1.11577353e-15     6.598082674e-16
28    -1.624985114e-16     3.920569221e-16     2.295584108e-16
29    -5.801100429e-17     1.380383139e-16     8.002730957e-17
30    -2.074230553e-17     4.869299326e-17     2.795068773e-17
31    -7.427417047e-18     1.720658346e-17     9.779166416e-18
32    -2.663217275e-18     6.090242396e-18     3.427025122e-18
33    -9.561409636e-19     2.158944007e-18     1.202803044e-18
34      -3.4367377e-19     7.664331416e-19     4.227593717e-19
35    -1.236648143e-19     2.724558442e-19     1.487910299e-19
36    -4.454413323e-20     9.697795145e-20     5.243381822e-20
37    -1.606022196e-20      3.45600078e-20     1.849978584e-20
38    -5.795671497e-21     1.233019852e-20     6.534527018e-21
39    -2.093263334e-21     4.403879737e-21     2.310616403e-21
40    -7.566420993e-22     1.574511175e-21     8.178690754e-22
41    -2.737058303e-22     5.634800696e-22     2.897742394e-22
42    -9.908010261e-23     2.018427429e-22     1.027626403e-22
43     -3.58906267e-23     7.236527727e-23     3.647465057e-23
44    -1.300925533e-23     2.596641118e-23     1.295715585e-23
45    -4.718309055e-24     9.324843743e-24     4.606534687e-24
46     -1.71225982e-24       3.3512249e-24      1.63896508e-24
47    -6.217130808e-25     1.205267452e-24     5.835543709e-25
48    -2.258582612e-25     4.337780027e-25     2.079197415e-25
49                   0                   0                   0
50                   0                   0                   0
51                   0                   0                   0
52                   0                   0                   0
53                   0                   0                   0
54                   0                   0                   0
55                   0                   0                   0
56                   0                   0                   0
57                   0                   0                   0
58                   0                   0                   0
59                   0                   0                   0
60                   0                   0                   0
61                   0                   0                   0
62                   0                   0                   0
63                   0                   0                   0
64                   0                   0                   0
65                   0                   0                   0
66                   0                   0                   0
67                   0                   0                   0
68                   0                   0                   0
69                   0                   0                   0
70                   0                   0                   0
71                   0                   0                   0
72                   0                   0                   0
73                   0                   0                   0
74                   0                   0                   0
75                   0                   0                   0
76                   0                   0                   0
77                   0                   0                   0
78                   0                   0                   0
79                   0                   0                   0
80                   0                   0                   0
81                   0                   0                   0
82                   0                   0                   0
83                   0                   0                   0
84                   0                   0                   0
85                   0                   0                   0
86                   0                   0                   0
87                   0                   0                   0
88                   0                   0                   0
89                   0                   0                   0
90                   0                   0                   0
91                   0                   0                   0
92                   0                   0                   0
93                   0                   0                   0
94                   0                   0                   0
95                   0                   0                   0
