
0                             0                             0                             0
1           0.01985637550285313           0.03080336296135903           0.05065973846421216
2        -0.0001522332168465467          0.006484006582343751          0.006331773365497204
3        -0.0001399302834182593          0.002015492330340045          0.001875562046921786
4        -4.538451735504019e-05          0.000836239180163651         0.0007908546628086109
5        -1.610996060169421e-05         0.0004207127388685555         0.0004046027782668613
6        -6.608657252627311e-06         0.0002404984797764909         0.0002338898225238636
7        -3.073825720612276e-06         0.0001501518162725291         0.0001470779905519169
8        -1.579355793552097e-06         9.993254085046666e-05         9.835318505691456e-05
9        -8.775261811417608e-07         6.980286798273489e-05         6.892534180159313e-05
10        -5.189541356074274e-07         5.063532203618611e-05         5.011636790057869e-05
11        -3.228537192556229e-07          3.78629120838247e-05         3.754005836456907e-05
12        -2.094536987310003e-07          2.90258413738928e-05          2.88163876751618e-05
13        -1.407572692403722e-07          2.27183747065684e-05         2.257761743732803e-05
14        -9.747417946275353e-08          1.80970504992082e-05         1.799957631974545e-05
15        -6.927013923118717e-08         1.463471334078516e-05         1.456544320155398e-05
16        -5.034877239165328e-08         1.199027694880601e-05         1.193992817641435e-05
17        -3.732757094104122e-08         9.936364898079927e-06         9.899037327138885e-06
18        -2.816327828185782e-08          8.31741686408473e-06         8.289253585802872e-06
19        -2.158355527249949e-08         7.024551971423876e-06         7.002968416151376e-06
20        -1.677448239002221e-08         5.980007969087455e-06         5.963233486697433e-06
21        -1.320272032884853e-08         5.127238952582456e-06         5.114036232253607e-06
22        -1.051115507760184e-08         4.424457444920139e-06         4.413946289842538e-06
23        -8.455958342306038e-09         3.840329202215967e-06         3.831873243873661e-06
24        -6.867675190096261e-09         3.351045755690208e-06         3.344178080500112e-06
25        -5.626620536652546e-09         2.938297772530981e-06         2.932671151994329e-06
26        -4.647001656766959e-09          2.58784895450028e-06         2.583201952843513e-06
27        -3.866478589710932e-09         2.288517437298501e-06          2.28465095870879e-06
28         -3.23918120859326e-09         2.031438219144866e-06         2.028199037936273e-06
29        -2.730963966795754e-09         1.809522305058506e-06          1.80679134109171e-06
30         -2.31613377424035e-09         1.617055451960279e-06         1.614739318186039e-06
31        -1.975162886043733e-09         1.449397248701926e-06         1.447422085815883e-06
32        -1.693070004208883e-09         1.302753164359945e-06         1.301060094355736e-06
33        -1.458260816729605e-09           1.1740002475319e-06         1.172541986715171e-06
34        -1.261688415586374e-09         1.060552678897999e-06         1.059290990482413e-06
35        -1.096239055805593e-09         9.602572122635096e-07          9.59160973207704e-07
36        -9.562784133702644e-10         8.713112326835693e-07          8.70354954270199e-07
37        -8.373133453871009e-10         7.921980739614522e-07         7.913607606160651e-07
38        -7.357375831832294e-10         7.216356117168157e-07         7.208998741336325e-07
39        -6.486389793971764e-10         6.585351442814474e-07         6.578865053020502e-07
40        -5.736522896627924e-10         6.019683024887892e-07         6.013946501991264e-07
41        -5.088459156270931e-10         5.511402673405203e-07         5.506314214248932e-07
42        -4.526341749668909e-10         5.053679748330966e-07         5.049153406581298e-07
43        -4.037089006463553e-10         4.640622874431388e-07         4.636585785424924e-07
44        -3.609857789827546e-10         4.267133385929549e-07         4.263523528139722e-07
45        -3.235619961788188e-10         3.928784289889755e-07         3.925548669927967e-07
46        -2.906826581977483e-10         3.621719859513352e-07         3.618813032931375e-07
47        -2.617139207038468e-10         3.342571985839571e-07         3.339954846632533e-07
48        -2.361215379953241e-10         3.088390209523189e-07         3.086028994143236e-07
49        -2.134535041718563e-10         2.856582966787386e-07         2.854448431745667e-07
50        -1.933260245538425e-10         2.644868070002753e-07         2.642934809757214e-07
51        -1.754121008757202e-10         2.451230822880141e-07         2.449476701871384e-07
52        -1.594322066783688e-10         2.273888472643999e-07         2.272294150577215e-07
53        -1.451466385560954e-10         2.111259941924841e-07         2.109808475539281e-07
54        -1.323492170657845e-10          1.96193997543762e-07         1.960616483266962e-07
55        -1.208620792674415e-10         1.824676991051554e-07         1.823468370258879e-07
56        -1.105313578534865e-10         1.698354049563542e-07         1.697248735985007e-07
57        -1.012235831995189e-10          1.58197245853463e-07         1.580960222702635e-07
58        -9.282267714480873e-11         1.474637607750403e-07         1.473709380978955e-07
59         -8.52274329083948e-11         1.375546700991397e-07         1.374694426662313e-07
60        -7.834939581103626e-11          1.28397810381523e-07          1.28319460985712e-07
61        -7.211107559041919e-11         1.199282072302553e-07         1.198560961546648e-07
62        -6.644443395610638e-11         1.120872665064526e-07         1.120208220724965e-07
63        -6.128960134409837e-11         1.048220671733055e-07         1.047607775719614e-07
64        -5.659378512167239e-11         9.808474168423077e-08          9.80281478991091e-08
65                             0                             0                             0
66                             0                             0                             0
67                             0                             0                             0
68                             0                             0                             0
69                             0                             0                             0
70                             0                             0                             0
71                             0                             0                             0
72                             0                             0                             0
73                             0                             0                             0
74                             0                             0                             0
75                             0                             0                             0
76                             0                             0                             0
77                             0                             0                             0
78                             0                             0                             0
79                             0                             0                             0
80                             0                             0                             0
81                             0                             0                             0
82                             0                             0                             0
83                             0                             0                             0
84                             0                             0                             0
85                             0                             0                             0
86                             0                             0                             0
87                             0                             0                             0
88                             0                             0                             0
89                             0                             0                             0
90                             0                             0                             0
91                             0                             0                             0
92                             0                             0                             0
93                             0                             0                             0
94                             0                             0                             0
95                             0                             0                             0
96                             0                             0                             0
97                             0                             0                             0
98                             0                             0                             0
99                             0                             0                             0
100                             0                             0                             0
101                             0                             0                             0
102                             0                             0                             0
103                             0                             0                             0
104                             0                             0                             0
105                             0                             0                             0
106                             0                             0                             0
107                             0                             0                             0
108                             0                             0                             0
109                             0                             0                             0
110                             0                             0                             0
111                             0                             0                             0
112                             0                             0                             0
113                             0                             0                             0
114                             0                             0                             0
115                             0                             0                             0
116                             0                             0                             0
117                             0                             0                             0
118                             0                             0                             0
119                             0                             0                             0
120                             0                             0                             0
121                             0                             0                             0
122                             0                             0                             0
123                             0                             0                             0
124                             0                             0                             0
125                             0                             0                             0
126                             0                             0                             0
127                             0                             0                             0
