
0                             0                             0                             0
1          0.006013358060712029           0.04464638040350014           0.05065973846421216
2         -0.001209786198805613          0.007541559564302817          0.006331773365497204
3        -0.0002365378749269306          0.002112099921848716          0.001875562046921786
4        -5.584145958980279e-05         0.0008466961223984136         0.0007908546628086109
5        -1.746557847313667e-05         0.0004220683567399979         0.0004046027782668613
6        -6.825106448560893e-06         0.0002407149289724245         0.0002338898225238636
7        -3.117464835685504e-06         0.0001501954553876024         0.0001470779905519169
8        -1.590466519539244e-06          9.99436515764538e-05         9.835318505691456e-05
9        -8.810252935918269e-07         6.980636709518495e-05         6.892534180159313e-05
10        -5.202926183917248e-07         5.063666051897041e-05         5.011636790057869e-05
11        -3.234727413133773e-07         3.786353110588245e-05         3.754005836456907e-05
12        -2.097986094288829e-07         2.902618628459068e-05          2.88163876751618e-05
13        -1.409839107627721e-07          2.27186013480908e-05         2.257761743732803e-05
14        -9.764295516253609e-08         1.809721927490799e-05         1.799957631974545e-05
15        -6.940667525813953e-08         1.463484987681212e-05         1.456544320155398e-05
16        -5.046493146064165e-08           1.1990393107875e-05         1.193992817641435e-05
17        -3.742936360589596e-08         9.936466690744781e-06         9.899037327138885e-06
18        -2.825405588573991e-08         8.317507641688612e-06         8.289253585802872e-06
19        -2.166537869510459e-08         7.024633794846481e-06         7.002968416151376e-06
20        -1.684874151500882e-08         5.980082228212442e-06         5.963233486697433e-06
21        -1.327043027403298e-08          5.12730666252764e-06         5.114036232253607e-06
22        -1.057310347145505e-08         4.424519393313993e-06         4.413946289842538e-06
23        -8.512784809142413e-09         3.840386028682804e-06         3.831873243873661e-06
24        -6.919915442203947e-09         3.351097995942316e-06         3.344178080500112e-06
25        -5.674732889394372e-09         2.938345884883723e-06         2.932671151994329e-06
26        -4.691383961363243e-09         2.587893336804876e-06         2.583201952843513e-06
27        -3.907479743841253e-09         2.288558438452631e-06          2.28465095870879e-06
28        -3.277109436424735e-09         2.031476147372698e-06         2.028199037936273e-06
29        -2.766093067057196e-09         1.809557434158768e-06          1.80679134109171e-06
30        -2.348708018732388e-09         1.617088026204771e-06         1.614739318186039e-06
31        -2.005400974308375e-09         1.449427486790191e-06         1.447422085815883e-06
32        -1.721168326935494e-09         1.302781262682672e-06         1.301060094355736e-06
33        -1.484396192777548e-09         1.174026382907948e-06         1.172541986715171e-06
34        -1.286020415380506e-09         1.060577010897793e-06         1.059290990482413e-06
35        -1.118911991651719e-09         9.602798851993557e-07          9.59160973207704e-07
36        -9.774230564430151e-10          8.71332377326642e-07          8.70354954270199e-07
37        -8.570484152225465e-10         7.922178090312876e-07         7.913607606160651e-07
38        -7.541710457186492e-10         7.216540451793511e-07         7.208998741336325e-07
39        -6.658691825449328e-10         6.585523744845951e-07         6.578865053020502e-07
40        -5.897689600728685e-10         6.019844191591992e-07         6.013946501991264e-07
41         -5.23931036220955e-10         5.511553524611142e-07         5.506314214248932e-07
42        -4.667627595922112e-10          5.05382103417722e-07         5.049153406581298e-07
43        -4.169496796205347e-10         4.640755282221129e-07         4.636585785424924e-07
44        -3.734018071900509e-10         4.267257546211622e-07         4.263523528139722e-07
45        -3.352111990269681e-10         3.928900781918236e-07         3.925548669927967e-07
46        -3.016182917082629e-10         3.621829215848457e-07         3.618813032931375e-07
47        -2.719850335895573e-10         3.342674696968429e-07         3.339954846632533e-07
48        -2.457733346019277e-10         3.088486727489255e-07         3.086028994143236e-07
49        -2.225276942707599e-10         2.856673708688375e-07         2.854448431745667e-07
50        -2.018611324709132e-10         2.644953421081923e-07         2.642934809757214e-07
51        -1.834437434125362e-10          2.45131113930551e-07         2.449476701871384e-07
52        -1.669933433871884e-10         2.273964084011087e-07         2.272294150577215e-07
53        -1.522677974742698e-10         2.111331153514023e-07         2.109808475539281e-07
54        -1.390586986272137e-10         1.962007070253234e-07         1.960616483266962e-07
55        -1.271861407728506e-10         1.824740231666608e-07         1.823468370258879e-07
56         -1.16494380591138e-10         1.698413679790919e-07         1.697248735985007e-07
57        -1.068482240570693e-10         1.582028704943205e-07         1.580960222702635e-07
58          -9.8130006335198e-11         1.474690681042307e-07         1.473709380978955e-07
59        -9.023705924329313e-11         1.375596797254746e-07         1.374694426662313e-07
60         -8.30795807903056e-11         1.284025405665023e-07          1.28319460985712e-07
61        -7.657883743131175e-11         1.199326749920962e-07         1.198560961546648e-07
62        -7.066564256107664e-11         1.120914877150576e-07         1.120208220724965e-07
63         -6.52790650943634e-11         1.048260566370558e-07         1.047607775719614e-07
64        -6.036533028746382e-11         9.808851322939657e-08          9.80281478991091e-08
65                             0                             0                             0
66                             0                             0                             0
67                             0                             0                             0
68                             0                             0                             0
69                             0                             0                             0
70                             0                             0                             0
71                             0                             0                             0
72                             0                             0                             0
73                             0                             0                             0
74                             0                             0                             0
75                             0                             0                             0
76                             0                             0                             0
77                             0                             0                             0
78                             0                             0                             0
79                             0                             0                             0
80                             0                             0                             0
81                             0                             0                             0
82                             0                             0                             0
83                             0                             0                             0
84                             0                             0                             0
85                             0                             0                             0
86                             0                             0                             0
87                             0                             0                             0
88                             0                             0                             0
89                             0                             0                             0
90                             0                             0                             0
91                             0                             0                             0
92                             0                             0                             0
93                             0                             0                             0
94                             0                             0                             0
95                             0                             0                             0
96                             0                             0                             0
97                             0                             0                             0
98                             0                             0                             0
99                             0                             0                             0
100                             0                             0                             0
101                             0                             0                             0
102                             0                             0                             0
103                             0                             0                             0
104                             0                             0                             0
105                             0                             0                             0
106                             0                             0                             0
107                             0                             0                             0
108                             0                             0                             0
109                             0                             0                             0
110                             0                             0                             0
111                             0                             0                             0
112                             0                             0                             0
113                             0                             0                             0
114                             0                             0                             0
115                             0                             0                             0
116                             0                             0                             0
117                             0                             0                             0
118                             0                             0                             0
119                             0                             0                             0
120                             0                             0                             0
121                             0                             0                             0
122                             0                             0                             0
123                             0                             0                             0
124                             0                             0                             0
125                             0                             0                             0
126                             0                             0                             0
127                             0                             0                             0
