
0                             0                             0                             0
1           0.01937413342149045           0.03100454654235942           0.05037867996384987
2         -0.000233189260051476          0.006360761065449058          0.006127571805397582
3        -0.0001600550035253626          0.001882026294327585          0.001721971290802222
4          -5.2203943140028e-05         0.0007251176911032145         0.0006729137479631865
5        -1.892600041782588e-05         0.0003316019028026919          0.000312675902384866
6        -7.912914898522367e-06         0.0001692969916610936         0.0001613840767625712
7        -3.717468141057486e-06           9.3031284246939e-05         8.931381610588151e-05
8        -1.906407545452679e-06         5.383139718183569e-05         5.192498963638301e-05
9        -1.043689860393511e-06         3.235227743479735e-05         3.130858757440384e-05
10        -6.003680330256022e-07         2.001289341711873e-05         1.941252538409312e-05
11        -3.588099916979299e-07         1.266331946754592e-05         1.230450947584799e-05
12        -2.210009514352028e-07         8.159921177687682e-06         7.938920226252479e-06
13        -1.394516439473616e-07          5.33704185245784e-06         5.197590208510478e-06
14        -8.974667008443718e-08         3.534381402519677e-06          3.44463473243524e-06
15        -5.870857562306541e-08         2.365321699241303e-06         2.306613123618238e-06
16        -3.893378330291402e-08         1.597251293421541e-06         1.558317510118627e-06
17         -2.61209709272657e-08         1.087014306288469e-06         1.060893335361204e-06
18        -1.769972730257014e-08         7.448134590377229e-07         7.271137317351527e-07
19        -1.209686349563986e-08         5.134012919256316e-07         5.013044284299918e-07
20        -8.329677873698195e-09         3.557701947532611e-07         3.474405168795629e-07
21        -5.773454658150914e-09         2.477068426290554e-07         2.419333879709045e-07
22        -4.024978895263702e-09         1.732017816062911e-07         1.691768027110274e-07
23        -2.820538597255254e-09         1.215718348799901e-07         1.187512962827348e-07
24         -1.98565336503953e-09          8.56298107111886e-08         8.364415734614907e-08
25        -1.403700301178288e-09         6.050537790016884e-08         5.910167759899055e-08
26        -9.960237350077993e-10         4.287682011717275e-08         4.188079638216495e-08
27        -7.091488567740221e-10         3.046545473295356e-08         2.975630587617954e-08
28        -5.064599382634072e-10         2.169992573653244e-08         2.119346579826903e-08
29        -3.627243057805543e-10          1.54915036150448e-08         1.512877930926424e-08
30         -2.60453272079014e-10         1.108260073158181e-08         1.082214745950279e-08
31        -1.874623577159387e-10            7.943981163162e-09         7.756518805446061e-09
32        -1.352225115970596e-10         5.704601202557006e-09         5.569378690959947e-09
33         -9.77378587986129e-11         4.103465554871325e-09         4.005727696072712e-09
34        -7.077685558930848e-11           2.9564296046367e-09         2.885652749047392e-09
35        -5.134244634095075e-11         2.133205674704277e-09         2.081863228363326e-09
36        -3.730496224745989e-11         1.541371729208747e-09         1.504066766961288e-09
37        -2.714652726894358e-11          1.11520819175338e-09         1.088061664484437e-09
38        -1.978230215670586e-11          8.07878150906116e-10         7.880958487494102e-10
39        -1.443495264272899e-11          5.85932054598341e-10          5.71497101955612e-10
40        -1.054616110178181e-11         4.254344621746861e-10         4.148883010729043e-10
41        -7.714033239770773e-12         3.092265473719685e-10         3.015125141321977e-10
42        -5.648679658482162e-12         2.249863569772901e-10          2.19337677318808e-10
43        -4.140601278673377e-12         1.638510603124994e-10          1.59710459033826e-10
44        -3.038125872957337e-12         1.194361826190562e-10         1.163980567460989e-10
45        -2.231263246205864e-12         8.713597735242284e-11         8.490471410621698e-11
46        -1.640125677273392e-12         6.362337099838211e-11         6.198324532110872e-11
47         -1.20660430679659e-12         4.649189406815493e-11         4.528528976135834e-11
48        -8.883735924599008e-13         3.399883912737812e-11         3.311046553491822e-11
49        -6.545643382819774e-13         2.488072856411918e-11         2.422616422583721e-11
50        -4.826352798999317e-13         1.822053067743848e-11         1.773789539753854e-11
51        -3.561073929605374e-13         1.335197358554819e-11         1.299586619258765e-11
52        -2.629203977666108e-13         9.790497670791646e-12         9.527577273025035e-12
53        -1.942388093835343e-13         7.183365697488652e-12         6.989126888105118e-12
54        -1.435833459671831e-13         5.273570706690476e-12         5.129987360723293e-12
55        -1.061981933819552e-13         3.873695118297898e-12         3.767496924915943e-12
56        -7.858950370286764e-14         2.846956235375137e-12         2.768366731672269e-12
57        -5.818838838376378e-14         2.093447966863677e-12         2.035259578479913e-12
58        -4.310454636836761e-14         1.540144184024258e-12         1.497039637655891e-12
59        -3.194596035442937e-14         1.133628252408243e-12         1.101682292053814e-12
60        -2.368681118208586e-14         8.348004258821724e-13         8.111136147000865e-13
61        -1.757062300720776e-14         6.150216601429186e-13         5.974510371357109e-13
62        -1.303917776039424e-14         4.533016398493212e-13          4.40262462088927e-13
63        -9.680297632186547e-15         3.342466090288023e-13         3.245663113966157e-13
64        -7.189455967502151e-15         2.465605501867603e-13         2.393710942192581e-13
65        -5.341532382544106e-15         1.819496983555299e-13         1.766081659729858e-13
66        -3.970016000807823e-15         1.343212847136923e-13         1.303512687128845e-13
67        -2.951681841530936e-15         9.919708578871487e-14         9.624540394718393e-14
68        -2.195292288116421e-15         7.328391123714437e-14         7.108861894902795e-14
69        -1.633260941832636e-15         5.415883448869787e-14         5.252557354686523e-14
70        -1.215498319254731e-15         4.003837347931545e-14         3.882287516006072e-14
71        -9.048656263845472e-16         2.960913307525512e-14         2.870426744887057e-14
72        -6.738145135423181e-16         2.190347363836683e-14         2.122965912482451e-14
73        -5.019020636681048e-16         1.620818548069221e-14         1.570628341702411e-14
74        -3.739520800344236e-16         1.199737220476716e-14         1.162342012473274e-14
75         -2.78693899082725e-16         8.883100691745484e-15         8.604406792662758e-15
76         -2.07754224528491e-16         6.579097008758381e-15          6.37134278422989e-15
77        -1.549100800994367e-16         4.874026916270239e-15         4.719116836170803e-15
78        -1.155350026663684e-16         3.611821609949399e-15          3.49628660728303e-15
79        -8.618831316528253e-17         2.677184676214609e-15         2.590996363049327e-15
80        -6.431037449366133e-17         1.984911241341871e-15          1.92060086684821e-15
81        -4.799639662930192e-17         1.472013322538129e-15         1.424016925908827e-15
82        -3.582847885391557e-17         1.091911781380288e-15         1.056083302526372e-15
83        -2.675084884232684e-17         8.101508663529357e-16         7.834000175106089e-16
84        -1.997715569690793e-17         6.012350073499998e-16         5.812578516530918e-16
85         -1.49215577318134e-17         4.462931220489731e-16         4.313715643171597e-16
86         -1.11474806060631e-17         3.313533424698665e-16         3.202058618638034e-16
87        -8.329502522043259e-18         2.460681942012704e-16         2.377386916792271e-16
88        -6.224994782189064e-18         1.827723050815163e-16         1.765473102993272e-16
89        -4.653014492582046e-18         1.357856791979118e-16         1.311326647053297e-16
90        -3.478590295784633e-18         1.008983784378061e-16         9.741978814202149e-17
91        -2.601019882658157e-18         7.498926143569082e-17         7.238824155303266e-17
92        -1.945152713027078e-18         5.574382148617081e-17         5.379866877314374e-17
93        -1.454894723761659e-18         4.144530461610518e-17         3.999040989234352e-17
94        -1.088367410029385e-18         3.082003258788168e-17          2.97316651778523e-17
95        -8.142990078081261e-19         2.292283312892106e-17         2.210853412111293e-17
96        -6.093335366767105e-19         1.705215497758379e-17         1.644282144090708e-17
97        -4.560237863291001e-19         1.268716004121627e-17         1.223113625488717e-17
98        -3.413340731263461e-19         9.441090821795514e-18         9.099756748669168e-18
99        -2.555230416800478e-19          7.02669385636108e-18         6.771170814681032e-18
100         -1.91309866169717e-19         5.230576099312594e-18         5.039266233142877e-18
101        -1.432518318980184e-19         3.894181906063027e-18         3.750930074165009e-18
102         -1.07279615126697e-19         2.899678075586543e-18         2.792398460459846e-18
103        -8.035023795056297e-20         2.159478284582288e-18         2.079128046631725e-18
104        -6.018785134402323e-20         1.608466826347098e-18         1.548278975003075e-18
105        -4.509008332679225e-20          1.19822486854585e-18         1.153134785219058e-18
106         -3.37833423350123e-20         8.927426483437572e-19         8.589593060087449e-19
107        -2.531468087215989e-20         6.652345296439034e-19         6.399198487717435e-19
108        -1.897096794922156e-20         4.957727824046723e-19         4.768018144554507e-19
109        -1.421846365253941e-20          3.69529278818107e-19         3.553108151655676e-19
110         -1.06576386760815e-20         2.754686732832062e-19         2.648110346071247e-19
111        -7.989387251176342e-21         2.053769556148991e-19         1.973875683637227e-19
112        -5.989756435523873e-21         1.531391772196233e-19         1.471494207840995e-19
113                             0                             0                             0
114                             0                             0                             0
115                             0                             0                             0
116                             0                             0                             0
117                             0                             0                             0
118                             0                             0                             0
119                             0                             0                             0
120                             0                             0                             0
121                             0                             0                             0
122                             0                             0                             0
123                             0                             0                             0
124                             0                             0                             0
125                             0                             0                             0
126                             0                             0                             0
127                             0                             0                             0
128                             0                             0                             0
129                             0                             0                             0
130                             0                             0                             0
131                             0                             0                             0
132                             0                             0                             0
133                             0                             0                             0
134                             0                             0                             0
135                             0                             0                             0
136                             0                             0                             0
137                             0                             0                             0
138                             0                             0                             0
139                             0                             0                             0
140                             0                             0                             0
141                             0                             0                             0
142                             0                             0                             0
143                             0                             0                             0
144                             0                             0                             0
145                             0                             0                             0
146                             0                             0                             0
147                             0                             0                             0
148                             0                             0                             0
149                             0                             0                             0
150                             0                             0                             0
151                             0                             0                             0
152                             0                             0                             0
153                             0                             0                             0
154                             0                             0                             0
155                             0                             0                             0
156                             0                             0                             0
157                             0                             0                             0
158                             0                             0                             0
159                             0                             0                             0
160                             0                             0                             0
161                             0                             0                             0
162                             0                             0                             0
163                             0                             0                             0
164                             0                             0                             0
165                             0                             0                             0
166                             0                             0                             0
167                             0                             0                             0
168                             0                             0                             0
169                             0                             0                             0
170                             0                             0                             0
171                             0                             0                             0
172                             0                             0                             0
173                             0                             0                             0
174                             0                             0                             0
175                             0                             0                             0
176                             0                             0                             0
177                             0                             0                             0
178                             0                             0                             0
179                             0                             0                             0
180                             0                             0                             0
181                             0                             0                             0
182                             0                             0                             0
183                             0                             0                             0
184                             0                             0                             0
185                             0                             0                             0
186                             0                             0                             0
187                             0                             0                             0
188                             0                             0                             0
189                             0                             0                             0
190                             0                             0                             0
191                             0                             0                             0
192                             0                             0                             0
193                             0                             0                             0
194                             0                             0                             0
195                             0                             0                             0
196                             0                             0                             0
197                             0                             0                             0
198                             0                             0                             0
199                             0                             0                             0
200                             0                             0                             0
201                             0                             0                             0
202                             0                             0                             0
203                             0                             0                             0
204                             0                             0                             0
205                             0                             0                             0
206                             0                             0                             0
207                             0                             0                             0
208                             0                             0                             0
209                             0                             0                             0
210                             0                             0                             0
211                             0                             0                             0
212                             0                             0                             0
213                             0                             0                             0
214                             0                             0                             0
215                             0                             0                             0
216                             0                             0                             0
217                             0                             0                             0
218                             0                             0                             0
219                             0                             0                             0
220                             0                             0                             0
221                             0                             0                             0
222                             0                             0                             0
223                             0                             0                             0
