
0                             0                             0                             0
1          0.005759758967761555           0.04461892099608832           0.05037867996384987
2         -0.001261176775297333          0.007388748580694915          0.006127571805397582
3        -0.0002527279179037449          0.001974699208705967          0.001721971290802222
4        -6.234529441328715e-05         0.0007352590423764737         0.0006729137479631865
5        -2.045948014367191e-05          0.000333135382528538          0.000312675902384866
6        -8.322681281197532e-06         0.0001697067580437687         0.0001613840767625712
7        -3.906282728200958e-06         9.322009883408247e-05         8.931381610588151e-05
8        -2.018471520548768e-06         5.394346115693178e-05         5.192498963638301e-05
9        -1.115954085789274e-06         3.242454166019311e-05         3.130858757440384e-05
10         -6.48358722448052e-07         2.006088410654118e-05         1.941252538409312e-05
11        -3.911341506941206e-07         1.269564362654211e-05         1.230450947584799e-05
12        -2.429734387898367e-07         8.181893665042316e-06         7.938920226252479e-06
13        -1.544944104811882e-07         5.352084618991666e-06         5.197590208510478e-06
14        -1.001075312892834e-07         3.544742263724523e-06          3.44463473243524e-06
15        -6.588260479087347e-08         2.372495728409111e-06         2.306613123618238e-06
16        -4.392473033405819e-08         1.602242240452686e-06         1.558317510118627e-06
17        -2.960797103321228e-08         1.090501306394416e-06         1.060893335361204e-06
18          -2.0145390731044e-08         7.472591224661967e-07         7.271137317351527e-07
19        -1.381820360892134e-08         5.151226320389131e-07         5.013044284299918e-07
20        -9.545108596312801e-09         3.569856254758757e-07         3.474405168795629e-07
21        -6.634193046763065e-09         2.485675810176675e-07         2.419333879709045e-07
22        -4.636183806852581e-09           1.7381298651788e-07         1.691768027110274e-07
23        -3.255635409783223e-09          1.22006931692518e-07         1.187512962827348e-07
24        -2.296099996235946e-09         8.594025734238502e-08         8.364415734614907e-08
25        -1.625681981296151e-09          6.07273595802867e-08         5.910167759899055e-08
26         -1.15506544935801e-09         4.303586183152296e-08         4.188079638216495e-08
27        -8.233077634075636e-10         3.057961363958711e-08         2.975630587617954e-08
28        -5.885442567190994e-10         2.178201005498813e-08         2.119346579826903e-08
29        -4.218415323117323e-10         1.555062084157598e-08         1.512877930926424e-08
30        -3.030942930203126e-10         1.112524175252311e-08         1.082214745950279e-08
31        -2.182630842769991e-10          7.97478188972306e-09         7.756518805446061e-09
32        -1.575005911214165e-10         5.726879282081363e-09         5.569378690959947e-09
33        -1.138719548834758e-10         4.119599650956188e-09         4.005727696072712e-09
34        -8.247537919328177e-11         2.968128128240674e-09         2.885652749047392e-09
35         -5.98344248317448e-11         2.141697653195071e-09         2.081863228363326e-09
36        -4.347591497220181e-11         1.547542681933489e-09         1.504066766961288e-09
37        -3.163539833455878e-11         1.119697062818996e-09         1.088061664484437e-09
38        -2.305074943078266e-11         8.111465981801928e-10         7.880958487494102e-10
39        -1.681696907713268e-11         5.883140710327447e-10          5.71497101955612e-10
40        -1.228367338323193e-11         4.271719744561362e-10         4.148883010729043e-10
41        -8.982482624586479e-12         3.104949967567842e-10         3.015125141321977e-10
42        -6.575432678384228e-12         2.259131099971922e-10          2.19337677318808e-10
43        -4.818219486787521e-12         1.645286785206136e-10          1.59710459033826e-10
44        -3.533943431159759e-12         1.199320001772586e-10         1.163980567460989e-10
45        -2.594308717646939e-12         8.749902282386391e-11         8.490471410621698e-11
46         -1.90613066880706e-12         6.388937598991578e-11         6.198324532110872e-11
47        -1.401632015878011e-12         4.668692177723635e-11         4.528528976135834e-11
48         -1.03145047448572e-12         3.414191600940394e-11         3.311046553491822e-11
49        -7.595907994614849e-13         2.498575502529869e-11         2.422616422583721e-11
50         -5.59774318902219e-13         1.829766971644076e-11         1.773789539753854e-11
51        -4.127948028209374e-13         1.340866099540859e-11         1.299586619258765e-11
52        -3.046003384959383e-13         9.832177611520973e-12         9.527577273025035e-12
53         -2.24899881323664e-13         7.214026769428782e-12         6.989126888105118e-12
54        -1.661495992896431e-13         5.296136960012936e-12         5.129987360723293e-12
55         -1.22814557667502e-13         3.890311482583445e-12         3.767496924915943e-12
56         -9.08303063432011e-14         2.859197038015471e-12         2.768366731672269e-12
57        -6.720979832160486e-14         2.102469376801518e-12         2.035259578479913e-12
58        -4.975610147618958e-14          1.54679573913208e-12         1.497039637655891e-12
59        -3.685221584787646e-14          1.13853450790169e-12         1.101682292053814e-12
60        -2.730715277852914e-14         8.384207674786156e-13         8.111136147000865e-13
61        -2.024311166499894e-14         6.176941488007098e-13         5.974510371357109e-13
62        -1.501270846610188e-14         4.552751705550289e-13          4.40262462088927e-13
63        -1.113820056690131e-14          3.35704511963517e-13         3.245663113966157e-13
64        -8.266826949028878e-15          2.47637921168287e-13         2.393710942192581e-13
65        -6.137965533967899e-15         1.827461315069537e-13         1.766081659729858e-13
66        -4.558963291034844e-15         1.349102320039194e-13         1.303512687128845e-13
67        -3.387336549368388e-15         9.963274049655232e-14         9.624540394718393e-14
68        -2.517653886414573e-15         7.360627283544253e-14         7.108861894902795e-14
69        -1.871863603232274e-15         5.439743715009751e-14         5.252557354686523e-14
70        -1.392156888760702e-15         4.021503204882142e-14         3.882287516006072e-14
71        -1.035698860505934e-15         2.973996630937651e-14         2.870426744887057e-14
72        -7.707364377791162e-16         2.200039556260363e-14         2.122965912482451e-14
73         -5.73721722531464e-16         1.628000513955557e-14         1.570628341702411e-14
74        -4.271848311297323e-16         1.205060495586247e-14         1.162342012473274e-14
75        -3.181601409234678e-16         8.922566933586226e-15         8.604406792662758e-15
76        -2.370214168999957e-16         6.608364201129885e-15          6.37134278422989e-15
77        -1.766191905380468e-16          4.89573602670885e-15         4.719116836170803e-15
78        -1.316416823709045e-16         3.627928289653935e-15          3.49628660728303e-15
79        -9.814113637458761e-17         2.689137499423914e-15         2.590996363049327e-15
80        -7.318260860115325e-17         1.993783475449363e-15          1.92060086684821e-15
81        -5.458344944836373e-17         1.478600375357191e-15         1.424016925908827e-15
82        -4.071998578381239e-17         1.096803288310184e-15         1.056083302526372e-15
83         -3.03840159454831e-17          8.13784033456092e-16         7.834000175106089e-16
84        -2.267624417736509e-17         6.039340958304569e-16         5.812578516530918e-16
85        -1.692711869450318e-17         4.482986830116629e-16         4.313715643171597e-16
86        -1.263800686147957e-17          3.32843868725283e-16         3.202058618638034e-16
87        -9.437468681978766e-18         2.471761603612059e-16         2.377386916792271e-16
88        -7.048743240571663e-18         1.835960535398989e-16         1.765473102993272e-16
89        -5.265565414408005e-18         1.363982301197378e-16         1.311326647053297e-16
90        -3.934173300597575e-18         1.013539614426191e-16         9.741978814202149e-17
91        -2.939917793199329e-18         7.532815934623199e-17         7.238824155303266e-17
92        -2.197294430459717e-18         5.599596320360345e-17         5.379866877314374e-17
93        -1.642520884283606e-18         4.163293077662713e-17         3.999040989234352e-17
94        -1.228008562829837e-18         3.095967374068213e-17          2.97316651778523e-17
95         -9.18243943607861e-19         2.302677806472079e-17         2.210853412111293e-17
96        -6.867194109056057e-19         1.712954085181268e-17         1.644282144090708e-17
97        -5.136456252888429e-19         1.274478188017602e-17         1.223113625488717e-17
98        -3.842460236940341e-19         9.484002772363202e-18         9.099756748669168e-18
99        -2.874850319341393e-19         7.058655846615171e-18         6.771170814681032e-18
100        -2.151194895779382e-19         5.254385722720815e-18         5.039266233142877e-18
101        -1.609909964728811e-19          3.91192107063789e-18         3.750930074165009e-18
102        -1.204978824978482e-19         2.912896342957695e-18         2.792398460459846e-18
103        -9.020112810459112e-20         2.169329174736316e-18         2.079128046631725e-18
104        -6.753019774200687e-20         1.615809172745082e-18         1.548278975003075e-18
105        -5.056341314485862e-20         1.203698198363916e-18         1.153134785219058e-18
106        -3.786394830873253e-20         8.968232543174775e-19         8.589593060087449e-19
107        -2.835733762438689e-20         6.682771863961304e-19         6.399198487717435e-19
108         -2.12399732742839e-20         4.980417877297346e-19         4.768018144554507e-19
109        -1.591074022920263e-20         3.712215553947702e-19         3.553108151655676e-19
110        -1.191992969963229e-20          2.76730964306757e-19         2.648110346071247e-19
111        -8.931057913005414e-21         2.063186262767281e-19         1.973875683637227e-19
112        -6.692325590981384e-21         1.538417463750808e-19         1.471494207840995e-19
113                             0                             0                             0
114                             0                             0                             0
115                             0                             0                             0
116                             0                             0                             0
117                             0                             0                             0
118                             0                             0                             0
119                             0                             0                             0
120                             0                             0                             0
121                             0                             0                             0
122                             0                             0                             0
123                             0                             0                             0
124                             0                             0                             0
125                             0                             0                             0
126                             0                             0                             0
127                             0                             0                             0
128                             0                             0                             0
129                             0                             0                             0
130                             0                             0                             0
131                             0                             0                             0
132                             0                             0                             0
133                             0                             0                             0
134                             0                             0                             0
135                             0                             0                             0
136                             0                             0                             0
137                             0                             0                             0
138                             0                             0                             0
139                             0                             0                             0
140                             0                             0                             0
141                             0                             0                             0
142                             0                             0                             0
143                             0                             0                             0
144                             0                             0                             0
145                             0                             0                             0
146                             0                             0                             0
147                             0                             0                             0
148                             0                             0                             0
149                             0                             0                             0
150                             0                             0                             0
151                             0                             0                             0
152                             0                             0                             0
153                             0                             0                             0
154                             0                             0                             0
155                             0                             0                             0
156                             0                             0                             0
157                             0                             0                             0
158                             0                             0                             0
159                             0                             0                             0
160                             0                             0                             0
161                             0                             0                             0
162                             0                             0                             0
163                             0                             0                             0
164                             0                             0                             0
165                             0                             0                             0
166                             0                             0                             0
167                             0                             0                             0
168                             0                             0                             0
169                             0                             0                             0
170                             0                             0                             0
171                             0                             0                             0
172                             0                             0                             0
173                             0                             0                             0
174                             0                             0                             0
175                             0                             0                             0
176                             0                             0                             0
177                             0                             0                             0
178                             0                             0                             0
179                             0                             0                             0
180                             0                             0                             0
181                             0                             0                             0
182                             0                             0                             0
183                             0                             0                             0
184                             0                             0                             0
185                             0                             0                             0
186                             0                             0                             0
187                             0                             0                             0
188                             0                             0                             0
189                             0                             0                             0
190                             0                             0                             0
191                             0                             0                             0
192                             0                             0                             0
193                             0                             0                             0
194                             0                             0                             0
195                             0                             0                             0
196                             0                             0                             0
197                             0                             0                             0
198                             0                             0                             0
199                             0                             0                             0
200                             0                             0                             0
201                             0                             0                             0
202                             0                             0                             0
203                             0                             0                             0
204                             0                             0                             0
205                             0                             0                             0
206                             0                             0                             0
207                             0                             0                             0
208                             0                             0                             0
209                             0                             0                             0
210                             0                             0                             0
211                             0                             0                             0
212                             0                             0                             0
213                             0                             0                             0
214                             0                             0                             0
215                             0                             0                             0
216                             0                             0                             0
217                             0                             0                             0
218                             0                             0                             0
219                             0                             0                             0
220                             0                             0                             0
221                             0                             0                             0
222                             0                             0                             0
223                             0                             0                             0
