
0                   0                   0                   0
1      0.005188601351       0.04422681885        0.0494154202
2      -0.00136358282      0.006941469998      0.005577887177
3    -0.0002783727155      0.001670560431      0.001392187716
4    -6.957099259e-05     0.0005389810239     0.0004694100313
5    -2.231721734e-05     0.0002069695384     0.0001846523211
6    -8.523109484e-06     8.817923834e-05     7.965612886e-05
7     -3.63395102e-06     4.015105158e-05     3.651710056e-05
8    -1.663884984e-06     1.913776079e-05     1.747387581e-05
9    -8.000482547e-07     9.431012046e-06     8.630963791e-06
10    -3.985572556e-07     4.766853643e-06     4.368296387e-06
11    -2.039259349e-07     2.457830397e-06     2.253904462e-06
12    -1.065363541e-07     1.287775729e-06     1.181239375e-06
13    -5.659134947e-08     6.836930187e-07     6.271016692e-07
14    -3.047176812e-08     3.670110219e-07     3.365392538e-07
15    -1.659349343e-08      1.98869953e-07     1.822764596e-07
16    -9.122163152e-09     1.086321648e-07     9.951000162e-08
17    -5.055574702e-09     5.975668031e-08      5.47011056e-08
18    -2.821439742e-09      3.30733183e-08     3.025187856e-08
19    -1.584182428e-09     1.840442278e-08     1.682024035e-08
20    -8.942328664e-10      1.02910728e-08     9.396839934e-09
21    -5.071525192e-10     5.779289856e-09     5.272137337e-09
22    -2.888309146e-10     3.258198302e-09     2.969367387e-09
23    -1.651105942e-10     1.843359129e-09     1.678248534e-09
24     -9.47042053e-11     1.046245525e-09       9.5154132e-10
25    -5.448616727e-11     5.955636739e-10     5.410775066e-10
26    -3.143433486e-11     3.399291128e-10     3.084947779e-10
27    -1.818097791e-11     1.945007624e-10     1.763197845e-10
28    -1.053979427e-11     1.115436629e-10     1.010038687e-10
29    -6.123038088e-12     6.410414067e-11     5.798110258e-11
30    -3.564093484e-12     3.691302025e-11     3.334892677e-11
31    -2.078327019e-12     2.129447068e-11     1.921614366e-11
32    -1.213957854e-12     1.230538399e-11     1.109142613e-11
33    -7.101767866e-13     7.122244999e-12     6.412068213e-12
34    -4.160598944e-13     4.128467583e-12     3.712407689e-12
35    -2.440785695e-13     2.396468948e-12     2.152390378e-12
36    -1.433671686e-13     1.392931854e-12     1.249564685e-12
37    -8.431044173e-14     8.106442589e-13     7.263338172e-13
38    -4.963557188e-14     4.723273472e-13     4.226917753e-13
39    -2.925201878e-14     2.755120515e-13     2.462600327e-13
40    -1.725612878e-14     1.608782756e-13     1.436221468e-13
41    -1.018899509e-14     9.403510461e-14     8.384610953e-14
42    -6.021399711e-15      5.50169741e-14     4.899557439e-14
43    -3.561402863e-15      3.22179072e-14     2.865650434e-14
44    -2.108061497e-15     1.888309512e-14     1.677503363e-14
45     -1.24872376e-15     1.107660986e-14     9.827886101e-15
46    -7.402085261e-16     6.502526637e-15     5.762318111e-15
47    -4.390674503e-16     3.820180471e-15     3.381113021e-15
48     -2.60605605e-16     2.245938824e-15     1.985333219e-15
49    -1.547741663e-16     1.321329136e-15      1.16655497e-15
50    -9.197359137e-17     7.778766194e-16      6.85903028e-16
51    -5.468475985e-17      4.58231956e-16     4.035471961e-16
52    -3.253098725e-17     2.700996391e-16     2.375686518e-16
53    -1.936180762e-17     1.593001868e-16     1.399383792e-16
54    -1.152929773e-17     9.400533115e-17     8.247603342e-17
55    -6.868458059e-18     5.550388941e-17     4.863543135e-17
56    -4.093612801e-18     3.278841415e-17     2.869480135e-17
57     -2.44083009e-18     1.937917421e-17     1.693834412e-17
58    -1.455942493e-18     1.145935619e-17      1.00034137e-17
59    -8.687999933e-19     6.779347765e-18     5.910547772e-18
60    -5.186301099e-19     4.012466076e-18     3.493835966e-18
61    -3.097075201e-19     2.375877145e-18     2.066169625e-18
62    -1.850103357e-19     1.407406138e-18     1.222395802e-18
63    -1.105566498e-19     8.340493993e-19     7.234927495e-19
64    -6.608655284e-20      4.94464693e-19     4.283781402e-19
65                   0                   0                   0
66                   0                   0                   0
67                   0                   0                   0
68                   0                   0                   0
69                   0                   0                   0
70                   0                   0                   0
71                   0                   0                   0
72                   0                   0                   0
73                   0                   0                   0
74                   0                   0                   0
75                   0                   0                   0
76                   0                   0                   0
77                   0                   0                   0
78                   0                   0                   0
79                   0                   0                   0
80                   0                   0                   0
81                   0                   0                   0
82                   0                   0                   0
83                   0                   0                   0
84                   0                   0                   0
85                   0                   0                   0
86                   0                   0                   0
87                   0                   0                   0
88                   0                   0                   0
89                   0                   0                   0
90                   0                   0                   0
91                   0                   0                   0
92                   0                   0                   0
93                   0                   0                   0
94                   0                   0                   0
95                   0                   0                   0
96                   0                   0                   0
97                   0                   0                   0
98                   0                   0                   0
99                   0                   0                   0
100                   0                   0                   0
101                   0                   0                   0
102                   0                   0                   0
103                   0                   0                   0
104                   0                   0                   0
105                   0                   0                   0
106                   0                   0                   0
107                   0                   0                   0
108                   0                   0                   0
109                   0                   0                   0
110                   0                   0                   0
111                   0                   0                   0
112                   0                   0                   0
113                   0                   0                   0
114                   0                   0                   0
115                   0                   0                   0
116                   0                   0                   0
117                   0                   0                   0
118                   0                   0                   0
119                   0                   0                   0
120                   0                   0                   0
121                   0                   0                   0
122                   0                   0                   0
123                   0                   0                   0
124                   0                   0                   0
125                   0                   0                   0
126                   0                   0                   0
127                   0                   0                   0
