
0                   0                   0                   0
1        0.0198563755       0.03080336296       0.05065973846
2    -0.0001522332168      0.006484006582      0.006331773365
3    -0.0001399302834       0.00201549233      0.001875562047
4    -4.538451736e-05     0.0008362391802     0.0007908546628
5     -1.61099606e-05     0.0004207127389     0.0004046027783
6    -6.608657253e-06     0.0002404984798     0.0002338898225
7    -3.073825721e-06     0.0001501518163     0.0001470779906
8    -1.579355794e-06     9.993254085e-05     9.835318506e-05
9    -8.775261811e-07     6.980286798e-05      6.89253418e-05
10    -5.189541356e-07     5.063532204e-05      5.01163679e-05
11    -3.228537193e-07     3.786291208e-05     3.754005836e-05
12    -2.094536987e-07     2.902584137e-05     2.881638768e-05
13    -1.407572692e-07     2.271837471e-05     2.257761744e-05
14    -9.747417946e-08      1.80970505e-05     1.799957632e-05
15    -6.927013923e-08     1.463471334e-05      1.45654432e-05
16    -5.034877239e-08     1.199027695e-05     1.193992818e-05
17    -3.732757094e-08     9.936364898e-06     9.899037327e-06
18    -2.816327828e-08     8.317416864e-06     8.289253586e-06
19    -2.158355527e-08     7.024551971e-06     7.002968416e-06
20    -1.677448239e-08     5.980007969e-06     5.963233487e-06
21    -1.320272033e-08     5.127238953e-06     5.114036232e-06
22    -1.051115508e-08     4.424457445e-06      4.41394629e-06
23    -8.455958342e-09     3.840329202e-06     3.831873244e-06
24     -6.86767519e-09     3.351045756e-06     3.344178081e-06
25    -5.626620537e-09     2.938297773e-06     2.932671152e-06
26    -4.647001657e-09     2.587848955e-06     2.583201953e-06
27     -3.86647859e-09     2.288517437e-06     2.284650959e-06
28    -3.239181209e-09     2.031438219e-06     2.028199038e-06
29    -2.730963967e-09     1.809522305e-06     1.806791341e-06
30    -2.316133774e-09     1.617055452e-06     1.614739318e-06
31    -1.975162886e-09     1.449397249e-06     1.447422086e-06
32    -1.693070004e-09     1.302753164e-06     1.301060094e-06
33    -1.458260817e-09     1.174000248e-06     1.172541987e-06
34    -1.261688416e-09     1.060552679e-06      1.05929099e-06
35    -1.096239056e-09     9.602572123e-07     9.591609732e-07
36    -9.562784134e-10     8.713112327e-07     8.703549543e-07
37    -8.373133454e-10      7.92198074e-07     7.913607606e-07
38    -7.357375832e-10     7.216356117e-07     7.208998741e-07
39    -6.486389794e-10     6.585351443e-07     6.578865053e-07
40    -5.736522897e-10     6.019683025e-07     6.013946502e-07
41    -5.088459156e-10     5.511402673e-07     5.506314214e-07
42     -4.52634175e-10     5.053679748e-07     5.049153407e-07
43    -4.037089006e-10     4.640622874e-07     4.636585785e-07
44     -3.60985779e-10     4.267133386e-07     4.263523528e-07
45    -3.235619962e-10      3.92878429e-07      3.92554867e-07
46    -2.906826582e-10      3.62171986e-07     3.618813033e-07
47    -2.617139207e-10     3.342571986e-07     3.339954847e-07
48     -2.36121538e-10      3.08839021e-07     3.086028994e-07
49    -2.134535042e-10     2.856582967e-07     2.854448432e-07
50    -1.933260246e-10      2.64486807e-07      2.64293481e-07
51    -1.754121009e-10     2.451230823e-07     2.449476702e-07
52    -1.594322067e-10     2.273888473e-07     2.272294151e-07
53    -1.451466386e-10     2.111259942e-07     2.109808476e-07
54    -1.323492171e-10     1.961939975e-07     1.960616483e-07
55    -1.208620793e-10     1.824676991e-07      1.82346837e-07
56    -1.105313579e-10      1.69835405e-07     1.697248736e-07
57    -1.012235832e-10     1.581972459e-07     1.580960223e-07
58    -9.282267714e-11     1.474637608e-07     1.473709381e-07
59    -8.522743291e-11     1.375546701e-07     1.374694427e-07
60    -7.834939581e-11     1.283978104e-07      1.28319461e-07
61    -7.211107559e-11     1.199282072e-07     1.198560962e-07
62    -6.644443396e-11     1.120872665e-07     1.120208221e-07
63    -6.128960134e-11     1.048220672e-07     1.047607776e-07
64    -5.659378512e-11     9.808474168e-08      9.80281479e-08
65    -5.231033819e-11     9.183193194e-08      9.17796216e-08
66    -4.839796238e-11     8.602431064e-08     8.597591268e-08
67    -4.482002533e-11     8.062615935e-08     8.058133932e-08
68    -4.154397348e-11     7.560499581e-08     7.556345184e-08
69    -3.854082615e-11     7.093124427e-08     7.089270344e-08
70    -3.578473876e-11     6.657794317e-08     6.654215843e-08
71    -3.325262484e-11     6.252048571e-08     6.248723308e-08
72    -3.092382811e-11     5.873638902e-08     5.870546519e-08
73    -2.877983758e-11      5.52050886e-08     5.517630876e-08
74    -2.680403934e-11      5.19077549e-08     5.188095086e-08
75    -2.498150003e-11     4.882712943e-08     4.880214793e-08
76    -2.329877754e-11      4.59473781e-08     4.592407932e-08
77    -2.174375515e-11     4.325395977e-08     4.323221601e-08
78    -2.030549601e-11     4.073350833e-08     4.071320284e-08
79    -1.897411526e-11     3.837372673e-08     3.835475262e-08
80    -1.774066737e-11     3.616329157e-08      3.61455509e-08
81                   0                   0                   0
82                   0                   0                   0
83                   0                   0                   0
84                   0                   0                   0
85                   0                   0                   0
86                   0                   0                   0
87                   0                   0                   0
88                   0                   0                   0
89                   0                   0                   0
90                   0                   0                   0
91                   0                   0                   0
92                   0                   0                   0
93                   0                   0                   0
94                   0                   0                   0
95                   0                   0                   0
96                   0                   0                   0
97                   0                   0                   0
98                   0                   0                   0
99                   0                   0                   0
100                   0                   0                   0
101                   0                   0                   0
102                   0                   0                   0
103                   0                   0                   0
104                   0                   0                   0
105                   0                   0                   0
106                   0                   0                   0
107                   0                   0                   0
108                   0                   0                   0
109                   0                   0                   0
110                   0                   0                   0
111                   0                   0                   0
112                   0                   0                   0
113                   0                   0                   0
114                   0                   0                   0
115                   0                   0                   0
116                   0                   0                   0
117                   0                   0                   0
118                   0                   0                   0
119                   0                   0                   0
120                   0                   0                   0
121                   0                   0                   0
122                   0                   0                   0
123                   0                   0                   0
124                   0                   0                   0
125                   0                   0                   0
126                   0                   0                   0
127                   0                   0                   0
128                   0                   0                   0
129                   0                   0                   0
130                   0                   0                   0
131                   0                   0                   0
132                   0                   0                   0
133                   0                   0                   0
134                   0                   0                   0
135                   0                   0                   0
136                   0                   0                   0
137                   0                   0                   0
138                   0                   0                   0
139                   0                   0                   0
140                   0                   0                   0
141                   0                   0                   0
142                   0                   0                   0
143                   0                   0                   0
144                   0                   0                   0
145                   0                   0                   0
146                   0                   0                   0
147                   0                   0                   0
148                   0                   0                   0
149                   0                   0                   0
150                   0                   0                   0
151                   0                   0                   0
152                   0                   0                   0
153                   0                   0                   0
154                   0                   0                   0
155                   0                   0                   0
156                   0                   0                   0
157                   0                   0                   0
158                   0                   0                   0
159                   0                   0                   0
