
0                   0                   0                   0
1      0.006013358061        0.0446463804       0.05065973846
2     -0.001209786199      0.007541559564      0.006331773365
3    -0.0002365378749      0.002112099922      0.001875562047
4    -5.584145959e-05     0.0008466961224     0.0007908546628
5    -1.746557847e-05     0.0004220683567     0.0004046027783
6    -6.825106449e-06      0.000240714929     0.0002338898225
7    -3.117464836e-06     0.0001501954554     0.0001470779906
8     -1.59046652e-06     9.994365158e-05     9.835318506e-05
9    -8.810252936e-07      6.98063671e-05      6.89253418e-05
10    -5.202926184e-07     5.063666052e-05      5.01163679e-05
11    -3.234727413e-07     3.786353111e-05     3.754005836e-05
12    -2.097986094e-07     2.902618628e-05     2.881638768e-05
13    -1.409839108e-07     2.271860135e-05     2.257761744e-05
14    -9.764295516e-08     1.809721927e-05     1.799957632e-05
15    -6.940667526e-08     1.463484988e-05      1.45654432e-05
16    -5.046493146e-08     1.199039311e-05     1.193992818e-05
17    -3.742936361e-08     9.936466691e-06     9.899037327e-06
18    -2.825405589e-08     8.317507642e-06     8.289253586e-06
19     -2.16653787e-08     7.024633795e-06     7.002968416e-06
20    -1.684874152e-08     5.980082228e-06     5.963233487e-06
21    -1.327043027e-08     5.127306663e-06     5.114036232e-06
22    -1.057310347e-08     4.424519393e-06      4.41394629e-06
23    -8.512784809e-09     3.840386029e-06     3.831873244e-06
24    -6.919915442e-09     3.351097996e-06     3.344178081e-06
25    -5.674732889e-09     2.938345885e-06     2.932671152e-06
26    -4.691383961e-09     2.587893337e-06     2.583201953e-06
27    -3.907479744e-09     2.288558438e-06     2.284650959e-06
28    -3.277109436e-09     2.031476147e-06     2.028199038e-06
29    -2.766093067e-09     1.809557434e-06     1.806791341e-06
30    -2.348708019e-09     1.617088026e-06     1.614739318e-06
31    -2.005400974e-09     1.449427487e-06     1.447422086e-06
32    -1.721168327e-09     1.302781263e-06     1.301060094e-06
33    -1.484396193e-09     1.174026383e-06     1.172541987e-06
34    -1.286020415e-09     1.060577011e-06      1.05929099e-06
35    -1.118911992e-09     9.602798852e-07     9.591609732e-07
36    -9.774230564e-10     8.713323773e-07     8.703549543e-07
37    -8.570484152e-10      7.92217809e-07     7.913607606e-07
38    -7.541710457e-10     7.216540452e-07     7.208998741e-07
39    -6.658691825e-10     6.585523745e-07     6.578865053e-07
40    -5.897689601e-10     6.019844192e-07     6.013946502e-07
41    -5.239310362e-10     5.511553525e-07     5.506314214e-07
42    -4.667627596e-10     5.053821034e-07     5.049153407e-07
43    -4.169496796e-10     4.640755282e-07     4.636585785e-07
44    -3.734018072e-10     4.267257546e-07     4.263523528e-07
45     -3.35211199e-10     3.928900782e-07      3.92554867e-07
46    -3.016182917e-10     3.621829216e-07     3.618813033e-07
47    -2.719850336e-10     3.342674697e-07     3.339954847e-07
48    -2.457733346e-10     3.088486727e-07     3.086028994e-07
49    -2.225276943e-10     2.856673709e-07     2.854448432e-07
50    -2.018611325e-10     2.644953421e-07      2.64293481e-07
51    -1.834437434e-10     2.451311139e-07     2.449476702e-07
52    -1.669933434e-10     2.273964084e-07     2.272294151e-07
53    -1.522677975e-10     2.111331154e-07     2.109808476e-07
54    -1.390586986e-10      1.96200707e-07     1.960616483e-07
55    -1.271861408e-10     1.824740232e-07      1.82346837e-07
56    -1.164943806e-10      1.69841368e-07     1.697248736e-07
57    -1.068482241e-10     1.582028705e-07     1.580960223e-07
58    -9.813000634e-11     1.474690681e-07     1.473709381e-07
59    -9.023705924e-11     1.375596797e-07     1.374694427e-07
60    -8.307958079e-11     1.284025406e-07      1.28319461e-07
61    -7.657883743e-11      1.19932675e-07     1.198560962e-07
62    -7.066564256e-11     1.120914877e-07     1.120208221e-07
63    -6.527906509e-11     1.048260566e-07     1.047607776e-07
64    -6.036533029e-11     9.808851323e-08      9.80281479e-08
65    -5.587688166e-11     9.183549848e-08      9.17796216e-08
66    -5.177157836e-11     8.602768426e-08     8.597591268e-08
67    -4.801200652e-11     8.062935133e-08     8.058133932e-08
68    -4.456488732e-11     7.560801672e-08     7.556345184e-08
69     -4.14005665e-11     7.093410401e-08     7.089270344e-08
70     -3.84925735e-11       6.6580651e-08     6.654215843e-08
71    -3.581723968e-11     6.252305032e-08     6.248723308e-08
72    -3.335336702e-11     5.873881856e-08     5.870546519e-08
73    -3.108194005e-11      5.52073907e-08     5.517630876e-08
74    -2.898587485e-11     5.190993674e-08     5.188095086e-08
75    -2.704979984e-11     4.882919773e-08     4.880214793e-08
76    -2.525986415e-11     4.594933918e-08     4.592407932e-08
77    -2.360356951e-11     4.325581958e-08     4.323221601e-08
78    -2.206962281e-11     4.073527246e-08     4.071320284e-08
79    -2.064780626e-11     3.837540042e-08     3.835475262e-08
80    -1.932886314e-11     3.616487977e-08      3.61455509e-08
81                   0                   0                   0
82                   0                   0                   0
83                   0                   0                   0
84                   0                   0                   0
85                   0                   0                   0
86                   0                   0                   0
87                   0                   0                   0
88                   0                   0                   0
89                   0                   0                   0
90                   0                   0                   0
91                   0                   0                   0
92                   0                   0                   0
93                   0                   0                   0
94                   0                   0                   0
95                   0                   0                   0
96                   0                   0                   0
97                   0                   0                   0
98                   0                   0                   0
99                   0                   0                   0
100                   0                   0                   0
101                   0                   0                   0
102                   0                   0                   0
103                   0                   0                   0
104                   0                   0                   0
105                   0                   0                   0
106                   0                   0                   0
107                   0                   0                   0
108                   0                   0                   0
109                   0                   0                   0
110                   0                   0                   0
111                   0                   0                   0
112                   0                   0                   0
113                   0                   0                   0
114                   0                   0                   0
115                   0                   0                   0
116                   0                   0                   0
117                   0                   0                   0
118                   0                   0                   0
119                   0                   0                   0
120                   0                   0                   0
121                   0                   0                   0
122                   0                   0                   0
123                   0                   0                   0
124                   0                   0                   0
125                   0                   0                   0
126                   0                   0                   0
127                   0                   0                   0
128                   0                   0                   0
129                   0                   0                   0
130                   0                   0                   0
131                   0                   0                   0
132                   0                   0                   0
133                   0                   0                   0
134                   0                   0                   0
135                   0                   0                   0
136                   0                   0                   0
137                   0                   0                   0
138                   0                   0                   0
139                   0                   0                   0
140                   0                   0                   0
141                   0                   0                   0
142                   0                   0                   0
143                   0                   0                   0
144                   0                   0                   0
145                   0                   0                   0
146                   0                   0                   0
147                   0                   0                   0
148                   0                   0                   0
149                   0                   0                   0
150                   0                   0                   0
151                   0                   0                   0
152                   0                   0                   0
153                   0                   0                   0
154                   0                   0                   0
155                   0                   0                   0
156                   0                   0                   0
157                   0                   0                   0
158                   0                   0                   0
159                   0                   0                   0
