0                   0                   0                   0
1       0.01477802635       0.03033667416       0.04511470051
2    -0.0007780483893      0.004681887993      0.003903839604
3    -0.0002252519089     0.0009106786519      0.000685426743
4    -5.375017497e-05      0.000209719128      0.000155968953
5     -1.37532853e-05     5.424845008e-05     4.049516477e-05
6    -3.809160939e-06     1.518975456e-05     1.138059362e-05
7    -1.123364881e-06     4.494492669e-06     3.371127788e-06
8    -3.471749188e-07     1.383825156e-06     1.036650237e-06
9    -1.111070347e-07     4.389160012e-07     3.278089665e-07
10    -3.651359702e-08     1.424408239e-07     1.059272269e-07
11     -1.22495015e-08     4.707414547e-08     3.482464397e-08
12    -4.177246092e-09     1.578844814e-08     1.161120205e-08
13    -1.443500328e-09     5.360441411e-09     3.916941083e-09
14    -5.042930558e-10     1.838751002e-09     1.334457946e-09
15    -1.777907306e-10     6.362816559e-10     4.584909253e-10
16    -6.316641026e-11     2.218492208e-10     1.586828105e-10
17     -2.25907274e-11     7.786223302e-11     5.527150563e-11
18    -8.125514323e-12     2.748596329e-11     1.936044897e-11
19    -2.937171423e-12     9.752678367e-12     6.815506944e-12
20    -1.066355598e-12     3.476366935e-12     2.410011337e-12
21    -3.886415119e-13     1.244264858e-12     8.556233462e-13
22    -1.421298742e-13     4.470045842e-13       3.0487471e-13
23    -5.213785465e-14     1.611289542e-13     1.089910995e-13
24    -1.917863798e-14      5.82596798e-14     3.908104183e-14
25    -7.072338102e-15     2.112430427e-14     1.405196617e-14
26    -2.613895115e-15      7.67922307e-15     5.065327955e-15
27    -9.680667233e-16     2.798240786e-15     1.830174063e-15
28    -3.592008314e-16     1.021899268e-15     6.626984361e-16
29     -1.33510784e-16     3.739530114e-16     2.404422275e-16
30    -4.970295229e-17     1.371039391e-16     8.740098683e-17
31    -1.853025437e-17     5.035598316e-17      3.18257288e-17
32    -6.917771343e-18     1.852551291e-17     1.160774156e-17
33    -2.585793825e-18     6.825931959e-18     4.240138133e-18
34    -9.676671911e-19     2.518749325e-18     1.551082134e-18
35    -3.625166052e-19     9.306826794e-19     5.681660742e-19
36    -1.359465522e-19      3.44332236e-19     2.083856838e-19
37    -5.102916319e-20     1.275503547e-19     7.652119147e-20
38    -1.917135326e-20     4.730257054e-20     2.813121728e-20
39    -7.208544165e-21     1.756144904e-20     1.035290488e-20
40    -2.712571839e-21     6.526555013e-21     3.813983174e-21
41     -1.02148984e-21     2.427912766e-21     1.406422926e-21
42    -3.849353644e-22     9.040378592e-22     5.191024949e-22
43    -1.451529342e-22     3.369187473e-22      1.91765813e-22
44    -5.476872929e-23     1.256697297e-22     7.090100041e-23
45    -2.067731352e-23     4.691225386e-23     2.623494034e-23
46    -7.810826462e-24     1.752573871e-23     9.714912245e-24
47    -2.952086504e-24      6.55218448e-24     3.600097976e-24
48     -1.11629516e-24     2.451330848e-24     1.335035688e-24
49                   0                   0                   0
50                   0                   0                   0
51                   0                   0                   0
52                   0                   0                   0
53                   0                   0                   0
54                   0                   0                   0
55                   0                   0                   0
56                   0                   0                   0
57                   0                   0                   0
58                   0                   0                   0
59                   0                   0                   0
60                   0                   0                   0
61                   0                   0                   0
62                   0                   0                   0
63                   0                   0                   0
64                   0                   0                   0
65                   0                   0                   0
66                   0                   0                   0
67                   0                   0                   0
68                   0                   0                   0
69                   0                   0                   0
70                   0                   0                   0
71                   0                   0                   0
72                   0                   0                   0
73                   0                   0                   0
74                   0                   0                   0
75                   0                   0                   0
76                   0                   0                   0
77                   0                   0                   0
78                   0                   0                   0
79                   0                   0                   0
80                   0                   0                   0
81                   0                   0                   0
82                   0                   0                   0
83                   0                   0                   0
84                   0                   0                   0
85                   0                   0                   0
86                   0                   0                   0
87                   0                   0                   0
88                   0                   0                   0
89                   0                   0                   0
90                   0                   0                   0
91                   0                   0                   0
92                   0                   0                   0
93                   0                   0                   0
94                   0                   0                   0
95                   0                   0                   0
