
0                   0                   0                   0
1      0.005253703619        0.0442808614       0.04953456502
2     -0.001352834779      0.006992172343      0.005639337564
3     -0.000276091395      0.001701619455       0.00142552806
4    -6.911745061e-05     0.0005570974011     0.0004879799504
5    -2.230472942e-05     0.0002174718683     0.0001951671389
6    -8.601936737e-06     9.428027962e-05     8.567834288e-05
7    -3.713299681e-06     4.370879283e-05     3.999549315e-05
8    -1.724462993e-06     2.122058212e-05     1.949611913e-05
9    -8.420275415e-07     1.065480037e-05     9.812772833e-06
10    -4.263424282e-07     5.488238025e-06     5.061895597e-06
11    -2.218581451e-07     2.884280382e-06     2.662422237e-06
12    -1.179353743e-07     1.540509576e-06     1.422574202e-06
13    -6.376749812e-08     8.338086175e-07     7.700411193e-07
14    -3.496028261e-08     4.563512561e-07     4.213909735e-07
15    -1.938842059e-08     2.521340989e-07     2.327456783e-07
16     -1.08570068e-08     1.404382865e-07     1.295812797e-07
17    -6.129942256e-09     7.877651838e-08     7.264657612e-08
18    -3.485659717e-09     4.446178053e-08     4.097612082e-08
19    -1.994315351e-09     2.523150493e-08     2.323718958e-08
20    -1.147236295e-09     1.438813966e-08     1.324090336e-08
21    -6.631138364e-10     8.240453117e-09     7.577339281e-09
22    -3.849192051e-10     4.737999701e-09     4.353080496e-09
23    -2.242862824e-10      2.73385557e-09     2.509569288e-09
24    -1.311358144e-10     1.582536071e-09     1.451400256e-09
25                   0                   0                   0
26                   0                   0                   0
27                   0                   0                   0
28                   0                   0                   0
29                   0                   0                   0
30                   0                   0                   0
31                   0                   0                   0
32                   0                   0                   0
33                   0                   0                   0
34                   0                   0                   0
35                   0                   0                   0
36                   0                   0                   0
37                   0                   0                   0
38                   0                   0                   0
39                   0                   0                   0
40                   0                   0                   0
41                   0                   0                   0
42                   0                   0                   0
43                   0                   0                   0
44                   0                   0                   0
45                   0                   0                   0
46                   0                   0                   0
47                   0                   0                   0
