
0                   0                   0                   0
1       0.01986455496       0.03079603666       0.05066059162
2    -0.0001508051259      0.006483378906       0.00633257378
3    -0.0001395454088      0.002015863428      0.001876318019
4    -4.523700643e-05     0.0008368085582     0.0007915715517
5     -1.60386264e-05     0.0004213231665     0.0004052845401
6    -6.568741097e-06     0.0002411083246     0.0002345395835
7    -3.049237336e-06     0.0001507475633     0.0001476983259
8    -1.563149844e-06     0.0001005094267     9.894627685e-05
9    -8.662948944e-07     7.035937149e-05     6.949307659e-05
10     -5.10862302e-07     5.117126435e-05     5.066040205e-05
11    -3.168406241e-07     3.837870417e-05     3.806186354e-05
12    -2.048711914e-07     2.952215524e-05     2.931728404e-05
13    -1.371910512e-07     2.319598961e-05     2.305879856e-05
14    -9.464937811e-08     1.855677774e-05     1.846212836e-05
15    -6.699857606e-08     1.507735865e-05     1.501036007e-05
16    -4.849812363e-08      1.24166218e-05     1.236812368e-05
17    -3.580261077e-08     1.034715765e-05     1.031135504e-05
18     -2.68940799e-08      8.71336913e-06      8.68647505e-06
19    -2.051784814e-08     7.406337832e-06     7.385819984e-06
20    -1.587257254e-08     6.348264667e-06     6.332392094e-06
21    -1.243403642e-08     5.482568371e-06     5.470134335e-06
22    -9.851851589e-09     4.767427957e-06     4.757576105e-06
23    -7.887221816e-09     4.171477655e-06     4.163590433e-06
24    -6.374507326e-09     3.670879464e-06     3.664504957e-06
25    -5.196950768e-09     3.247296453e-06     3.242099502e-06
26    -4.271031103e-09     2.886466558e-06     2.882195527e-06
27    -3.536188972e-09     2.577183871e-06     2.573647682e-06
28     -2.94796301e-09     2.310560942e-06     2.307612979e-06
29    -2.473331886e-09     2.079487815e-06     2.077014483e-06
30    -2.087506842e-09      1.87823065e-06     1.876143143e-06
31    -1.771693003e-09     1.702130703e-06      1.70035901e-06
32    -1.511507098e-09     1.547376274e-06     1.545864767e-06
33    -1.295845963e-09     1.410828316e-06      1.40953247e-06
34    -1.116068499e-09     1.289885905e-06     1.288769836e-06
35    -9.653981584e-10     1.182381602e-06     1.181416204e-06
36    -8.384822901e-10     1.086499447e-06     1.085660965e-06
37    -7.310642204e-10     1.000710209e-06     9.999791447e-07
38    -6.397371346e-10     9.237199238e-07     9.230801867e-07
39    -5.617578661e-10     8.544287221e-07     8.538669642e-07
40    -4.949049345e-10     7.918976905e-07     7.914027856e-07
41    -4.373695376e-10     7.353220465e-07      7.34884677e-07
42     -3.87671274e-10     6.840093027e-07     6.836216314e-07
43    -3.445925631e-10     6.373614018e-07     6.370168093e-07
44     -3.07127298e-10     5.948600276e-07     5.945529003e-07
45    -2.744404073e-10     5.560544702e-07     5.557800298e-07
46    -2.458358286e-10     5.205515572e-07     5.203057213e-07
47     -2.20731009e-10     4.880072627e-07     4.877865317e-07
48    -1.986364987e-10     4.581196867e-07     4.579210502e-07
49    -1.791395404e-10     4.306231569e-07     4.304440173e-07
50     -1.61890811e-10     4.052832566e-07     4.051213658e-07
51    -1.465936616e-10     3.818926174e-07     3.817460238e-07
52    -1.329953477e-10     3.602673464e-07     3.601343511e-07
53    -1.208798523e-10     3.402439833e-07     3.401231034e-07
54    -1.100619893e-10     3.216768998e-07     3.215668378e-07
55    -1.003825399e-10     3.044360706e-07      3.04335688e-07
56    -9.170422723e-11     2.884051574e-07     2.883134532e-07
57    -8.390837229e-11     2.734798569e-07     2.733959486e-07
58    -7.689210656e-11     2.595664728e-07     2.594895807e-07
59    -7.056604144e-11     2.465806786e-07     2.465101125e-07
60     -6.48523131e-11     2.344464419e-07     2.343815896e-07
61    -5.968293745e-11     2.230950887e-07     2.230354058e-07
62    -5.499842187e-11     2.124644851e-07     2.124094867e-07
63    -5.074659037e-11     2.024983223e-07     2.024475757e-07
64    -4.688158668e-11     1.931454893e-07     1.930986077e-07
65     -4.33630259e-11     1.843595216e-07     1.843161585e-07
66    -4.015527092e-11     1.760981155e-07     1.760579602e-07
67    -3.722681356e-11     1.683227001e-07     1.682854733e-07
68    -3.454974405e-11     1.609980587e-07      1.60963509e-07
69    -3.209929526e-11     1.540919928e-07     1.540598935e-07
70    -2.985345011e-11     1.475750252e-07     1.475451717e-07
71     -2.77926027e-11     1.414201349e-07     1.413923423e-07
72    -2.589926534e-11     1.356025221e-07     1.355766228e-07
73    -2.415781444e-11     1.300993975e-07     1.300752397e-07
74    -2.255426994e-11     1.248897951e-07     1.248672408e-07
75    -2.107610332e-11      1.19954404e-07     1.199333279e-07
76    -1.971207024e-11     1.152754183e-07     1.152557063e-07
77    -1.845206427e-11     1.108364016e-07     1.108179495e-07
78    -1.728698901e-11     1.066221657e-07     1.066048787e-07
79     -1.62086459e-11     1.026186618e-07     1.026024532e-07
80    -1.520963575e-11      9.88128816e-08     9.879767197e-08
81     -1.42832721e-11     9.519276864e-08     9.517848537e-08
82    -1.342350487e-11     9.174713804e-08     9.173371453e-08
83     -1.26248531e-11     8.846560382e-08     8.845297896e-08
84    -1.188234533e-11     8.533851313e-08     8.532663079e-08
85    -1.119146697e-11      8.23568866e-08     8.234569514e-08
86    -1.054811361e-11     7.951236411e-08       7.9501816e-08
87    -9.948549537e-12     7.679715554e-08     7.678720699e-08
88    -9.389370891e-12     7.420399597e-08      7.41946066e-08
89    -8.867472872e-12      7.17261048e-08     7.171723733e-08
90    -8.380020491e-12     6.935714849e-08     6.934876847e-08
91    -7.924422476e-12     6.709120659e-08     6.708328216e-08
92    -7.498307951e-12     6.492274058e-08     6.491524227e-08
93    -7.099505565e-12     6.284656548e-08     6.283946597e-08
94    -6.726024794e-12     6.085782379e-08     6.085109777e-08
95     -6.37603918e-12      5.89519616e-08     5.894558556e-08
96    -6.047871262e-12     5.712470668e-08     5.711865881e-08
97                   0                   0                   0
98                   0                   0                   0
99                   0                   0                   0
100                   0                   0                   0
101                   0                   0                   0
102                   0                   0                   0
103                   0                   0                   0
104                   0                   0                   0
105                   0                   0                   0
106                   0                   0                   0
107                   0                   0                   0
108                   0                   0                   0
109                   0                   0                   0
110                   0                   0                   0
111                   0                   0                   0
112                   0                   0                   0
113                   0                   0                   0
114                   0                   0                   0
115                   0                   0                   0
116                   0                   0                   0
117                   0                   0                   0
118                   0                   0                   0
119                   0                   0                   0
120                   0                   0                   0
121                   0                   0                   0
122                   0                   0                   0
123                   0                   0                   0
124                   0                   0                   0
125                   0                   0                   0
126                   0                   0                   0
127                   0                   0                   0
128                   0                   0                   0
129                   0                   0                   0
130                   0                   0                   0
131                   0                   0                   0
132                   0                   0                   0
133                   0                   0                   0
134                   0                   0                   0
135                   0                   0                   0
136                   0                   0                   0
137                   0                   0                   0
138                   0                   0                   0
139                   0                   0                   0
140                   0                   0                   0
141                   0                   0                   0
142                   0                   0                   0
143                   0                   0                   0
144                   0                   0                   0
145                   0                   0                   0
146                   0                   0                   0
147                   0                   0                   0
148                   0                   0                   0
149                   0                   0                   0
150                   0                   0                   0
151                   0                   0                   0
152                   0                   0                   0
153                   0                   0                   0
154                   0                   0                   0
155                   0                   0                   0
156                   0                   0                   0
157                   0                   0                   0
158                   0                   0                   0
159                   0                   0                   0
160                   0                   0                   0
161                   0                   0                   0
162                   0                   0                   0
163                   0                   0                   0
164                   0                   0                   0
165                   0                   0                   0
166                   0                   0                   0
167                   0                   0                   0
168                   0                   0                   0
169                   0                   0                   0
170                   0                   0                   0
171                   0                   0                   0
172                   0                   0                   0
173                   0                   0                   0
174                   0                   0                   0
175                   0                   0                   0
176                   0                   0                   0
177                   0                   0                   0
178                   0                   0                   0
179                   0                   0                   0
180                   0                   0                   0
181                   0                   0                   0
182                   0                   0                   0
183                   0                   0                   0
184                   0                   0                   0
185                   0                   0                   0
186                   0                   0                   0
187                   0                   0                   0
188                   0                   0                   0
189                   0                   0                   0
190                   0                   0                   0
191                   0                   0                   0
