
0                   0                   0                   0
1      0.006017539117        0.0446430525       0.05066059162
2     -0.001208918708      0.007541492488       0.00633257378
3     -0.000236248956      0.002112566975      0.001876318019
4    -5.571478854e-05     0.0008472863403     0.0007915715517
5    -1.739993818e-05     0.0004226844783     0.0004052845401
6    -6.787016641e-06     0.0002413266001     0.0002345395835
7    -3.093486758e-06     0.0001507918127     0.0001476983259
8    -1.574425965e-06     0.0001005207028     9.894627685e-05
9    -8.697812423e-07     7.036285783e-05     6.949307659e-05
10    -5.121146506e-07      5.11725167e-05     5.066040205e-05
11    -3.173450524e-07      3.83792086e-05     3.806186354e-05
12    -2.050933648e-07     2.952237741e-05     2.931728404e-05
13    -1.372962135e-07     2.319609477e-05     2.305879856e-05
14     -9.47022117e-08     1.855683057e-05     1.846212836e-05
15    -6.702649011e-08     1.507738656e-05     1.501036007e-05
16    -4.851352262e-08      1.24166372e-05     1.236812368e-05
17    -3.581143048e-08     1.034716647e-05     1.031135504e-05
18    -2.689930042e-08      8.71337435e-06      8.68647505e-06
19    -2.052102964e-08     7.406341014e-06     7.385819984e-06
20    -1.587456249e-08     6.348266657e-06     6.332392094e-06
21     -1.24353105e-08     5.482569645e-06     5.470134335e-06
22     -9.85268475e-09      4.76742879e-06     4.757576105e-06
23    -7.887777217e-09      4.17147821e-06     4.163590433e-06
24    -6.374884137e-09     3.670879841e-06     3.664504957e-06
25     -5.19721059e-09     3.247296713e-06     3.242099502e-06
26    -4.271212969e-09      2.88646674e-06     2.882195527e-06
27    -3.536318067e-09        2.577184e-06     2.573647682e-06
28    -2.948055862e-09     2.310561035e-06     2.307612979e-06
29    -2.473399508e-09     2.079487882e-06     2.077014483e-06
30    -2.087556681e-09     1.878230699e-06     1.876143143e-06
31    -1.771730161e-09      1.70213074e-06      1.70035901e-06
32    -1.511535112e-09     1.547376302e-06     1.545864767e-06
33    -1.295867317e-09     1.410828337e-06      1.40953247e-06
34    -1.116084957e-09     1.289885921e-06     1.288769836e-06
35    -9.654109814e-10     1.182381615e-06     1.181416204e-06
36    -8.384923923e-10     1.086499457e-06     1.085660965e-06
37    -7.310722688e-10     1.000710217e-06     9.999791447e-07
38    -6.397436206e-10     9.237199303e-07     9.230801867e-07
39    -5.617631543e-10     8.544287273e-07     8.538669642e-07
40    -4.949092977e-10     7.918976949e-07     7.914027856e-07
41    -4.373731812e-10     7.353220501e-07      7.34884677e-07
42     -3.87674354e-10     6.840093058e-07     6.836216314e-07
43    -3.445951985e-10     6.373614045e-07     6.370168093e-07
44    -3.071295804e-10     5.948600299e-07     5.945529003e-07
45    -2.744424073e-10     5.560544722e-07     5.557800298e-07
46    -2.458376012e-10     5.205515589e-07     5.203057213e-07
47    -2.207325972e-10     4.880072643e-07     4.877865317e-07
48    -1.986379363e-10     4.581196882e-07     4.579210502e-07
49    -1.791408541e-10     4.306231582e-07     4.304440173e-07
50    -1.618920221e-10     4.052832579e-07     4.051213658e-07
51     -1.46594787e-10     3.818926186e-07     3.817460238e-07
52     -1.32996401e-10     3.602673475e-07     3.601343511e-07
53    -1.208808445e-10     3.402439843e-07     3.401231034e-07
54    -1.100629292e-10     3.216769007e-07     3.215668378e-07
55    -1.003834347e-10     3.044360715e-07      3.04335688e-07
56    -9.170508301e-11     2.884051583e-07     2.883134532e-07
57    -8.390919384e-11     2.734798577e-07     2.733959486e-07
58    -7.689289789e-11     2.595664736e-07     2.594895807e-07
59    -7.056680588e-11     2.465806793e-07     2.465101125e-07
60    -6.485305346e-11     2.344464427e-07     2.343815896e-07
61    -5.968365605e-11     2.230950894e-07     2.230354058e-07
62    -5.499912068e-11     2.124644858e-07     2.124094867e-07
63    -5.074727107e-11      2.02498323e-07     2.024475757e-07
64    -4.688225069e-11       1.9314549e-07     1.930986077e-07
65    -4.336367445e-11     1.843595222e-07     1.843161585e-07
66    -4.015590507e-11     1.760981161e-07     1.760579602e-07
67    -3.722743421e-11     1.683227008e-07     1.682854733e-07
68    -3.455035201e-11     1.609980593e-07      1.60963509e-07
69    -3.209989123e-11     1.540919934e-07     1.540598935e-07
70     -2.98540347e-11     1.475750258e-07     1.475451717e-07
71    -2.779317647e-11     1.414201355e-07     1.413923423e-07
72    -2.589982878e-11     1.356025226e-07     1.355766228e-07
73    -2.415836799e-11      1.30099398e-07     1.300752397e-07
74      -2.2554814e-11     1.248897956e-07     1.248672408e-07
75    -2.107663826e-11     1.199544046e-07     1.199333279e-07
76    -1.971259638e-11     1.152754189e-07     1.152557063e-07
77    -1.845258193e-11     1.108364021e-07     1.108179495e-07
78    -1.728749846e-11     1.066221662e-07     1.066048787e-07
79    -1.620914741e-11     1.026186623e-07     1.026024532e-07
80    -1.521012956e-11      9.88128821e-08     9.879767197e-08
81    -1.428375842e-11     9.519276913e-08     9.517848537e-08
82    -1.342398393e-11     9.174713852e-08     9.173371453e-08
83    -1.262532509e-11     8.846560429e-08     8.845297896e-08
84    -1.188281044e-11      8.53385136e-08     8.532663079e-08
85    -1.119192539e-11     8.235688706e-08     8.234569514e-08
86     -1.05485655e-11     7.951236456e-08       7.9501816e-08
87    -9.948995061e-12     7.679715599e-08     7.678720699e-08
88    -9.389810202e-12     7.420399641e-08      7.41946066e-08
89    -8.867906117e-12     7.172610523e-08     7.171723733e-08
90    -8.380447811e-12     6.935714892e-08     6.934876847e-08
91    -7.924844006e-12     6.709120701e-08     6.708328216e-08
92    -7.498723821e-12     6.492274099e-08     6.491524227e-08
93    -7.099915899e-12     6.284656589e-08     6.283946597e-08
94    -6.726429713e-12      6.08578242e-08     6.085109777e-08
95    -6.376438799e-12       5.8951962e-08     5.894558556e-08
96    -6.048265694e-12     5.712470708e-08     5.711865881e-08
97                   0                   0                   0
98                   0                   0                   0
99                   0                   0                   0
100                   0                   0                   0
101                   0                   0                   0
102                   0                   0                   0
103                   0                   0                   0
104                   0                   0                   0
105                   0                   0                   0
106                   0                   0                   0
107                   0                   0                   0
108                   0                   0                   0
109                   0                   0                   0
110                   0                   0                   0
111                   0                   0                   0
112                   0                   0                   0
113                   0                   0                   0
114                   0                   0                   0
115                   0                   0                   0
116                   0                   0                   0
117                   0                   0                   0
118                   0                   0                   0
119                   0                   0                   0
120                   0                   0                   0
121                   0                   0                   0
122                   0                   0                   0
123                   0                   0                   0
124                   0                   0                   0
125                   0                   0                   0
126                   0                   0                   0
127                   0                   0                   0
128                   0                   0                   0
129                   0                   0                   0
130                   0                   0                   0
131                   0                   0                   0
132                   0                   0                   0
133                   0                   0                   0
134                   0                   0                   0
135                   0                   0                   0
136                   0                   0                   0
137                   0                   0                   0
138                   0                   0                   0
139                   0                   0                   0
140                   0                   0                   0
141                   0                   0                   0
142                   0                   0                   0
143                   0                   0                   0
144                   0                   0                   0
145                   0                   0                   0
146                   0                   0                   0
147                   0                   0                   0
148                   0                   0                   0
149                   0                   0                   0
150                   0                   0                   0
151                   0                   0                   0
152                   0                   0                   0
153                   0                   0                   0
154                   0                   0                   0
155                   0                   0                   0
156                   0                   0                   0
157                   0                   0                   0
158                   0                   0                   0
159                   0                   0                   0
160                   0                   0                   0
161                   0                   0                   0
162                   0                   0                   0
163                   0                   0                   0
164                   0                   0                   0
165                   0                   0                   0
166                   0                   0                   0
167                   0                   0                   0
168                   0                   0                   0
169                   0                   0                   0
170                   0                   0                   0
171                   0                   0                   0
172                   0                   0                   0
173                   0                   0                   0
174                   0                   0                   0
175                   0                   0                   0
176                   0                   0                   0
177                   0                   0                   0
178                   0                   0                   0
179                   0                   0                   0
180                   0                   0                   0
181                   0                   0                   0
182                   0                   0                   0
183                   0                   0                   0
184                   0                   0                   0
185                   0                   0                   0
186                   0                   0                   0
187                   0                   0                   0
188                   0                   0                   0
189                   0                   0                   0
190                   0                   0                   0
191                   0                   0                   0
