
0                   0                   0                   0
1       0.01872750905        0.0310772549       0.04980476395
2     -0.000332771145      0.006117052916      0.005784281771
3    -0.0001807677789      0.001687946342      0.001507178563
4    -5.738707045e-05     0.0005925528778     0.0005351658073
5    -2.020791425e-05     0.0002430879021     0.0002228799879
6    -8.078319688e-06     0.0001102176329     0.0001021393132
7    -3.568237798e-06     5.342385826e-05     4.985562046e-05
8    -1.695485613e-06     2.713661444e-05     2.544112883e-05
9    -8.498473062e-07     1.426598965e-05     1.341614234e-05
10    -4.433348405e-07     7.698796356e-06     7.255461515e-06
11    -2.384585117e-07     4.241112131e-06     4.002653619e-06
12    -1.313771979e-07     2.375375267e-06     2.243998069e-06
13     -7.37868425e-08      1.34864482e-06     1.274857977e-06
14    -4.209689806e-08     7.744703124e-07     7.323734144e-07
15    -2.433131131e-08     4.490573027e-07     4.247259914e-07
16    -1.421744434e-08     2.625395635e-07     2.483221191e-07
17    -8.385071762e-09     1.545991133e-07     1.462140415e-07
18    -4.984855359e-09     9.161151707e-08     8.662666171e-08
19    -2.983994223e-09     5.458879263e-08     5.160479841e-08
20    -1.797069712e-09     3.268885952e-08     3.089178981e-08
21    -1.088027303e-09     1.966135462e-08     1.857332732e-08
22    -6.618505049e-10     1.187278734e-08     1.121093683e-08
23    -4.042995578e-10     7.195368431e-09     6.791068873e-09
24    -2.479024142e-10     4.374942693e-09     4.127040279e-09
25    -1.525211475e-10     2.668007733e-09     2.515486585e-09
26    -9.412629249e-11     1.631507288e-09     1.537380996e-09
27    -5.825074814e-11     1.000191094e-09      9.41940346e-10
28    -3.614058187e-11     6.145889905e-10     5.784484086e-10
29    -2.247492104e-11     3.784596258e-10     3.559847048e-10
30    -1.400644375e-11     2.335180772e-10     2.195116334e-10
31    -8.746028182e-12     1.443536373e-10     1.356076091e-10
32    -5.471189687e-12     8.938967004e-11     8.391848035e-11
33    -3.428326031e-12     5.544350033e-11      5.20151743e-11
34    -2.151589573e-12     3.444082524e-11     3.228923567e-11
35    -1.352279479e-12     2.142476036e-11     2.007248088e-11
36    -8.510606274e-13     1.334570039e-11     1.249463976e-11
37    -5.362939075e-13     8.323698466e-12     7.787404558e-12
38    -3.383439283e-13     5.197688692e-12     4.859344764e-12
39    -2.136953299e-13     3.249338983e-12     3.035643653e-12
40    -1.351087658e-13     2.033502484e-12     1.898393719e-12
41    -8.550609497e-14     1.273900242e-12     1.188394147e-12
42     -5.41640429e-14      7.98812867e-13     7.446488241e-13
43    -3.434020681e-14     5.013639655e-13     4.670237587e-13
44    -2.178972369e-14     3.149492625e-13     2.931595388e-13
45    -1.383688311e-14     1.980112199e-13     1.841743368e-13
46    -8.793155314e-15     1.245903045e-13     1.157971492e-13
47    -5.591838683e-15     7.845282014e-14     7.286098146e-14
48    -3.558382425e-15     4.943657365e-14     4.587819123e-14
49    -2.265815053e-15     3.117383285e-14      2.89080178e-14
50     -1.44363326e-15     1.967077478e-14     1.822714152e-14
51    -9.203171465e-16     1.242024938e-14     1.149993223e-14
52    -5.870225781e-16     7.847035652e-15     7.260013074e-15
53    -3.746260295e-16     4.960631027e-15     4.586004998e-15
54     -2.39197605e-16     3.137721182e-15     2.898523577e-15
55    -1.527995061e-16     1.985768389e-15     1.832968883e-15
56    -9.765273566e-17     1.257392507e-15     1.159739771e-15
57    -6.243611165e-17     7.965863635e-16     7.341502518e-16
58    -3.993635081e-17     5.049015808e-16     4.649652299e-16
59    -2.555492363e-17     3.201732244e-16     2.946183008e-16
60    -1.635865079e-17     2.031237215e-16     1.867650707e-16
61    -1.047563748e-17     1.289219703e-16     1.184463329e-16
62    -6.710691741e-18     8.186108809e-17     7.515039635e-17
63    -4.300332856e-18     5.200035743e-17     4.770002458e-17
64    -2.756634758e-18     3.304514208e-17     3.028850733e-17
65    -1.767638572e-18     2.100757454e-17     1.923993597e-17
66    -1.133808703e-18     1.335998503e-17     1.222617633e-17
67    -7.274672082e-19      8.49948896e-18     7.772021752e-18
68    -4.668849332e-19     5.409183105e-18     4.942298172e-18
69    -2.997262685e-19     3.443642298e-18      3.14391603e-18
70    -1.924660718e-19     2.193044897e-18     2.000578825e-18
71    -1.236215262e-19     1.397063017e-18     1.273441491e-18
72    -7.942200766e-20      8.90265364e-19     8.108433563e-19
73    -5.103768137e-20     5.674847024e-19      5.16447021e-19
74    -3.280506952e-20     3.618398473e-19     3.290347778e-19
75    -2.109054143e-20     2.307823954e-19     2.096918539e-19
76    -1.356213835e-20     1.472345244e-19     1.336723861e-19
77    -8.722869127e-21     9.395807544e-20     8.523520632e-20
78    -5.611493794e-21     5.997537138e-20     5.436387759e-20
79     -3.61062913e-21     3.829333437e-20     3.468270524e-20
80    -2.323646054e-21     2.445580523e-20     2.213215918e-20
81                   0                   0                   0
82                   0                   0                   0
83                   0                   0                   0
84                   0                   0                   0
85                   0                   0                   0
86                   0                   0                   0
87                   0                   0                   0
88                   0                   0                   0
89                   0                   0                   0
90                   0                   0                   0
91                   0                   0                   0
92                   0                   0                   0
93                   0                   0                   0
94                   0                   0                   0
95                   0                   0                   0
96                   0                   0                   0
97                   0                   0                   0
98                   0                   0                   0
99                   0                   0                   0
100                   0                   0                   0
101                   0                   0                   0
102                   0                   0                   0
103                   0                   0                   0
104                   0                   0                   0
105                   0                   0                   0
106                   0                   0                   0
107                   0                   0                   0
108                   0                   0                   0
109                   0                   0                   0
110                   0                   0                   0
111                   0                   0                   0
112                   0                   0                   0
113                   0                   0                   0
114                   0                   0                   0
115                   0                   0                   0
116                   0                   0                   0
117                   0                   0                   0
118                   0                   0                   0
119                   0                   0                   0
120                   0                   0                   0
121                   0                   0                   0
122                   0                   0                   0
123                   0                   0                   0
124                   0                   0                   0
125                   0                   0                   0
126                   0                   0                   0
127                   0                   0                   0
128                   0                   0                   0
129                   0                   0                   0
130                   0                   0                   0
131                   0                   0                   0
132                   0                   0                   0
133                   0                   0                   0
134                   0                   0                   0
135                   0                   0                   0
136                   0                   0                   0
137                   0                   0                   0
138                   0                   0                   0
139                   0                   0                   0
140                   0                   0                   0
141                   0                   0                   0
142                   0                   0                   0
143                   0                   0                   0
144                   0                   0                   0
145                   0                   0                   0
146                   0                   0                   0
147                   0                   0                   0
148                   0                   0                   0
149                   0                   0                   0
150                   0                   0                   0
151                   0                   0                   0
152                   0                   0                   0
153                   0                   0                   0
154                   0                   0                   0
155                   0                   0                   0
156                   0                   0                   0
157                   0                   0                   0
158                   0                   0                   0
159                   0                   0                   0
