
0                   0                   0                   0
1      0.005405137282       0.04439962667       0.04980476395
2      -0.00132694142      0.007111223191      0.005784281771
3      -0.00027020242      0.001777380983      0.001507178563
4    -6.775056326e-05     0.0006029163706     0.0005351658073
5    -2.212271371e-05     0.0002450027016     0.0002228799879
6    -8.716720113e-06     0.0001108560333     0.0001021393132
7    -3.871552973e-06     5.372717344e-05     4.985562046e-05
8    -1.858923363e-06     2.730005219e-05     2.544112883e-05
9    -9.416864342e-07     1.435782877e-05     1.341614234e-05
10    -4.958936077e-07     7.751355123e-06     7.255461515e-06
11    -2.688763613e-07      4.27152998e-06     4.002653619e-06
12    -1.491320411e-07      2.39313011e-06     2.243998069e-06
13    -8.422473964e-08     1.359082717e-06     1.274857977e-06
14    -4.827165389e-08     7.806450682e-07     7.323734144e-07
15    -2.800439856e-08     4.527303899e-07     4.247259914e-07
16    -1.641325657e-08     2.647353757e-07     2.483221191e-07
17    -9.703624133e-09     1.559176657e-07     1.462140415e-07
18    -5.779829578e-09     9.240649129e-08     8.662666171e-08
19    -3.465056773e-09     5.506985518e-08     5.160479841e-08
20    -2.089150116e-09     3.298093993e-08     3.089178981e-08
21    -1.265909398e-09     1.983923671e-08     1.857332732e-08
22    -7.704885833e-10     1.198142542e-08     1.121093683e-08
23    -4.708200508e-10     7.261888924e-09     6.791068873e-09
24    -2.887312111e-10      4.41577149e-09     4.127040279e-09
25    -1.776364759e-10     2.693123061e-09     2.515486585e-09
26    -1.096074596e-10     1.646988455e-09     1.537380996e-09
27    -6.781166293e-11     1.009752009e-09      9.41940346e-10
28    -4.205579666e-11     6.205042053e-10     5.784484086e-10
29     -2.61407031e-11     3.821254079e-10     3.559847048e-10
30    -1.628176231e-11     2.357933957e-10     2.195116334e-10
31    -1.016037442e-11     1.457679835e-10     1.356076091e-10
32    -6.351568113e-12     9.027004846e-11     8.391848035e-11
33    -3.977043221e-12     5.599221752e-11      5.20151743e-11
34     -2.49401148e-12     3.478324715e-11     3.228923567e-11
35    -1.566213167e-12     2.163869404e-11     2.007248088e-11
36    -9.848663333e-13     1.347950609e-11     1.249463976e-11
37    -6.200705875e-13     8.407475146e-12     7.787404558e-12
38    -3.908490673e-13     5.250193831e-12     4.859344764e-12
39     -2.46632738e-13     3.282276391e-12     3.035643653e-12
40    -1.557895154e-13     2.054183234e-12     1.898393719e-12
41    -9.850222576e-14     1.286896372e-12     1.188394147e-12
42    -6.233768766e-14     8.069865118e-13     7.446488241e-13
43    -3.948485198e-14     5.065086107e-13     4.670237587e-13
44    -2.503026988e-14     3.181898087e-13     2.931595388e-13
45    -1.587951554e-14     2.000538523e-13     1.841743368e-13
46    -1.008157816e-14     1.258787273e-13     1.157971492e-13
47    -6.405063405e-15     7.926604487e-14     7.286098146e-14
48    -4.071994479e-15     4.995018571e-14     4.587819123e-14
49    -2.590394876e-15     3.149841267e-14      2.89080178e-14
50    -1.648871996e-15     1.987601352e-14     1.822714152e-14
51    -1.050166278e-15     1.255009851e-14     1.149993223e-14
52    -6.692187556e-16     7.929231829e-15     7.260013074e-15
53    -4.266841504e-16     5.012689148e-15     4.586004998e-15
54    -2.721845087e-16     3.170708086e-15     2.898523577e-15
55    -1.737118712e-16     2.006680754e-15     1.832968883e-15
56    -1.109164764e-16     1.270656248e-15     1.159739771e-15
57    -7.085245163e-17     8.050027034e-16     7.341502518e-16
58    -4.527914386e-17     5.102443738e-16     4.649652299e-16
59    -2.894801103e-17     3.235663118e-16     2.946183008e-16
60    -1.851439604e-17     2.052794667e-16     1.867650707e-16
61     -1.18457931e-17      1.30292126e-16     1.184463329e-16
62    -7.581870052e-18      8.27322664e-17     7.515039635e-17
63    -4.854452818e-18      5.25544774e-17     4.770002458e-17
64    -3.109212783e-18     3.339772011e-17     3.028850733e-17
65    -1.992056076e-18     2.123199205e-17     1.923993597e-17
66    -1.276699351e-18     1.350287568e-17     1.222617633e-17
67    -8.184778571e-19     8.590499609e-18     7.772021752e-18
68    -5.248702287e-19       5.4671684e-18     4.942298172e-18
69    -3.366815823e-19     3.480597612e-18      3.14391603e-18
70    -2.160255428e-19     2.216604368e-18     2.000578825e-18
71    -1.386453406e-19     1.412086831e-18     1.273441491e-18
72    -8.900536078e-20     8.998487171e-19     8.108433563e-19
73    -5.715236619e-20     5.735993872e-19      5.16447021e-19
74    -3.670760447e-20     3.657423823e-19     3.290347778e-19
75    -2.358187927e-20     2.332737332e-19     2.096918539e-19
76    -1.515298612e-20     1.488253722e-19     1.336723861e-19
77    -9.738958678e-21       9.4974165e-20     8.523520632e-20
78    -6.260636237e-21     6.062451382e-20     5.436387759e-20
79    -4.025439953e-21     3.870814519e-20     3.468270524e-20
80    -2.588776559e-21     2.472093573e-20     2.213215918e-20
81                   0                   0                   0
82                   0                   0                   0
83                   0                   0                   0
84                   0                   0                   0
85                   0                   0                   0
86                   0                   0                   0
87                   0                   0                   0
88                   0                   0                   0
89                   0                   0                   0
90                   0                   0                   0
91                   0                   0                   0
92                   0                   0                   0
93                   0                   0                   0
94                   0                   0                   0
95                   0                   0                   0
96                   0                   0                   0
97                   0                   0                   0
98                   0                   0                   0
99                   0                   0                   0
100                   0                   0                   0
101                   0                   0                   0
102                   0                   0                   0
103                   0                   0                   0
104                   0                   0                   0
105                   0                   0                   0
106                   0                   0                   0
107                   0                   0                   0
108                   0                   0                   0
109                   0                   0                   0
110                   0                   0                   0
111                   0                   0                   0
112                   0                   0                   0
113                   0                   0                   0
114                   0                   0                   0
115                   0                   0                   0
116                   0                   0                   0
117                   0                   0                   0
118                   0                   0                   0
119                   0                   0                   0
120                   0                   0                   0
121                   0                   0                   0
122                   0                   0                   0
123                   0                   0                   0
124                   0                   0                   0
125                   0                   0                   0
126                   0                   0                   0
127                   0                   0                   0
128                   0                   0                   0
129                   0                   0                   0
130                   0                   0                   0
131                   0                   0                   0
132                   0                   0                   0
133                   0                   0                   0
134                   0                   0                   0
135                   0                   0                   0
136                   0                   0                   0
137                   0                   0                   0
138                   0                   0                   0
139                   0                   0                   0
140                   0                   0                   0
141                   0                   0                   0
142                   0                   0                   0
143                   0                   0                   0
144                   0                   0                   0
145                   0                   0                   0
146                   0                   0                   0
147                   0                   0                   0
148                   0                   0                   0
149                   0                   0                   0
150                   0                   0                   0
151                   0                   0                   0
152                   0                   0                   0
153                   0                   0                   0
154                   0                   0                   0
155                   0                   0                   0
156                   0                   0                   0
157                   0                   0                   0
158                   0                   0                   0
159                   0                   0                   0
