
0                   0                   0                   0
1       0.01983176845       0.03082241847       0.05065418692
2    -0.0001565180481      0.006483355351      0.006326837302
3    -0.0001410784297       0.00201219701       0.00187111858
4    -4.582055611e-05     0.0008326460366     0.0007868254805
5    -1.631827863e-05     0.0004172492218     0.0004009309432
6        -6.72351e-06     0.0002372546114     0.0002305311014
7    -3.143356353e-06     0.0001471399669     0.0001439966106
8    -1.624281282e-06     9.714370669e-05     9.551942541e-05
9    -9.079742594e-07     6.722200295e-05     6.631402869e-05
10    -5.403556984e-07     4.824622359e-05     4.770586789e-05
11    -3.383323198e-07     3.564990264e-05     3.531157032e-05
12    -2.209073342e-07     2.697433198e-05     2.675342464e-05
13    -1.493915063e-07     2.081500713e-05     2.066561562e-05
14    -1.040832384e-07     1.632967554e-05      1.62255923e-05
15     -7.43934924e-08     1.299230804e-05     1.291791455e-05
16    -5.436249096e-08     1.046284325e-05     1.040848075e-05
17    -4.049972501e-08     8.514827649e-06     8.474327924e-06
18     -3.06886786e-08     6.993528313e-06     6.962839634e-06
19     -2.36061818e-08     5.790805175e-06     5.767198993e-06
20     -1.84023371e-08     4.829559539e-06     4.811157202e-06
21    -1.451788687e-08     4.053840612e-06     4.039322725e-06
22    -1.157674987e-08     3.422395572e-06     3.410818823e-06
23     -9.32102058e-09     2.904371447e-06     2.895050426e-06
24    -7.570662904e-09     2.476393858e-06     2.468823195e-06
25    -6.197946765e-09     2.120545795e-06     2.114347848e-06
26    -5.110898882e-09     1.822946219e-06      1.81783532e-06
27    -4.242386016e-09     1.572735573e-06     1.568493187e-06
28    -3.542788489e-09     1.361341777e-06     1.357798989e-06
29    -2.975004461e-09     1.181942509e-06     1.178967505e-06
30    -2.510993113e-09     1.029066681e-06     1.026555688e-06
31    -2.129349874e-09     8.982959265e-07     8.961665766e-07
32     -1.81358392e-09     7.860387671e-07     7.842251832e-07
33    -1.550880027e-09     6.893581815e-07     6.878073015e-07
34    -1.331198707e-09     6.058388134e-07     6.045076147e-07
35    -1.146615438e-09     5.334838829e-07     5.323372674e-07
36    -9.908307271e-10     4.706345523e-07     4.696437215e-07
37    -8.588035287e-10     4.159064104e-07     4.150476069e-07
38    -7.464745941e-10     3.681391091e-07     3.673926345e-07
39    -6.505560051e-10     3.263561787e-07     3.257056227e-07
40    -5.683698271e-10     2.897327771e-07     2.891644072e-07
41    -4.977235239e-10     2.575696625e-07      2.57071939e-07
42    -4.368131006e-10     2.292720792e-07     2.288352661e-07
43    -3.841473122e-10     2.043325432e-07     2.039483959e-07
44    -3.384879922e-10     1.823167427e-07     1.819782547e-07
45    -2.988027969e-10     1.628519381e-07     1.625531353e-07
46     -2.64227573e-10     1.456173777e-07     1.453531501e-07
47    -2.340362315e-10     1.303363485e-07     1.301023123e-07
48    -2.076165069e-10     1.167695567e-07     1.165619402e-07
49    -1.844503593e-10      1.04709596e-07     1.045251457e-07
50    -1.640980573e-10     9.397631011e-08     9.381221205e-08
51    -1.461851921e-10     8.441289003e-08     8.426670484e-08
52    -1.303920407e-10     7.588258163e-08     7.575218959e-08
53    -1.164448167e-10     6.826589832e-08      6.81494535e-08
54    -1.041084464e-10      6.14582553e-08     6.135414685e-08
55    -9.318058275e-11     5.536795594e-08     5.527477535e-08
56    -8.348662745e-11     4.991447353e-08     4.983098691e-08
57    -7.487557666e-11     4.502698137e-08     4.495210579e-08
58    -6.721654395e-11     4.064309227e-08     4.057587573e-08
59    -6.039584024e-11     3.670777533e-08     3.664737949e-08
60    -5.431451439e-11     3.317242282e-08     3.311810831e-08
61    -4.888627595e-11      2.99940449e-08     2.994515862e-08
62    -4.403573564e-11     2.713457303e-08      2.70905373e-08
63    -3.969691119e-11     2.456025654e-08     2.452055963e-08
64    -3.581195514e-11      2.22411386e-08     2.220532664e-08
65    -3.233006906e-11      2.01506006e-08     2.011827053e-08
66    -2.920657467e-11     1.826496524e-08     1.823575867e-08
67    -2.640211733e-11     1.656315013e-08     1.653674801e-08
68    -2.388198161e-11     1.502636511e-08     1.500248313e-08
69    -2.161550187e-11      1.36378473e-08     1.361623179e-08
70    -1.957555366e-11     1.238262886e-08      1.23630533e-08
71    -1.773811399e-11     1.124733315e-08     1.122959503e-08
72     -1.60818804e-11     1.021999551e-08     1.020391363e-08
73    -1.458794045e-11     9.289905581e-09     9.275317641e-09
74    -1.323948431e-11     8.447468327e-09     8.434228842e-09
75    -1.202155453e-11     7.684081392e-09     7.672059837e-09
76     -1.09208278e-11     6.992026803e-09     6.981105975e-09
77    -9.925424216e-12     6.364375178e-09     6.354449754e-09
78    -9.024740458e-12     5.794900917e-09     5.785876177e-09
79    -8.209303592e-12     5.278007054e-09      5.26979775e-09
80     -7.47064277e-12     4.808658575e-09     4.801187932e-09
81                   0                   0                   0
82                   0                   0                   0
83                   0                   0                   0
84                   0                   0                   0
85                   0                   0                   0
86                   0                   0                   0
87                   0                   0                   0
88                   0                   0                   0
89                   0                   0                   0
90                   0                   0                   0
91                   0                   0                   0
92                   0                   0                   0
93                   0                   0                   0
94                   0                   0                   0
95                   0                   0                   0
96                   0                   0                   0
97                   0                   0                   0
98                   0                   0                   0
99                   0                   0                   0
100                   0                   0                   0
101                   0                   0                   0
102                   0                   0                   0
103                   0                   0                   0
104                   0                   0                   0
105                   0                   0                   0
106                   0                   0                   0
107                   0                   0                   0
108                   0                   0                   0
109                   0                   0                   0
110                   0                   0                   0
111                   0                   0                   0
112                   0                   0                   0
113                   0                   0                   0
114                   0                   0                   0
115                   0                   0                   0
116                   0                   0                   0
117                   0                   0                   0
118                   0                   0                   0
119                   0                   0                   0
120                   0                   0                   0
121                   0                   0                   0
122                   0                   0                   0
123                   0                   0                   0
124                   0                   0                   0
125                   0                   0                   0
126                   0                   0                   0
127                   0                   0                   0
128                   0                   0                   0
129                   0                   0                   0
130                   0                   0                   0
131                   0                   0                   0
132                   0                   0                   0
133                   0                   0                   0
134                   0                   0                   0
135                   0                   0                   0
136                   0                   0                   0
137                   0                   0                   0
138                   0                   0                   0
139                   0                   0                   0
140                   0                   0                   0
141                   0                   0                   0
142                   0                   0                   0
143                   0                   0                   0
144                   0                   0                   0
145                   0                   0                   0
146                   0                   0                   0
147                   0                   0                   0
148                   0                   0                   0
149                   0                   0                   0
150                   0                   0                   0
151                   0                   0                   0
152                   0                   0                   0
153                   0                   0                   0
154                   0                   0                   0
155                   0                   0                   0
156                   0                   0                   0
157                   0                   0                   0
158                   0                   0                   0
159                   0                   0                   0
