
0                   0                   0                   0
1      0.006000746161       0.04465344076       0.05065418692
2     -0.001212403686      0.007539240988      0.006326837302
3    -0.0002374089741      0.002108527554       0.00187111858
4    -5.622251137e-05     0.0008430479918     0.0007868254805
5    -1.766221741e-05     0.0004185931606     0.0004009309432
6    -6.938490876e-06     0.0002374695923     0.0002305311014
7    -3.188224439e-06      0.000147184835     0.0001439966106
8    -1.637279043e-06     9.715670445e-05     9.551942541e-05
9    -9.133972459e-07     6.722742593e-05     6.631402869e-05
10     -5.43462615e-07     4.824933051e-05     4.770586789e-05
11    -3.405158689e-07     3.565208619e-05     3.531157032e-05
12    -2.226146545e-07      2.69760393e-05     2.675342464e-05
13    -1.507969569e-07     2.081641258e-05     2.066561562e-05
14    -1.052698697e-07     1.633086217e-05      1.62255923e-05
15    -7.540898048e-08     1.299332353e-05     1.291791455e-05
16    -5.523852612e-08     1.046371928e-05     1.040848075e-05
17    -4.125954175e-08     8.515587466e-06     8.474327924e-06
18     -3.13503524e-08     6.994189987e-06     6.962839634e-06
19    -2.418427061e-08     5.791383264e-06     5.767198993e-06
20    -1.890881053e-08     4.830066012e-06     4.811157202e-06
21    -1.496271523e-08      4.05428544e-06     4.039322725e-06
22    -1.196831187e-08     3.422787134e-06     3.410818823e-06
23    -9.666403444e-09      2.90471683e-06     2.895050426e-06
24    -7.875892438e-09     2.476699088e-06     2.468823195e-06
25    -6.468168583e-09     2.120816016e-06     2.114347848e-06
26    -5.350523639e-09     1.823185844e-06      1.81783532e-06
27    -4.455207259e-09     1.572948394e-06     1.568493187e-06
28    -3.732079156e-09     1.361531068e-06     1.357798989e-06
29    -3.143596455e-09     1.182111101e-06     1.178967505e-06
30    -2.661343298e-09     1.029217031e-06     1.026555688e-06
31    -2.263595091e-09     8.984301717e-07     8.961665766e-07
32    -1.933587048e-09     7.861587702e-07     7.842251832e-07
33      -1.6582687e-09     6.894655702e-07     6.878073015e-07
34    -1.427397997e-09     6.059350127e-07     6.045076147e-07
35     -1.23287552e-09      5.33570143e-07     5.323372674e-07
36    -1.068250389e-09     4.707119719e-07     4.696437215e-07
37    -9.283502036e-10     4.159759571e-07     4.150476069e-07
38    -8.090014851e-10      3.68201636e-07     3.673926345e-07
39    -7.068167643e-10     3.264124395e-07     3.257056227e-07
40    -6.190311702e-10     2.897834384e-07     2.891644072e-07
41    -5.433760999e-10     2.576153151e-07      2.57071939e-07
42    -4.779808792e-10      2.29313247e-07     2.288352661e-07
43    -4.212957111e-10     2.043696916e-07     2.039483959e-07
44    -3.720309278e-10     1.823502856e-07     1.819782547e-07
45    -3.291088136e-10     1.628822441e-07     1.625531353e-07
46    -2.916251835e-10     1.456447753e-07     1.453531501e-07
47    -2.588185768e-10     1.303611309e-07     1.301023123e-07
48    -2.300454314e-10     1.167919856e-07     1.165619402e-07
49    -2.047599798e-10     1.047299056e-07     1.045251457e-07
50    -1.824978938e-10     9.399470994e-08     9.381221205e-08
51    -1.628629197e-10     8.442956776e-08     8.426670484e-08
52    -1.455159108e-10      7.58977055e-08     7.575218959e-08
53    -1.301657907e-10      6.82796193e-08      6.81494535e-08
54    -1.165620793e-10     6.147070893e-08     6.135414685e-08
55    -1.044886875e-10     5.537926404e-08     5.527477535e-08
56    -9.375874722e-11     4.992474565e-08     4.983098691e-08
57    -8.421028976e-11     4.503631608e-08     4.495210579e-08
58    -7.570262092e-11     4.065157835e-08     4.057587573e-08
59    -6.811327133e-11     3.671549276e-08     3.664737949e-08
60    -6.133542299e-11     3.317944373e-08     3.311810831e-08
61    -5.527573132e-11     3.000043435e-08     2.994515862e-08
62    -4.985247688e-11     2.714038977e-08      2.70905373e-08
63    -4.499399269e-11     2.456555362e-08     2.452055963e-08
64    -4.063732265e-11     2.224596396e-08     2.220532664e-08
65    -3.672707418e-11     2.015499761e-08     2.011827053e-08
66    -3.321443484e-11      1.82689731e-08     1.823575867e-08
67    -3.005632739e-11     1.656680434e-08     1.653674801e-08
68    -2.721468229e-11     1.502969781e-08     1.500248313e-08
69    -2.465581005e-11      1.36408876e-08     1.361623179e-08
70    -2.234985852e-11     1.238540316e-08      1.23630533e-08
71    -2.027034279e-11     1.124986537e-08     1.122959503e-08
72    -1.839373719e-11     1.022230736e-08     1.020391363e-08
73    -1.669912054e-11     9.292016762e-09     9.275317641e-09
74     -1.51678672e-11      8.44939671e-09     8.434228842e-09
75    -1.378337746e-11     7.685843215e-09     7.672059837e-09
76    -1.253084202e-11     6.993636817e-09     6.981105975e-09
77    -1.139703579e-11     6.365846789e-09     6.354449754e-09
78    -1.037013715e-11     5.796246314e-09     5.785876177e-09
79    -9.439569347e-12      5.27923732e-09      5.26979775e-09
80    -8.595860973e-12     4.809783793e-09     4.801187932e-09
81                   0                   0                   0
82                   0                   0                   0
83                   0                   0                   0
84                   0                   0                   0
85                   0                   0                   0
86                   0                   0                   0
87                   0                   0                   0
88                   0                   0                   0
89                   0                   0                   0
90                   0                   0                   0
91                   0                   0                   0
92                   0                   0                   0
93                   0                   0                   0
94                   0                   0                   0
95                   0                   0                   0
96                   0                   0                   0
97                   0                   0                   0
98                   0                   0                   0
99                   0                   0                   0
100                   0                   0                   0
101                   0                   0                   0
102                   0                   0                   0
103                   0                   0                   0
104                   0                   0                   0
105                   0                   0                   0
106                   0                   0                   0
107                   0                   0                   0
108                   0                   0                   0
109                   0                   0                   0
110                   0                   0                   0
111                   0                   0                   0
112                   0                   0                   0
113                   0                   0                   0
114                   0                   0                   0
115                   0                   0                   0
116                   0                   0                   0
117                   0                   0                   0
118                   0                   0                   0
119                   0                   0                   0
120                   0                   0                   0
121                   0                   0                   0
122                   0                   0                   0
123                   0                   0                   0
124                   0                   0                   0
125                   0                   0                   0
126                   0                   0                   0
127                   0                   0                   0
128                   0                   0                   0
129                   0                   0                   0
130                   0                   0                   0
131                   0                   0                   0
132                   0                   0                   0
133                   0                   0                   0
134                   0                   0                   0
135                   0                   0                   0
136                   0                   0                   0
137                   0                   0                   0
138                   0                   0                   0
139                   0                   0                   0
140                   0                   0                   0
141                   0                   0                   0
142                   0                   0                   0
143                   0                   0                   0
144                   0                   0                   0
145                   0                   0                   0
146                   0                   0                   0
147                   0                   0                   0
148                   0                   0                   0
149                   0                   0                   0
150                   0                   0                   0
151                   0                   0                   0
152                   0                   0                   0
153                   0                   0                   0
154                   0                   0                   0
155                   0                   0                   0
156                   0                   0                   0
157                   0                   0                   0
158                   0                   0                   0
159                   0                   0                   0
