
0                   0                   0                   0
1        0.0191866859       0.03103958581       0.05022627171
2    -0.0002630504085      0.006293271368      0.006030220959
3    -0.0001667072875        0.0018240177      0.001657310412
4    -5.408080215e-05     0.0006831363562      0.000629055554
5     -1.95090742e-05     0.0003020318803     0.0002825228061
6    -8.078469339e-06     0.0001485319648     0.0001404534954
7    -3.737922982e-06     7.841735746e-05     7.467943447e-05
8    -1.878170758e-06     4.351256006e-05      4.16343893e-05
9    -1.002998212e-06     2.504191573e-05     2.403891752e-05
10    -5.607380996e-07     1.481791036e-05     1.425717226e-05
11    -3.247236638e-07     8.961328287e-06     8.636604624e-06
12    -1.933221323e-07     5.515278585e-06     5.321956452e-06
13    -1.176717196e-07     3.443534116e-06     3.325862396e-06
14    -7.292966618e-08     2.175947305e-06     2.103017639e-06
15    -4.588002943e-08     1.388988821e-06     1.343108792e-06
16     -2.92268401e-08     8.943840659e-07     8.651572258e-07
17    -1.881712881e-08     5.802537161e-07     5.614365872e-07
18    -1.222584414e-08      3.78938244e-07     3.667123999e-07
19    -8.006168002e-09     2.489064469e-07     2.409002789e-07
20     -5.27902572e-09     1.643380742e-07     1.590590485e-07
21    -3.501903632e-09     1.090025055e-07     1.055006018e-07
22    -2.335465081e-09     7.259868573e-08     7.026322065e-08
23    -1.564970466e-09     4.853352401e-08     4.696855355e-08
24     -1.05313854e-09     3.255564134e-08      3.15025028e-08
25    -7.114192197e-10     2.190545373e-08     2.119403452e-08
26    -4.822432083e-10     1.478108752e-08     1.429884431e-08
27    -3.279200648e-10     9.999745878e-09     9.671825813e-09
28    -2.236195718e-10     6.781283393e-09     6.557663822e-09
29    -1.528921075e-10     4.608896778e-09     4.456004671e-09
30    -1.047851744e-10     3.138878408e-09     3.034093234e-09
31    -7.197322151e-11     2.141815139e-09     2.069841917e-09
32    -4.953639178e-11        1.464075e-09     1.414538608e-09
33    -3.415812562e-11     1.002461902e-09     9.683037767e-10
34    -2.359503804e-11     6.874637465e-10     6.638687085e-10
35    -1.632491865e-11     4.721363866e-10     4.558114679e-10
36    -1.131193667e-11     3.247005171e-10     3.133885804e-10
37    -7.849372811e-12     2.235948009e-10     2.157454281e-10
38    -5.453878625e-12     1.541600803e-10     1.487062017e-10
39    -3.794132653e-12     1.064105171e-10     1.026163845e-10
40    -2.642550129e-12     7.353139334e-11     7.088884321e-11
41    -1.842500368e-12     5.086416895e-11     4.902166858e-11
42    -1.285991189e-12      3.52191767e-11     3.393318551e-11
43    -8.984401028e-13     2.440919159e-11     2.351075149e-11
44    -6.282574643e-13     1.693226011e-11     1.630400264e-11
45    -4.397056478e-13     1.175562098e-11     1.131591534e-11
46     -3.07994087e-13     8.168237479e-12     7.860243392e-12
47    -2.159037667e-13      5.67998832e-12     5.464084554e-12
48    -1.514601746e-13     3.952647179e-12     3.801187004e-12
49    -1.063264163e-13     2.752557152e-12     2.646230736e-12
50     -7.46919133e-14     1.918135876e-12     1.843443963e-12
51    -5.250272877e-14     1.337534404e-12     1.285031676e-12
52    -3.692777709e-14     9.332579635e-13     8.963301864e-13
53    -2.598815252e-14     6.515666593e-13     6.255785068e-13
54    -1.829941991e-14     4.551623087e-13     4.368628888e-13
55    -1.289223885e-14      3.18137219e-13     3.052449802e-13
56    -9.087377026e-15     2.224817622e-13     2.133943852e-13
57    -6.408532834e-15     1.556673706e-13     1.492588378e-13
58    -4.521471271e-15      1.08972259e-13     1.044507878e-13
59    -3.191492116e-15     7.632061968e-14     7.312912757e-14
60    -2.253683013e-15     5.347713947e-14     5.122345646e-14
61    -1.592097265e-15     3.748762641e-14     3.589552914e-14
62    -1.125167383e-15     2.629024935e-14     2.516508197e-14
63    -7.954793027e-16     1.844515336e-14     1.764967406e-14
64     -5.62598591e-16     1.294627288e-14     1.238367428e-14
65    -3.980343213e-16     9.090265416e-15     8.692231095e-15
66    -2.817013672e-16      6.38516842e-15     6.103467052e-15
67    -1.994337481e-16      4.48670018e-15     4.287266432e-15
68    -1.412357335e-16     3.153811891e-15     3.012576158e-15
69      -1.0005113e-16     2.217654745e-15     2.117603615e-15
70    -7.089675168e-17     1.559901096e-15     1.489004345e-15
71    -5.025199281e-17     1.097592017e-15     1.047340024e-15
72    -3.562859853e-17     7.725409536e-16     7.369123551e-16
73    -2.526729601e-17     5.439198382e-16     5.186525422e-16
74    -1.792378131e-17     3.830693337e-16     3.651455524e-16
75    -1.271767656e-17     2.698642842e-16     2.571466076e-16
76    -9.025884655e-18      1.90167175e-16     1.811412903e-16
77     -6.40726064e-18     1.340431236e-16      1.27635863e-16
78    -4.549382977e-18     9.450813997e-17     8.995875699e-17
79    -3.230926832e-18     6.665098284e-17     6.342005601e-17
80    -2.295056678e-18      4.70168639e-17     4.472180723e-17
81     -1.63060453e-18     3.317475451e-17     3.154414998e-17
82    -1.158751195e-18     2.341348422e-17     2.225473302e-17
83    -8.235985218e-19     1.652821881e-17     1.570462029e-17
84    -5.854938387e-19     1.167038659e-17     1.108489275e-17
85    -4.163017131e-19     8.242163172e-18     7.825861459e-18
86    -2.960540099e-19     5.822260493e-18     5.526206483e-18
87    -2.105757947e-19     4.113715742e-18     3.903139947e-18
88    -1.498023591e-19     2.907146981e-18     2.757344621e-18
89    -1.065858596e-19     2.054885758e-18     1.948299899e-18
90    -7.584891511e-20     1.452761578e-18     1.376912663e-18
91    -5.398413829e-20     1.027271017e-18      9.73286879e-19
92    -3.842804034e-20     7.265372317e-19     6.881091913e-19
93    -2.735860042e-20     5.139383757e-19     4.865797752e-19
94    -1.948056105e-20     3.636158431e-19      3.44135282e-19
95    -1.387296913e-20     2.573068959e-19     2.434339268e-19
96    -9.880894008e-21     1.821106259e-19     1.722297319e-19
97                   0                   0                   0
98                   0                   0                   0
99                   0                   0                   0
100                   0                   0                   0
101                   0                   0                   0
102                   0                   0                   0
103                   0                   0                   0
104                   0                   0                   0
105                   0                   0                   0
106                   0                   0                   0
107                   0                   0                   0
108                   0                   0                   0
109                   0                   0                   0
110                   0                   0                   0
111                   0                   0                   0
112                   0                   0                   0
113                   0                   0                   0
114                   0                   0                   0
115                   0                   0                   0
116                   0                   0                   0
117                   0                   0                   0
118                   0                   0                   0
119                   0                   0                   0
120                   0                   0                   0
121                   0                   0                   0
122                   0                   0                   0
123                   0                   0                   0
124                   0                   0                   0
125                   0                   0                   0
126                   0                   0                   0
127                   0                   0                   0
128                   0                   0                   0
129                   0                   0                   0
130                   0                   0                   0
131                   0                   0                   0
132                   0                   0                   0
133                   0                   0                   0
134                   0                   0                   0
135                   0                   0                   0
136                   0                   0                   0
137                   0                   0                   0
138                   0                   0                   0
139                   0                   0                   0
140                   0                   0                   0
141                   0                   0                   0
142                   0                   0                   0
143                   0                   0                   0
144                   0                   0                   0
145                   0                   0                   0
146                   0                   0                   0
147                   0                   0                   0
148                   0                   0                   0
149                   0                   0                   0
150                   0                   0                   0
151                   0                   0                   0
152                   0                   0                   0
153                   0                   0                   0
154                   0                   0                   0
155                   0                   0                   0
156                   0                   0                   0
157                   0                   0                   0
158                   0                   0                   0
159                   0                   0                   0
160                   0                   0                   0
161                   0                   0                   0
162                   0                   0                   0
163                   0                   0                   0
164                   0                   0                   0
165                   0                   0                   0
166                   0                   0                   0
167                   0                   0                   0
168                   0                   0                   0
169                   0                   0                   0
170                   0                   0                   0
171                   0                   0                   0
172                   0                   0                   0
173                   0                   0                   0
174                   0                   0                   0
175                   0                   0                   0
176                   0                   0                   0
177                   0                   0                   0
178                   0                   0                   0
179                   0                   0                   0
180                   0                   0                   0
181                   0                   0                   0
182                   0                   0                   0
183                   0                   0                   0
184                   0                   0                   0
185                   0                   0                   0
186                   0                   0                   0
187                   0                   0                   0
188                   0                   0                   0
189                   0                   0                   0
190                   0                   0                   0
191                   0                   0                   0
