
0                   0                   0                   0
1      0.005658376276       0.04456789543       0.05022627171
2     -0.001280731228      0.007310952187      0.006030220959
3    -0.0002583055214      0.001915615934      0.001657310412
4    -6.426683321e-05     0.0006933223872      0.000629055554
5    -2.116487152e-05     0.0003036876776     0.0002825228061
6    -8.571152829e-06     0.0001490246482     0.0001404534954
7    -3.973957535e-06     7.865339201e-05     7.467943447e-05
8     -2.01524896e-06     4.364963826e-05      4.16343893e-05
9     -1.08767258e-06      2.51265901e-05     2.403891752e-05
10    -6.142820884e-07     1.487145435e-05     1.425717226e-05
11    -3.590076787e-07     8.995612302e-06     8.636604624e-06
12     -2.15467228e-07      5.53742368e-06     5.321956452e-06
13    -1.320777254e-07     3.457940121e-06     3.325862396e-06
14    -8.235854867e-08     2.185376188e-06     2.103017639e-06
15    -5.208469264e-08     1.395193484e-06     1.343108792e-06
16    -3.332954719e-08      8.98486773e-07     8.651572258e-07
17    -2.154177329e-08     5.829783605e-07     5.614365872e-07
18    -1.404243946e-08     3.807548393e-07     3.667123999e-07
19    -9.221684426e-09     2.501219634e-07     2.409002789e-07
20     -6.09501092e-09     1.651540594e-07     1.590590485e-07
21    -4.051322159e-09      1.09551924e-07     1.055006018e-07
22     -2.70641773e-09     7.296963838e-08     7.026322065e-08
23    -1.816063272e-09     4.878461682e-08     4.696855355e-08
24    -1.223498436e-09     3.272600123e-08      3.15025028e-08
25    -8.272551526e-10     2.202128967e-08     2.119403452e-08
26    -5.611647017e-10     1.486000902e-08     1.429884431e-08
27    -3.817920856e-10      1.00536179e-08     9.671825813e-09
28    -2.604573132e-10     6.818121135e-09     6.557663822e-09
29    -1.781231618e-10     4.634127833e-09     4.456004671e-09
30    -1.220931359e-10      3.15618637e-09     3.034093234e-09
31    -8.386328032e-11     2.153705198e-09     2.069841917e-09
32     -5.77156257e-11     1.472254234e-09     1.414538608e-09
33     -3.97918803e-11     1.008095657e-09     9.683037767e-10
34     -2.74801975e-11      6.91348906e-10     6.638687085e-10
35    -1.900727718e-11     4.748187451e-10     4.558114679e-10
36    -1.316587618e-11     3.265544566e-10     3.133885804e-10
37     -9.13206003e-12     2.248774882e-10     2.157454281e-10
38    -6.342199739e-12     1.550484014e-10     1.487062017e-10
39     -4.40990814e-12     1.070262926e-10     1.026163845e-10
40    -3.069777111e-12     7.395862032e-11     7.088884321e-11
41    -2.139161631e-12     5.116083021e-11     4.902166858e-11
42    -1.492154866e-12     3.542534038e-11     3.393318551e-11
43    -1.041822878e-12     2.455257437e-11     2.351075149e-11
44    -7.280506126e-13     1.703205325e-11     1.630400264e-11
45    -5.092096342e-13     1.182512497e-11     1.131591534e-11
46    -3.564348688e-13     8.216678261e-12     7.860243392e-12
47    -2.496863606e-13     5.713770914e-12     5.464084554e-12
48    -1.750347545e-13     3.976221759e-12     3.801187004e-12
49    -1.227873107e-13     2.769018046e-12     2.646230736e-12
50     -8.61922718e-14     1.929636235e-12     1.843443963e-12
51    -6.054184617e-14     1.345573522e-12     1.285031676e-12
52    -4.255035513e-14     9.388805415e-13     8.963301864e-13
53    -2.992260512e-14     6.555011119e-13     6.255785068e-13
54    -2.105394591e-14     4.579168347e-13     4.368628888e-13
55    -1.482160928e-14     3.200665894e-13     3.052449802e-13
56    -1.043939788e-14     2.238337831e-13     2.133943852e-13
57    -7.356391093e-15     1.566152289e-13     1.492588378e-13
58    -5.186268495e-15     1.096370562e-13     1.044507878e-13
59    -3.657952383e-15     7.678707995e-14     7.312912757e-14
60    -2.581109602e-15     5.380456606e-14     5.122345646e-14
61    -1.822019785e-15     3.771754893e-14     3.589552914e-14
62    -1.286682085e-15     2.645176406e-14     2.516508197e-14
63    -9.089805295e-16     1.855865459e-14     1.764967406e-14
64     -6.42387436e-16     1.302606172e-14     1.238367428e-14
65    -4.541432961e-16     9.146374391e-15     8.692231095e-15
66    -3.211713218e-16     6.424638374e-15     6.103467052e-15
67    -2.272079033e-16     4.514474335e-15     4.287266432e-15
68    -1.607859245e-16     3.173362082e-15     3.012576158e-15
69    -1.138166689e-16     2.231420284e-15     2.117603615e-15
70    -8.059210892e-17     1.569596454e-15     1.489004345e-15
71    -5.708259915e-17     1.104422623e-15     1.047340024e-15
72    -4.044226672e-17     7.773546218e-16     7.369123551e-16
73    -2.866050995e-17     5.473130522e-16     5.186525422e-16
74    -2.031633343e-17     3.854618858e-16     3.651455524e-16
75    -1.440509831e-17     2.715517059e-16     2.571466076e-16
76    -1.021629051e-17     1.913575808e-16     1.811412903e-16
77     -7.24724824e-18     1.348831112e-16      1.27635863e-16
78    -5.142246084e-18     9.510100307e-17     8.995875699e-17
79    -3.649466992e-18       6.7069523e-17     6.342005601e-17
80    -2.590598214e-18     4.731240544e-17     4.472180723e-17
81    -1.839339978e-18     3.338348996e-17     3.154414998e-17
82    -1.306209039e-18     2.356094206e-17     2.225473302e-17
83    -9.277897892e-19     1.663241008e-17     1.570462029e-17
84    -6.591288548e-19      1.17440216e-17     1.108489275e-17
85    -4.683522254e-19     8.294213684e-18     7.825861459e-18
86    -3.328542954e-19     5.859060778e-18     5.526206483e-18
87    -2.365990124e-19      4.13973896e-18     3.903139947e-18
88    -1.682080687e-19      2.92555269e-18     2.757344621e-18
89    -1.196062526e-19     2.067906151e-18     1.948299899e-18
90    -8.506133728e-20        1.461974e-18     1.376912663e-18
91    -6.050342523e-20     1.033790304e-18      9.73286879e-19
92    -4.304229172e-20     7.311514831e-19     6.881091913e-19
93    -3.062504816e-20     5.172048234e-19     4.865797752e-19
94    -2.179327516e-20     3.659285572e-19      3.44135282e-19
95    -1.551068471e-20     2.589446115e-19     2.434339268e-19
96    -1.104080284e-20     1.832705348e-19     1.722297319e-19
97                   0                   0                   0
98                   0                   0                   0
99                   0                   0                   0
100                   0                   0                   0
101                   0                   0                   0
102                   0                   0                   0
103                   0                   0                   0
104                   0                   0                   0
105                   0                   0                   0
106                   0                   0                   0
107                   0                   0                   0
108                   0                   0                   0
109                   0                   0                   0
110                   0                   0                   0
111                   0                   0                   0
112                   0                   0                   0
113                   0                   0                   0
114                   0                   0                   0
115                   0                   0                   0
116                   0                   0                   0
117                   0                   0                   0
118                   0                   0                   0
119                   0                   0                   0
120                   0                   0                   0
121                   0                   0                   0
122                   0                   0                   0
123                   0                   0                   0
124                   0                   0                   0
125                   0                   0                   0
126                   0                   0                   0
127                   0                   0                   0
128                   0                   0                   0
129                   0                   0                   0
130                   0                   0                   0
131                   0                   0                   0
132                   0                   0                   0
133                   0                   0                   0
134                   0                   0                   0
135                   0                   0                   0
136                   0                   0                   0
137                   0                   0                   0
138                   0                   0                   0
139                   0                   0                   0
140                   0                   0                   0
141                   0                   0                   0
142                   0                   0                   0
143                   0                   0                   0
144                   0                   0                   0
145                   0                   0                   0
146                   0                   0                   0
147                   0                   0                   0
148                   0                   0                   0
149                   0                   0                   0
150                   0                   0                   0
151                   0                   0                   0
152                   0                   0                   0
153                   0                   0                   0
154                   0                   0                   0
155                   0                   0                   0
156                   0                   0                   0
157                   0                   0                   0
158                   0                   0                   0
159                   0                   0                   0
160                   0                   0                   0
161                   0                   0                   0
162                   0                   0                   0
163                   0                   0                   0
164                   0                   0                   0
165                   0                   0                   0
166                   0                   0                   0
167                   0                   0                   0
168                   0                   0                   0
169                   0                   0                   0
170                   0                   0                   0
171                   0                   0                   0
172                   0                   0                   0
173                   0                   0                   0
174                   0                   0                   0
175                   0                   0                   0
176                   0                   0                   0
177                   0                   0                   0
178                   0                   0                   0
179                   0                   0                   0
180                   0                   0                   0
181                   0                   0                   0
182                   0                   0                   0
183                   0                   0                   0
184                   0                   0                   0
185                   0                   0                   0
186                   0                   0                   0
187                   0                   0                   0
188                   0                   0                   0
189                   0                   0                   0
190                   0                   0                   0
191                   0                   0                   0
