
0                   0                   0                   0
1       0.01986453198       0.03079605937       0.05066059135
2    -0.0001508091393       0.00648338265      0.006332573511
3    -0.0001395464896      0.002015864242      0.001876317752
4    -4.523741972e-05     0.0008368087068      0.000791571287
5    -1.603882527e-05     0.0004213231028     0.0004052842775
6    -6.568851437e-06     0.0002411081743     0.0002345393228
7    -3.049304428e-06     0.0001507473716     0.0001476980671
8    -1.563193249e-06     0.0001005092131     9.894601985e-05
9    -8.663242167e-07     7.035914558e-05     6.949282136e-05
10    -5.108827199e-07     5.117103125e-05     5.066014853e-05
11    -3.168551334e-07     3.837846682e-05     3.806161169e-05
12    -2.048816249e-07     2.952191544e-05     2.931703382e-05
13     -1.37198582e-07      2.31957485e-05     2.305854992e-05
14    -9.465478552e-08     1.855653606e-05     1.846188128e-05
15     -6.70023946e-08     1.507711691e-05     1.501011451e-05
16    -4.850072975e-08     1.241638034e-05     1.236787961e-05
17    -3.580427588e-08     1.034691671e-05     1.031111244e-05
18    -2.689500371e-08     8.713128896e-06     8.686233892e-06
19    -2.051818024e-08     7.406098422e-06     7.385580242e-06
20     -1.58724268e-08      6.34802617e-06     6.332153744e-06
21    -1.243350075e-08     5.482330854e-06     5.469897353e-06
22    -9.850994743e-09     4.767191467e-06     4.757340472e-06
23    -7.886098188e-09     4.171242226e-06     4.163356128e-06
24    -6.373160404e-09     3.670645121e-06     3.664271961e-06
25    -5.195415662e-09     3.247063212e-06     3.241867796e-06
26    -4.269336407e-09      2.88623443e-06     2.881965094e-06
27    -3.534358166e-09     2.576952862e-06     2.573418504e-06
28    -2.946015518e-09     2.310331056e-06     2.307385041e-06
29    -2.471283891e-09     2.079259051e-06     2.076787767e-06
30    -2.085371914e-09     1.878003007e-06     1.875917635e-06
31    -1.769482586e-09     1.701904178e-06     1.700134695e-06
32    -1.509230901e-09     1.547150862e-06     1.545641631e-06
33    -1.293512266e-09     1.410604012e-06       1.4093105e-06
34    -1.113684398e-09     1.289662702e-06     1.288549018e-06
35    -9.629697627e-10     1.182159494e-06     1.181196524e-06
36    -8.360148826e-10     1.086278426e-06     1.085442411e-06
37    -7.285623884e-10     1.000490267e-06     9.997617049e-07
38     -6.37204877e-10     9.235010538e-07     9.228638489e-07
39    -5.591986816e-10     8.542109154e-07     8.536517168e-07
40    -4.923218948e-10     7.916809391e-07     7.911886172e-07
41    -4.347653488e-10     7.351063421e-07     7.346715767e-07
42    -3.850483274e-10     6.837946369e-07     6.834095886e-07
43    -3.419529782e-10     6.371477663e-07     6.368058133e-07
44     -3.04472959e-10      5.94647414e-07     5.943429411e-07
45    -2.717729935e-10     5.558428702e-07     5.555710973e-07
46    -2.431568407e-10     5.203409627e-07     5.200978058e-07
47    -2.180417917e-10     4.877976655e-07     4.875796237e-07
48    -1.959382594e-10     4.579110786e-07     4.577151403e-07
49    -1.764333661e-10     4.304155299e-07     4.302390965e-07
50    -1.591776823e-10     4.050766028e-07     4.049174251e-07
51    -1.438744648e-10     3.816869289e-07     3.815430544e-07
52    -1.302708858e-10     3.600626154e-07     3.599323445e-07
53    -1.181508541e-10     3.400402022e-07     3.399220513e-07
54    -1.073291176e-10      3.21474061e-07     3.213667319e-07
55    -9.764639847e-11     3.042341667e-07     3.041365203e-07
56    -8.896536721e-11      2.88204181e-07     2.881152157e-07
57    -8.116729741e-11     2.732798008e-07     2.731986335e-07
58    -7.414927813e-11     2.593673298e-07     2.592931805e-07
59    -6.782188256e-11     2.463824416e-07     2.463146197e-07
60    -6.210721243e-11      2.34249104e-07     2.341869968e-07
61    -5.693725253e-11      2.22898643e-07     2.228417057e-07
62    -5.225248209e-11     2.122689248e-07     2.122166723e-07
63    -4.800069967e-11     2.023036407e-07       2.0225564e-07
64    -4.413602583e-11     1.929516799e-07     1.929075439e-07
65                   0                   0                   0
66                   0                   0                   0
67                   0                   0                   0
68                   0                   0                   0
69                   0                   0                   0
70                   0                   0                   0
71                   0                   0                   0
72                   0                   0                   0
73                   0                   0                   0
74                   0                   0                   0
75                   0                   0                   0
76                   0                   0                   0
77                   0                   0                   0
78                   0                   0                   0
79                   0                   0                   0
80                   0                   0                   0
81                   0                   0                   0
82                   0                   0                   0
83                   0                   0                   0
84                   0                   0                   0
85                   0                   0                   0
86                   0                   0                   0
87                   0                   0                   0
88                   0                   0                   0
89                   0                   0                   0
90                   0                   0                   0
91                   0                   0                   0
92                   0                   0                   0
93                   0                   0                   0
94                   0                   0                   0
95                   0                   0                   0
96                   0                   0                   0
97                   0                   0                   0
98                   0                   0                   0
99                   0                   0                   0
100                   0                   0                   0
101                   0                   0                   0
102                   0                   0                   0
103                   0                   0                   0
104                   0                   0                   0
105                   0                   0                   0
106                   0                   0                   0
107                   0                   0                   0
108                   0                   0                   0
109                   0                   0                   0
110                   0                   0                   0
111                   0                   0                   0
112                   0                   0                   0
113                   0                   0                   0
114                   0                   0                   0
115                   0                   0                   0
116                   0                   0                   0
117                   0                   0                   0
118                   0                   0                   0
119                   0                   0                   0
120                   0                   0                   0
121                   0                   0                   0
122                   0                   0                   0
123                   0                   0                   0
124                   0                   0                   0
125                   0                   0                   0
126                   0                   0                   0
127                   0                   0                   0
