
0                   0                   0                   0
1      0.006017527378       0.04464306397       0.05066059135
2     -0.001208921141      0.007541494651      0.006332573511
3    -0.0002362497639      0.002112567516      0.001876317752
4    -5.571514094e-05      0.000847286428      0.000791571287
5     -1.74001193e-05     0.0004226843968     0.0004052842775
6     -6.78712047e-06     0.0002413264433     0.0002345393228
7    -3.093551014e-06     0.0001507916181     0.0001476980671
8    -1.574467973e-06     0.0001005204878     9.894601985e-05
9    -8.698098129e-07     7.036263117e-05     6.949282136e-05
10    -5.121346358e-07     5.117228316e-05     5.066014853e-05
11    -3.173592995e-07     3.837897099e-05     3.806161169e-05
12    -2.051036328e-07     2.952213745e-05     2.931703382e-05
13    -1.373036363e-07     2.319585356e-05     2.305854992e-05
14    -9.470754695e-08     1.855658882e-05     1.846188128e-05
15    -6.703025944e-08     1.507714477e-05     1.501011451e-05
16     -4.85160947e-08     1.241639571e-05     1.236787961e-05
17    -3.581307181e-08     1.034692551e-05     1.031111244e-05
18    -2.690020756e-08       8.7131341e-06     8.686233892e-06
19    -2.052135008e-08     7.406101592e-06     7.385580242e-06
20    -1.587440867e-08     6.348028152e-06     6.332153744e-06
21    -1.243476935e-08     5.482332123e-06     5.469897353e-06
22    -9.851824331e-09     4.767192297e-06     4.757340472e-06
23    -7.886651424e-09     4.171242779e-06     4.163356128e-06
24    -6.373536103e-09     3.670645497e-06     3.664271961e-06
25    -5.195675162e-09     3.247063472e-06     3.241867796e-06
26    -4.269518545e-09     2.886234613e-06     2.881965094e-06
27    -3.534487983e-09     2.576952992e-06     2.573418504e-06
28    -2.946109432e-09      2.31033115e-06     2.307385041e-06
29     -2.47135283e-09      2.07925912e-06     2.076787767e-06
30     -2.08542326e-09     1.878003058e-06     1.875917635e-06
31    -1.769521392e-09     1.701904217e-06     1.700134695e-06
32    -1.509260667e-09     1.547150892e-06     1.545641631e-06
33    -1.293535446e-09     1.410604035e-06       1.4093105e-06
34     -1.11370273e-09      1.28966272e-06     1.288549018e-06
35    -9.629844918e-10     1.182159508e-06     1.181196524e-06
36    -8.360269081e-10     1.086278438e-06     1.085442411e-06
37     -7.28572366e-10     1.000490277e-06     9.997617049e-07
38    -6.372132891e-10     9.235010622e-07     9.228638489e-07
39     -5.59205886e-10     8.542109226e-07     8.536517168e-07
40    -4.923281589e-10     7.916809454e-07     7.911886172e-07
41    -4.347708739e-10     7.351063476e-07     7.346715767e-07
42    -3.850532662e-10     6.837946418e-07     6.834095886e-07
43    -3.419574473e-10     6.371477708e-07     6.368058133e-07
44    -3.044770481e-10     5.946474181e-07     5.943429411e-07
45     -2.71776772e-10      5.55842874e-07     5.555710973e-07
46    -2.431603628e-10     5.203409662e-07     5.200978058e-07
47    -2.180450997e-10     4.877976688e-07     4.875796237e-07
48    -1.959413868e-10     4.579110817e-07     4.577151403e-07
49    -1.764363395e-10     4.304155328e-07     4.302390965e-07
50    -1.591805229e-10     4.050766056e-07     4.049174251e-07
51    -1.438771899e-10     3.816869316e-07     3.815430544e-07
52    -1.302735091e-10     3.600626181e-07     3.599323445e-07
53     -1.18153387e-10     3.400402047e-07     3.399220513e-07
54    -1.073315694e-10     3.214740634e-07     3.213667319e-07
55    -9.764877696e-11     3.042341691e-07     3.041365203e-07
56    -8.896767876e-11     2.882041834e-07     2.881152157e-07
57    -8.116954743e-11      2.73279803e-07     2.731986335e-07
58     -7.41514712e-11      2.59367332e-07     2.592931805e-07
59    -6.782402259e-11     2.463824437e-07     2.463146197e-07
60    -6.210930278e-11     2.342491061e-07     2.341869968e-07
61    -5.693929612e-11      2.22898645e-07     2.228417057e-07
62    -5.225448148e-11     2.122689268e-07     2.122166723e-07
63    -4.800265709e-11     2.023036427e-07       2.0225564e-07
64    -4.413794329e-11     1.929516818e-07     1.929075439e-07
65                   0                   0                   0
66                   0                   0                   0
67                   0                   0                   0
68                   0                   0                   0
69                   0                   0                   0
70                   0                   0                   0
71                   0                   0                   0
72                   0                   0                   0
73                   0                   0                   0
74                   0                   0                   0
75                   0                   0                   0
76                   0                   0                   0
77                   0                   0                   0
78                   0                   0                   0
79                   0                   0                   0
80                   0                   0                   0
81                   0                   0                   0
82                   0                   0                   0
83                   0                   0                   0
84                   0                   0                   0
85                   0                   0                   0
86                   0                   0                   0
87                   0                   0                   0
88                   0                   0                   0
89                   0                   0                   0
90                   0                   0                   0
91                   0                   0                   0
92                   0                   0                   0
93                   0                   0                   0
94                   0                   0                   0
95                   0                   0                   0
96                   0                   0                   0
97                   0                   0                   0
98                   0                   0                   0
99                   0                   0                   0
100                   0                   0                   0
101                   0                   0                   0
102                   0                   0                   0
103                   0                   0                   0
104                   0                   0                   0
105                   0                   0                   0
106                   0                   0                   0
107                   0                   0                   0
108                   0                   0                   0
109                   0                   0                   0
110                   0                   0                   0
111                   0                   0                   0
112                   0                   0                   0
113                   0                   0                   0
114                   0                   0                   0
115                   0                   0                   0
116                   0                   0                   0
117                   0                   0                   0
118                   0                   0                   0
119                   0                   0                   0
120                   0                   0                   0
121                   0                   0                   0
122                   0                   0                   0
123                   0                   0                   0
124                   0                   0                   0
125                   0                   0                   0
126                   0                   0                   0
127                   0                   0                   0
