
0                   0                   0                   0
1       0.01986457141       0.03079602038       0.05066059179
2    -0.0001508022327      0.006483376176      0.006332573944
3    -0.0001395446351      0.002015862792      0.001876318157
4    -4.523670962e-05     0.0008368083987     0.0007915716891
5    -1.603848275e-05     0.0004213231594     0.0004052846767
6     -6.56866091e-06       0.00024110838      0.000234539719
7    -3.049188037e-06     0.0001507476488     0.0001476984607
8    -1.563117462e-06     0.0001005095284      9.89464109e-05
9    -8.662725669e-07     7.035948251e-05     6.949320994e-05
10     -5.10846331e-07     5.117138104e-05     5.066053471e-05
11    -3.168288697e-07      3.83788244e-05     3.806199553e-05
12    -2.048623444e-07     2.952227772e-05     2.931741537e-05
13    -1.371842736e-07     2.319611352e-05     2.305892924e-05
14    -9.464411383e-08     1.855690253e-05     1.846225841e-05
15    -6.699444274e-08     1.507748395e-05     1.501048951e-05
16    -4.849485236e-08     1.241674735e-05      1.23682525e-05
17    -3.580000767e-08     1.034728327e-05     1.031148327e-05
18    -2.689200232e-08     8.713494693e-06     8.686602691e-06
19    -2.051618921e-08     7.406463236e-06     7.385947047e-06
20    -1.587125092e-08     6.348389838e-06     6.332518587e-06
21    -1.243298931e-08     5.482693255e-06     5.470260266e-06
22    -9.851029883e-09     4.767552512e-06     4.757701482e-06
23     -7.88658666e-09      4.17160185e-06     4.163715264e-06
24    -6.374027655e-09     3.671003276e-06     3.664629248e-06
25    -5.196601501e-09     3.247419863e-06     3.242223262e-06
26    -4.270791816e-09     2.886589553e-06     2.882318761e-06
27    -3.536042894e-09     2.577306439e-06     2.573770396e-06
28    -2.947896267e-09     2.310683077e-06     2.307735181e-06
29    -2.473332919e-09      2.07960951e-06     2.077136177e-06
30    -2.087565962e-09     1.878351901e-06     1.876264335e-06
31    -1.771802036e-09     1.702251508e-06     1.700479706e-06
32     -1.51165911e-09     1.547496632e-06     1.545984973e-06
33    -1.296035042e-09     1.410948226e-06      1.40965219e-06
34     -1.11628958e-09     1.290005365e-06     1.288889076e-06
35    -9.656468802e-10     1.182500615e-06     1.181534968e-06
36    -8.387548817e-10     1.086618012e-06     1.085779258e-06
37    -7.313572823e-10     1.000828328e-06     1.000096971e-06
38    -6.400480658e-10     9.238375993e-07     9.231975512e-07
39    -5.620840451e-10     8.545459551e-07      8.53983871e-07
40    -4.952441708e-10     7.920144831e-07     7.915192389e-07
41    -4.377199022e-10     7.354384009e-07      7.35000681e-07
42    -3.880310629e-10     6.841252212e-07     6.837371901e-07
43    -3.449602665e-10     6.374768868e-07     6.371319265e-07
44    -3.075015746e-10     5.949750815e-07     5.946675799e-07
45     -2.74820062e-10     5.561690956e-07     5.558942755e-07
46    -2.462197934e-10     5.206657567e-07     5.204195369e-07
47    -2.211183296e-10      4.88121039e-07     4.878999206e-07
48    -1.990263169e-10     4.582330423e-07     4.580340159e-07
49     -1.79531085e-10     4.307360944e-07     4.305565633e-07
50    -1.622833868e-10     4.053957788e-07     4.052334954e-07
51    -1.469866409e-10     3.820047268e-07     3.818577402e-07
52    -1.333881624e-10     3.603790457e-07     3.602456576e-07
53    -1.212719874e-10     3.403552751e-07     3.402340031e-07
54    -1.104529772e-10     3.217877868e-07     3.216773338e-07
55    -1.007719552e-10     3.045465553e-07     3.044457834e-07
56    -9.209168237e-11     2.885152425e-07     2.884231508e-07
57    -8.429351355e-11     2.735895449e-07     2.735052514e-07
58     -7.72746107e-11     2.596757663e-07     2.595984917e-07
59    -7.094561264e-11       2.4668958e-07     2.466186344e-07
60    -6.522868026e-11     2.345549538e-07     2.344897251e-07
61     -6.00558518e-11     2.232032135e-07     2.231431577e-07
62    -5.536765485e-11     2.125722253e-07     2.125168576e-07
63    -5.111193176e-11     2.026056803e-07     2.025545683e-07
64    -4.724284289e-11     1.932524674e-07     1.932052246e-07
65                   0                   0                   0
66                   0                   0                   0
67                   0                   0                   0
68                   0                   0                   0
69                   0                   0                   0
70                   0                   0                   0
71                   0                   0                   0
72                   0                   0                   0
73                   0                   0                   0
74                   0                   0                   0
75                   0                   0                   0
76                   0                   0                   0
77                   0                   0                   0
78                   0                   0                   0
79                   0                   0                   0
80                   0                   0                   0
81                   0                   0                   0
82                   0                   0                   0
83                   0                   0                   0
84                   0                   0                   0
85                   0                   0                   0
86                   0                   0                   0
87                   0                   0                   0
88                   0                   0                   0
89                   0                   0                   0
90                   0                   0                   0
91                   0                   0                   0
92                   0                   0                   0
93                   0                   0                   0
94                   0                   0                   0
95                   0                   0                   0
96                   0                   0                   0
97                   0                   0                   0
98                   0                   0                   0
99                   0                   0                   0
100                   0                   0                   0
101                   0                   0                   0
102                   0                   0                   0
103                   0                   0                   0
104                   0                   0                   0
105                   0                   0                   0
106                   0                   0                   0
107                   0                   0                   0
108                   0                   0                   0
109                   0                   0                   0
110                   0                   0                   0
111                   0                   0                   0
112                   0                   0                   0
113                   0                   0                   0
114                   0                   0                   0
115                   0                   0                   0
116                   0                   0                   0
117                   0                   0                   0
118                   0                   0                   0
119                   0                   0                   0
120                   0                   0                   0
121                   0                   0                   0
122                   0                   0                   0
123                   0                   0                   0
124                   0                   0                   0
125                   0                   0                   0
126                   0                   0                   0
127                   0                   0                   0
