
0                   0                   0                   0
1      0.006017547529       0.04464304426       0.05066059179
2     -0.001208916944      0.007541490888      0.006332573944
3    -0.0002362483774      0.002112566535      0.001876318157
4    -5.571453523e-05     0.0008472862243     0.0007915716891
5    -1.739980722e-05     0.0004226844839     0.0004052846767
6    -6.786941111e-06     0.0002413266602      0.000234539719
7     -3.09343949e-06     0.0001507919002     0.0001476984607
8    -1.574394584e-06     0.0001005208055      9.89464109e-05
9    -8.697594557e-07      7.03629694e-05     6.949320994e-05
10    -5.120989922e-07      5.11726337e-05     5.066053471e-05
11    -3.173334886e-07     3.837932902e-05     3.806199553e-05
12     -2.05084639e-07     2.952250001e-05     2.931741537e-05
13    -1.372895157e-07     2.319621876e-05     2.305892924e-05
14    -9.469700149e-08     1.855695541e-05     1.846225841e-05
15    -6.702239427e-08      1.50775119e-05     1.501048951e-05
16    -4.851027783e-08     1.241676278e-05      1.23682525e-05
17    -3.580884638e-08     1.034729211e-05     1.031148327e-05
18    -2.689723664e-08     8.713499928e-06     8.686602691e-06
19    -2.051938082e-08     7.406466428e-06     7.385947047e-06
20    -1.587324833e-08     6.348391835e-06     6.332518587e-06
21     -1.24342689e-08     5.482694535e-06     5.470260266e-06
22    -9.851867113e-09      4.76755335e-06     4.757701482e-06
23    -7.887145046e-09     4.171602409e-06     4.163715264e-06
24    -6.374406631e-09     3.671003655e-06     3.664629248e-06
25    -5.196862862e-09     3.247420125e-06     3.242223262e-06
26    -4.270974737e-09     2.886589736e-06     2.882318761e-06
27     -3.53617267e-09     2.577306569e-06     2.573770396e-06
28    -2.947989507e-09      2.31068317e-06     2.307735181e-06
29    -2.473400702e-09     2.079609578e-06     2.077136177e-06
30    -2.087615782e-09     1.878351951e-06     1.876264335e-06
31    -1.771839032e-09     1.702251545e-06     1.700479706e-06
32    -1.511686852e-09     1.547496659e-06     1.545984973e-06
33    -1.296056037e-09     1.410948246e-06      1.40965219e-06
34    -1.116305609e-09     1.290005381e-06     1.288889076e-06
35    -9.656592201e-10     1.182500627e-06     1.181534968e-06
36     -8.38764459e-10     1.086618022e-06     1.085779258e-06
37    -7.313647737e-10     1.000828336e-06     1.000096971e-06
38    -6.400539704e-10     9.238376052e-07     9.231975512e-07
39    -5.620887339e-10     8.545459597e-07      8.53983871e-07
40    -4.952479217e-10     7.920144868e-07     7.915192389e-07
41    -4.377229248e-10     7.354384039e-07      7.35000681e-07
42    -3.880335166e-10     6.841252236e-07     6.837371901e-07
43     -3.44962273e-10     6.374768888e-07     6.371319265e-07
44    -3.075032276e-10     5.949750832e-07     5.946675799e-07
45    -2.748214342e-10      5.56169097e-07     5.558942755e-07
46    -2.462209412e-10     5.206657578e-07     5.204195369e-07
47    -2.211192972e-10     4.881210399e-07     4.878999206e-07
48     -1.99027139e-10     4.582330431e-07     4.580340159e-07
49    -1.795317892e-10     4.307360951e-07     4.305565633e-07
50     -1.62283995e-10     4.053957794e-07     4.052334954e-07
51    -1.469871703e-10     3.820047274e-07     3.818577402e-07
52    -1.333886271e-10     3.603790462e-07     3.602456576e-07
53    -1.212723987e-10     3.403552755e-07     3.402340031e-07
54    -1.104533441e-10     3.217877871e-07     3.216773338e-07
55    -1.007722851e-10     3.045465557e-07     3.044457834e-07
56    -9.209198125e-11     2.885152428e-07     2.884231508e-07
57    -8.429378635e-11     2.735895452e-07     2.735052514e-07
58    -7.727486143e-11     2.596757665e-07     2.595984917e-07
59    -7.094584462e-11     2.466895802e-07     2.466186344e-07
60    -6.522889624e-11      2.34554954e-07     2.344897251e-07
61    -6.005605405e-11     2.232032137e-07     2.231431577e-07
62    -5.536784526e-11     2.125722255e-07     2.125168576e-07
63    -5.111211191e-11     2.026056804e-07     2.025545683e-07
64     -4.72430141e-11     1.932524676e-07     1.932052246e-07
65                   0                   0                   0
66                   0                   0                   0
67                   0                   0                   0
68                   0                   0                   0
69                   0                   0                   0
70                   0                   0                   0
71                   0                   0                   0
72                   0                   0                   0
73                   0                   0                   0
74                   0                   0                   0
75                   0                   0                   0
76                   0                   0                   0
77                   0                   0                   0
78                   0                   0                   0
79                   0                   0                   0
80                   0                   0                   0
81                   0                   0                   0
82                   0                   0                   0
83                   0                   0                   0
84                   0                   0                   0
85                   0                   0                   0
86                   0                   0                   0
87                   0                   0                   0
88                   0                   0                   0
89                   0                   0                   0
90                   0                   0                   0
91                   0                   0                   0
92                   0                   0                   0
93                   0                   0                   0
94                   0                   0                   0
95                   0                   0                   0
96                   0                   0                   0
97                   0                   0                   0
98                   0                   0                   0
99                   0                   0                   0
100                   0                   0                   0
101                   0                   0                   0
102                   0                   0                   0
103                   0                   0                   0
104                   0                   0                   0
105                   0                   0                   0
106                   0                   0                   0
107                   0                   0                   0
108                   0                   0                   0
109                   0                   0                   0
110                   0                   0                   0
111                   0                   0                   0
112                   0                   0                   0
113                   0                   0                   0
114                   0                   0                   0
115                   0                   0                   0
116                   0                   0                   0
117                   0                   0                   0
118                   0                   0                   0
119                   0                   0                   0
120                   0                   0                   0
121                   0                   0                   0
122                   0                   0                   0
123                   0                   0                   0
124                   0                   0                   0
125                   0                   0                   0
126                   0                   0                   0
127                   0                   0                   0
