
0                             0                             0                             0
1           0.01986457962477721           0.03079601219132909           0.05066059181610631
2        -0.0001508008113758966          0.006483374783997369          0.006332573972621472
3        -0.0001395442472100258          0.002015862449411768          0.001876318202201742
4        -4.523656076732487e-05          0.000836808294575484         0.0007915717338081591
5        -1.603841066337772e-05         0.0004213231318687303         0.0004052847212053526
6        -6.568620295619999e-06         0.0002411083839139366         0.0002345397636183166
7        -3.049162908150678e-06         0.0001507476680371777          0.000147698505129027
8        -1.563100815533857e-06         0.0001005095559469064         9.894645513137258e-05
9         -8.66260968710578e-07         7.035951497373952e-05         6.949325400502894e-05
10         -5.10837918398634e-07         5.117141652953562e-05         5.066057861113699e-05
11        -3.168225742770323e-07         3.837886185069314e-05         3.806203927641611e-05
12        -2.048575099365731e-07         2.952231647565898e-05         2.931745896572241e-05
13        -1.371804802064758e-07         2.319615316342558e-05          2.30589726832191e-05
14        -9.464108170944955e-08         1.855694278744783e-05         1.846230170573838e-05
15        -6.699198116949974e-08          1.50775246349968e-05          1.50105326538273e-05
16        -4.849282655952674e-08         1.241678833223728e-05         1.236829550567776e-05
17        -3.579832044873729e-08         1.034732444759457e-05         1.031152612714583e-05
18         -2.68905821694943e-08         8.713535995362333e-06         8.686645413192838e-06
19        -2.051498256584044e-08         7.406504613968625e-06         7.385989631402785e-06
20        -1.587021710841428e-08         6.348431253184102e-06         6.332561036075687e-06
21        -1.243209674760954e-08         5.482734677508692e-06         5.470302580761082e-06
22        -9.850253959444771e-09         4.767593919245055e-06          4.75774366528561e-06
23        -7.885907839179445e-09         4.171643223722504e-06         4.163757315883325e-06
24        -6.373430471527596e-09         3.671044601998736e-06         3.664671171527209e-06
25        -5.196073330183199e-09         3.247461130514551e-06         3.242265057184367e-06
26        -4.270322416507939e-09         2.886630752818658e-06          2.88236043040215e-06
27        -3.535616487634826e-09         2.577347557086043e-06         2.573811940598408e-06
28        -2.947520638036475e-09         2.310724122221225e-06         2.307776601583188e-06
29        -2.472994902846545e-09         2.079650470483086e-06          2.07717747558024e-06
30        -2.087260699252275e-09         1.878392773396845e-06         1.876305512697593e-06
31        -1.771525427208553e-09         1.702292288919649e-06         1.700520763492441e-06
32        -1.511407678142717e-09         1.547537318748516e-06         1.546025911070374e-06
33        -1.295805821978157e-09           1.4109888170473e-06         1.409693011225322e-06
34        -1.116080031525263e-09         1.290045860009701e-06         1.288929779978176e-06
35         -9.65454814740572e-10         1.182541011050807e-06         1.181575556236067e-06
36        -8.385784078925568e-10         1.086658309738349e-06         1.085819731330457e-06
37        -7.311948827274689e-10         1.000868526198177e-06          1.00013733131545e-06
38        -6.398980578312125e-10         9.238776966682198e-07         9.232377986103886e-07
39         -5.61945301960219e-10         8.545859519311397e-07         8.540240066291795e-07
40        -4.951155915123288e-10         7.920543792282129e-07         7.915592636367006e-07
41        -4.376005185318107e-10         7.354781961891776e-07         7.350405956706458e-07
42        -3.879200188161397e-10          6.84164915650082e-07         6.837769956312658e-07
43        -3.448568032787204e-10         6.375164805110431e-07         6.371716237077644e-07
44        -3.074050178937736e-10         5.950145746158044e-07         5.947071695979107e-07
45        -2.747298108243439e-10         5.562084882609189e-07         5.559337584500946e-07
46        -2.461353113676978e-10         5.207050491504386e-07         5.204589138390709e-07
47        -2.210391343820897e-10         4.881602315242617e-07         4.879391923898796e-07
48         -1.98951977198904e-10         4.582721352247323e-07         4.580731832475334e-07
49        -1.794612121111278e-10         4.307750881125573e-07         4.305956269004461e-07
50        -1.622176302318119e-10         4.054346735938191e-07         4.052724559635873e-07
51         -1.46924683703419e-10         3.820435231429168e-07         3.818965984592134e-07
52        -1.333297176103306e-10         3.604177439161118e-07         3.602844141985014e-07
53        -1.212167947595208e-10         3.403938756078941e-07         3.402726588131346e-07
54        -1.104007999300679e-10          3.21826289945915e-07          3.21715889145985e-07
55        -1.007225778617381e-10         3.045849616870768e-07         3.044842391092151e-07
56        -9.204490834124415e-11         2.885535524558939e-07         2.884615075475526e-07
57        -8.424916314213817e-11         2.736277588813143e-07         2.735435097181722e-07
58        -7.723251742765421e-11           2.5971388471277e-07         2.596366521953423e-07
59        -7.090562991196016e-11         2.467276033328227e-07         2.466566977029107e-07
60        -6.519066766307513e-11         2.345928825337153e-07         2.345276918660522e-07
61         -6.00196821363364e-11         2.232410480710017e-07         2.231810283888653e-07
62        -5.533321102716774e-11          2.12609966102674e-07         2.125546328916468e-07
63          -5.1079105824988e-11         2.026433278344614e-07         2.025922487286364e-07
64        -4.721153348908864e-11          1.93290022205336e-07         1.932428106718469e-07
65        -4.369013701052799e-11         1.845035846211748e-07         1.844598944841643e-07
66        -4.047929474320231e-11         1.762417114864404e-07         1.762012321916972e-07
67         -3.75475190113267e-11          1.68465831882256e-07         1.684282843632447e-07
68        -3.486691725004988e-11         1.611407288812085e-07         1.611058619639585e-07
69        -3.241273814955737e-11          1.54234204149842e-07         1.542017914116925e-07
70        -3.016297898515554e-11         1.477167803405614e-07         1.476866173615763e-07
71        -2.809804710343945e-11         1.415614365515084e-07          1.41533338504405e-07
72        -2.620046691834979e-11         1.357433727769215e-07         1.357171723100032e-07
73        -2.445462599658273e-11         1.302397998223692e-07         1.302153451963727e-07
74        -2.284655456104362e-11         1.250297516290511e-07         1.250069050744901e-07
75        -2.136373355122232e-11         1.200939173533719e-07         1.200725536198207e-07
76        -1.999492733549645e-11         1.154144908928521e-07         1.153944959655166e-07
77        -1.873003756337838e-11         1.109750358452527e-07         1.109563058076893e-07
78        -1.755997528554986e-11         1.067603641427348e-07         1.067428041674492e-07
79         -1.64765488409914e-11         1.027564268225896e-07         1.027399502737486e-07
80        -1.547236540787804e-11         9.895021558604358e-08          9.89347432206357e-08
81         -1.45407445045748e-11         9.532967396117647e-08          9.53151332166719e-08
82        -1.367564152352557e-11         9.188361702818843e-08          9.18699413866649e-08
83         -1.28715806142153e-11         8.860165879024065e-08         8.858878720962644e-08
84        -1.212359508848614e-11         8.547414637969934e-08         8.546202278461086e-08
85        -1.142717479627303e-11         8.249210038485414e-08         8.248067321005787e-08
86         -1.07782194407872e-11         7.964716066379687e-08         7.963638244435609e-08
87        -1.017299716678429e-11         7.693153708434098e-08          7.69213640871742e-08
88        -9.608107713995789e-12         7.433796469177888e-08         7.432835658406488e-08
89        -9.080449644180269e-12         7.185966286175398e-08          7.18505824121098e-08
90        -8.587191111631029e-12         6.949029804407159e-08         6.948171085295996e-08
91        -8.125743790390236e-12         6.722394974619326e-08         6.721582400240287e-08
92        -7.693739559971465e-12          6.50550794428682e-08         6.504738570330823e-08
93        -7.289009655021655e-12         6.297850213176415e-08         6.297121312210912e-08
94        -6.909565983890348e-12         6.098936028441132e-08         6.098245071842743e-08
95        -6.553584363524935e-12         5.908309996789219e-08         5.907654638352866e-08
96        -6.219389480949932e-12         5.725544893589291e-08         5.724922954641196e-08
97        -5.905441364549386e-12         5.550239650823152e-08         5.549649106686697e-08
98        -5.610323187388003e-12         5.382017507626253e-08         5.381456475307514e-08
99        -5.332730308609902e-12         5.220524308788038e-08         5.219991035757177e-08
100        -5.071460409012021e-12         5.065426938026528e-08         5.064919791985627e-08
101        -4.825404501986375e-12         4.916411874135085e-08         4.915929333684886e-08
102        -4.593538887871727e-12         4.773183859281132e-08         4.772724505392345e-08
103        -4.374917841763001e-12         4.635464669740139e-08         4.635027177955962e-08
104        -4.168666988251175e-12         4.502991980287695e-08          4.50257511358887e-08
105        -3.973977321198628e-12         4.375518314300477e-08         4.375120916568357e-08
106        -3.790099723799922e-12         4.252810072348965e-08         4.252431062376585e-08
107        -3.616340059774414e-12         4.134646632753173e-08         4.134284998747196e-08
108        -3.452054649575043e-12          4.02081951814647e-08         4.020474312681513e-08
109        -3.296646205980141e-12         3.911131622658177e-08         3.910801958037579e-08
110        -3.149560080784567e-12         3.805396494789504e-08         3.805081538781425e-08
111        -3.010280890127795e-12         3.703437671517349e-08         3.703136643428336e-08
112          -2.8783294037191e-12         3.605088059537936e-08         3.604800226597564e-08
113                             0                             0                             0
114                             0                             0                             0
115                             0                             0                             0
116                             0                             0                             0
117                             0                             0                             0
118                             0                             0                             0
119                             0                             0                             0
120                             0                             0                             0
121                             0                             0                             0
122                             0                             0                             0
123                             0                             0                             0
124                             0                             0                             0
125                             0                             0                             0
126                             0                             0                             0
127                             0                             0                             0
128                             0                             0                             0
129                             0                             0                             0
130                             0                             0                             0
131                             0                             0                             0
132                             0                             0                             0
133                             0                             0                             0
134                             0                             0                             0
135                             0                             0                             0
136                             0                             0                             0
137                             0                             0                             0
138                             0                             0                             0
139                             0                             0                             0
140                             0                             0                             0
141                             0                             0                             0
142                             0                             0                             0
143                             0                             0                             0
144                             0                             0                             0
145                             0                             0                             0
146                             0                             0                             0
147                             0                             0                             0
148                             0                             0                             0
149                             0                             0                             0
150                             0                             0                             0
151                             0                             0                             0
152                             0                             0                             0
153                             0                             0                             0
154                             0                             0                             0
155                             0                             0                             0
156                             0                             0                             0
157                             0                             0                             0
158                             0                             0                             0
159                             0                             0                             0
160                             0                             0                             0
161                             0                             0                             0
162                             0                             0                             0
163                             0                             0                             0
164                             0                             0                             0
165                             0                             0                             0
166                             0                             0                             0
167                             0                             0                             0
168                             0                             0                             0
169                             0                             0                             0
170                             0                             0                             0
171                             0                             0                             0
172                             0                             0                             0
173                             0                             0                             0
174                             0                             0                             0
175                             0                             0                             0
176                             0                             0                             0
177                             0                             0                             0
178                             0                             0                             0
179                             0                             0                             0
180                             0                             0                             0
181                             0                             0                             0
182                             0                             0                             0
183                             0                             0                             0
184                             0                             0                             0
185                             0                             0                             0
186                             0                             0                             0
187                             0                             0                             0
188                             0                             0                             0
189                             0                             0                             0
190                             0                             0                             0
191                             0                             0                             0
192                             0                             0                             0
193                             0                             0                             0
194                             0                             0                             0
195                             0                             0                             0
196                             0                             0                             0
197                             0                             0                             0
198                             0                             0                             0
199                             0                             0                             0
200                             0                             0                             0
201                             0                             0                             0
202                             0                             0                             0
203                             0                             0                             0
204                             0                             0                             0
205                             0                             0                             0
206                             0                             0                             0
207                             0                             0                             0
208                             0                             0                             0
209                             0                             0                             0
210                             0                             0                             0
211                             0                             0                             0
212                             0                             0                             0
213                             0                             0                             0
214                             0                             0                             0
215                             0                             0                             0
216                             0                             0                             0
217                             0                             0                             0
218                             0                             0                             0
219                             0                             0                             0
220                             0                             0                             0
221                             0                             0                             0
222                             0                             0                             0
223                             0                             0                             0
