
0                             0                             0                             0
1          0.006017551731417395           0.04464304008468891           0.05066059181610631
2         -0.001208916088588153          0.007541490061209626          0.006332573972621472
3        -0.0002362480872155571          0.002112566289417299          0.001876318202201742
4        -5.571440818855457e-05         0.0008472861419967137         0.0007915717338081591
5        -1.739974149786899e-05         0.0004226844627032215         0.0004052847212053526
6        -6.786902833770661e-06         0.0002413266664520873         0.0002345397636183166
7        -3.093415381317334e-06         0.0001507919205103443          0.000147698505129027
8        -1.574378441614318e-06         0.0001005208335729869         9.894645513137258e-05
9        -8.697481299616347e-07         7.036300213499058e-05         6.949325400502894e-05
10        -5.120907374757177e-07         5.117266934861271e-05         5.066057861113699e-05
11        -3.173272897153936e-07          3.83793665661315e-05         3.806203927641611e-05
12        -2.050798663023929e-07          2.95225388320248e-05         2.931745896572241e-05
13        -1.372857631198853e-07         2.319625844633899e-05          2.30589726832191e-05
14        -9.469399726706976e-08         1.855699570300545e-05         1.846230170573838e-05
15         -6.70199522347661e-08         1.507755260606206e-05          1.50105326538273e-05
16        -4.850826600316511e-08         1.241680377168092e-05         1.236829550567776e-05
17        -3.580716933584158e-08         1.034733329648167e-05         1.031152612714583e-05
18        -2.689582402573943e-08         8.713541237218578e-06         8.686645413192838e-06
19        -2.051817982918685e-08         7.406507811231972e-06         7.385989631402785e-06
20        -1.587221880280252e-08          6.34843325487849e-06         6.332561036075687e-06
21        -1.243337962785993e-08         5.482735960388942e-06         5.470302580761082e-06
22         -9.85109372315019e-09          4.76759475900876e-06          4.75774366528561e-06
23        -7.886468193342045e-09         4.171643784076667e-06         4.163757315883325e-06
24        -6.373810983026337e-09         3.671044982510235e-06         3.664671171527209e-06
25        -5.196335892026398e-09         3.247461393076394e-06         3.242265057184367e-06
26        -4.270506278286805e-09         2.886630936680437e-06          2.88236043040215e-06
27        -3.535746999749511e-09         2.577347687598157e-06         2.573811940598408e-06
28        -2.947614452423733e-09         2.310724216035612e-06         2.307776601583188e-06
29        -2.473063129673745e-09         2.079650538709913e-06          2.07717747558024e-06
30         -2.08731085923898e-09         1.878392823556832e-06         1.876305512697593e-06
31        -1.771562680240404e-09         1.702292326172681e-06         1.700520763492441e-06
32        -1.511435609034883e-09         1.547537346679408e-06         1.546025911070374e-06
33        -1.295826950627186e-09         1.410988838175949e-06         1.409693011225322e-06
34        -1.116096148803174e-09         1.290045876126979e-06         1.288929779978176e-06
35        -9.654672065856802e-10         1.182541023442652e-06         1.181575556236067e-06
36        -8.385880066596504e-10         1.086658319337117e-06         1.085819731330457e-06
37        -7.312023706067193e-10         1.000868533686056e-06          1.00013733131545e-06
38        -6.399039382859804e-10         9.238777025486746e-07         9.232377986103886e-07
39        -5.619499495889195e-10         8.545859565787684e-07         8.540240066291795e-07
40        -4.951192871862167e-10         7.920543829238868e-07         7.915592636367006e-07
41        -4.376034743908171e-10         7.354781991450366e-07         7.350405956706458e-07
42        -3.879223962009828e-10         6.841649180274668e-07         6.837769956312658e-07
43        -3.448587257079797e-10         6.375164824334724e-07         6.371716237077644e-07
44        -3.074065805236599e-10         5.950145761784343e-07         5.947071695979107e-07
45        -2.747310874012513e-10         5.562084895374958e-07         5.559337584500946e-07
46         -2.46136359371282e-10         5.207050501984422e-07         5.204589138390709e-07
47        -2.210399988579865e-10         4.881602323887376e-07         4.879391923898796e-07
48         -1.98952693632341e-10         4.582721359411658e-07         4.580731832475334e-07
49        -1.794618085953292e-10         4.307750887090415e-07         4.305956269004461e-07
50        -1.622181291141008e-10         4.054346740927014e-07         4.052724559635873e-07
51        -1.469251028415794e-10          3.82043523562055e-07         3.818965984592134e-07
52        -1.333300713373245e-10         3.604177442698388e-07         3.602844141985014e-07
53         -1.21217094627713e-10         3.403938759077623e-07         3.402726588131346e-07
54         -1.10401055288108e-10         3.218262902012731e-07          3.21715889145985e-07
55        -1.007227963047589e-10         3.045849619055198e-07         3.044842391092151e-07
56         -9.20450960625388e-11         2.885535526436152e-07         2.884615075475526e-07
57        -8.424932521029887e-11         2.736277590433825e-07         2.735435097181722e-07
58        -7.723265800515967e-11         2.597138848533475e-07         2.596366521953423e-07
59        -7.090575242860559e-11         2.467276034553393e-07         2.466566977029107e-07
60        -6.519077495438275e-11         2.345928826410066e-07         2.345276918660522e-07
61        -6.001977655353731e-11         2.232410481654189e-07         2.231810283888653e-07
62        -5.533329452598162e-11         2.126099661861728e-07         2.125546328916468e-07
63        -5.107918003682676e-11         2.026433279086732e-07         2.025922487286364e-07
64        -4.721159977878707e-11         1.932900222716257e-07         1.932428106718469e-07
65        -4.369019652308934e-11         1.845035846806874e-07         1.844598944841643e-07
66        -4.047934844162362e-11         1.762417115401388e-07         1.762012321916972e-07
67        -3.754756770783317e-11         1.684658319309525e-07         1.684282843632447e-07
68        -3.486696163124112e-11         1.611407289255897e-07         1.611058619639585e-07
69        -3.241277879731855e-11         1.542342041904898e-07         1.542017914116925e-07
70        -3.016301639396861e-11         1.477167803779703e-07         1.476866173615763e-07
71        -2.809808169425332e-11         1.415614365860992e-07          1.41533338504405e-07
72        -2.620049905051818e-11         1.357433728090537e-07         1.357171723100032e-07
73        -2.445465597747272e-11         1.302397998523501e-07         1.302153451963727e-07
74        -2.284658265418833e-11         1.250297516571443e-07         1.250069050744901e-07
75        -2.136375998304426e-11         1.200939173798037e-07         1.200725536198207e-07
76        -1.999495230087936e-11         1.154144909178175e-07         1.153944959655166e-07
77        -1.873006123056419e-11         1.109750358689199e-07         1.109563058076893e-07
78        -1.755999779992383e-11         1.067603641652491e-07         1.067428041674492e-07
79        -1.647657032847027e-11         1.027564268440771e-07         1.027399502737486e-07
80        -1.547238597788788e-11         9.895021560661359e-08          9.89347432206357e-08
81        -1.454076425219505e-11         9.532967398092409e-08          9.53151332166719e-08
82        -1.367566053165959e-11         9.188361704719656e-08          9.18699413866649e-08
83        -1.287159895523146e-11         8.860165880858167e-08         8.858878720962644e-08
84        -1.212361282573987e-11          8.54741463974366e-08         8.546202278461086e-08
85        -1.142719198527144e-11         8.249210040204314e-08         8.248067321005787e-08
86        -1.077823613031411e-11          7.96471606804864e-08         7.963638244435609e-08
87        -1.017301339981338e-11         7.693153710057401e-08          7.69213640871742e-08
88        -9.608123528339142e-12         7.433796470759322e-08         7.432835658406488e-08
89         -9.08046507333539e-12         7.185966287718314e-08          7.18505824121098e-08
90        -8.587206185230835e-12         6.949029805914519e-08         6.948171085295996e-08
91        -8.125758534705984e-12         6.722394976093757e-08         6.721582400240287e-08
92         -7.69375399840244e-12         6.505507945730663e-08         6.504738570330823e-08
93        -7.289023808399573e-12         6.297850214591752e-08         6.297121312210912e-08
94        -6.909579870810229e-12         6.098936029829824e-08         6.098245071842743e-08
95        -6.553598000623037e-12         5.908309998152929e-08         5.907654638352866e-08
96        -6.219402883148593e-12         5.725544894929511e-08         5.724922954641196e-08
97        -5.905454545262165e-12         5.550239652141223e-08         5.549649106686697e-08
98        -5.610336158691738e-12         5.382017508923383e-08         5.381456475307514e-08
99         -5.33274308141676e-12         5.220524310065319e-08         5.219991035757177e-08
100        -5.071472993181995e-12         5.065426939284945e-08         5.064919791985627e-08
101         -4.82541690649272e-12         4.916411875375536e-08         4.915929333684886e-08
102        -4.593551120807578e-12         4.773183860504426e-08         4.772724505392345e-08
103        -4.374929910586218e-12         4.635464670947021e-08         4.635027177955962e-08
104        -4.168678899704936e-12         4.502991981478841e-08          4.50257511358887e-08
105        -3.973989081496712e-12         4.375518315476507e-08         4.375120916568357e-08
106        -3.790111338613479e-12         4.252810073510447e-08         4.252431062376585e-08
107        -3.616351534357696e-12         4.134646633900632e-08         4.134284998747196e-08
108        -3.452065988745551e-12         4.020819519280387e-08         4.020474312681513e-08
109        -3.296657414211267e-12            3.911131623779e-08         3.910801958037579e-08
110        -3.149571162198978e-12         3.805396495897645e-08         3.805081538781425e-08
111         -3.01029184859008e-12         3.703437672613195e-08         3.703136643428336e-08
112        -2.878340242782827e-12         3.605088060621843e-08         3.604800226597564e-08
113                             0                             0                             0
114                             0                             0                             0
115                             0                             0                             0
116                             0                             0                             0
117                             0                             0                             0
118                             0                             0                             0
119                             0                             0                             0
120                             0                             0                             0
121                             0                             0                             0
122                             0                             0                             0
123                             0                             0                             0
124                             0                             0                             0
125                             0                             0                             0
126                             0                             0                             0
127                             0                             0                             0
128                             0                             0                             0
129                             0                             0                             0
130                             0                             0                             0
131                             0                             0                             0
132                             0                             0                             0
133                             0                             0                             0
134                             0                             0                             0
135                             0                             0                             0
136                             0                             0                             0
137                             0                             0                             0
138                             0                             0                             0
139                             0                             0                             0
140                             0                             0                             0
141                             0                             0                             0
142                             0                             0                             0
143                             0                             0                             0
144                             0                             0                             0
145                             0                             0                             0
146                             0                             0                             0
147                             0                             0                             0
148                             0                             0                             0
149                             0                             0                             0
150                             0                             0                             0
151                             0                             0                             0
152                             0                             0                             0
153                             0                             0                             0
154                             0                             0                             0
155                             0                             0                             0
156                             0                             0                             0
157                             0                             0                             0
158                             0                             0                             0
159                             0                             0                             0
160                             0                             0                             0
161                             0                             0                             0
162                             0                             0                             0
163                             0                             0                             0
164                             0                             0                             0
165                             0                             0                             0
166                             0                             0                             0
167                             0                             0                             0
168                             0                             0                             0
169                             0                             0                             0
170                             0                             0                             0
171                             0                             0                             0
172                             0                             0                             0
173                             0                             0                             0
174                             0                             0                             0
175                             0                             0                             0
176                             0                             0                             0
177                             0                             0                             0
178                             0                             0                             0
179                             0                             0                             0
180                             0                             0                             0
181                             0                             0                             0
182                             0                             0                             0
183                             0                             0                             0
184                             0                             0                             0
185                             0                             0                             0
186                             0                             0                             0
187                             0                             0                             0
188                             0                             0                             0
189                             0                             0                             0
190                             0                             0                             0
191                             0                             0                             0
192                             0                             0                             0
193                             0                             0                             0
194                             0                             0                             0
195                             0                             0                             0
196                             0                             0                             0
197                             0                             0                             0
198                             0                             0                             0
199                             0                             0                             0
200                             0                             0                             0
201                             0                             0                             0
202                             0                             0                             0
203                             0                             0                             0
204                             0                             0                             0
205                             0                             0                             0
206                             0                             0                             0
207                             0                             0                             0
208                             0                             0                             0
209                             0                             0                             0
210                             0                             0                             0
211                             0                             0                             0
212                             0                             0                             0
213                             0                             0                             0
214                             0                             0                             0
215                             0                             0                             0
216                             0                             0                             0
217                             0                             0                             0
218                             0                             0                             0
219                             0                             0                             0
220                             0                             0                             0
221                             0                             0                             0
222                             0                             0                             0
223                             0                             0                             0
