
0                   0                   0                   0
1       0.01784415588       0.03103252767       0.04887668355
2    -0.0004546338877      0.005770100736      0.005315466849
3    -0.0002006918731      0.001457976227      0.001257284354
4    -6.016863612e-05     0.0004582616957     0.0003980930596
5     -1.98415806e-05     0.0001661205236      0.000146278943
6    -7.306225366e-06     6.605812455e-05     5.875189919e-05
7     -2.93061911e-06     2.795428782e-05     2.502366871e-05
8    -1.251012393e-06     1.235980286e-05     1.110879047e-05
9    -5.588881748e-07     5.644165704e-06     5.085277529e-06
10    -2.583271877e-07     2.641856302e-06     2.383529114e-06
11    -1.225648841e-07     1.260856031e-06     1.138291147e-06
12    -5.935974242e-08     6.112827988e-07     5.519230564e-07
13    -2.922764127e-08     3.002189393e-07      2.70991298e-07
14     -1.45870504e-08     1.490534493e-07     1.344663989e-07
15    -7.362439148e-09     7.468731714e-08     6.732487799e-08
16    -3.751347895e-09     3.772185507e-08     3.397050717e-08
17    -1.926890781e-09     1.918361288e-08      1.72567221e-08
18    -9.966532175e-10     9.815025918e-09       8.8183727e-09
19    -5.186238383e-10     5.048616251e-09     4.529992413e-09
20    -2.713042942e-10     2.609270467e-09     2.337966173e-09
21    -1.425889343e-10     1.354307019e-09     1.211718085e-09
22    -7.525103949e-11     7.056407389e-10     6.303896994e-10
23    -3.986061877e-11     3.689449902e-10     3.290843714e-10
24    -2.118438716e-11     1.935152371e-10       1.7233085e-10
25    -1.129240962e-11     1.017948807e-10      9.05024711e-11
26     -6.03578429e-12      5.36896055e-11     4.765382121e-11
27    -3.234078072e-12     2.838681022e-11     2.515273215e-11
28    -1.736775096e-12     1.504264234e-11     1.330586725e-11
29    -9.346106923e-13     7.988050103e-12     7.053439411e-12
30    -5.038941085e-13     4.250129455e-12     3.746235346e-12
31    -2.721476651e-13     2.265429141e-12     1.993281476e-12
32    -1.472207923e-13     1.209577512e-12      1.06235672e-12
33    -7.975930096e-14     6.468517711e-13     5.670924702e-13
34    -4.327079371e-14      3.46434403e-13     3.031636093e-13
35    -2.350541751e-14     1.857991016e-13     1.622936841e-13
36    -1.278388678e-14     9.977853925e-14     8.699465247e-14
37    -6.960580621e-15     5.364993582e-14      4.66893552e-14
38    -3.793887935e-15     2.888085762e-14     2.508696968e-14
39    -2.069910782e-15     1.556440247e-14     1.349449169e-14
40    -1.130370757e-15     8.396748138e-15     7.266377381e-15
41    -6.178294373e-16     4.534431574e-15     3.916602137e-15
42    -3.379658806e-16      2.45101579e-15     2.113049909e-15
43    -1.850178473e-16     1.326053177e-15      1.14103533e-15
44      -1.0136135e-16     7.180402812e-16     6.166789312e-16
45    -5.556893216e-17     3.891279817e-16     3.335590495e-16
46    -3.048434027e-17     2.110453648e-16     1.805610245e-16
47     -1.67336997e-17     1.145470379e-16     9.781333824e-17
48    -9.191024993e-18     6.221606736e-17     5.302504237e-17
49                   0                   0                   0
50                   0                   0                   0
51                   0                   0                   0
52                   0                   0                   0
53                   0                   0                   0
54                   0                   0                   0
55                   0                   0                   0
56                   0                   0                   0
57                   0                   0                   0
58                   0                   0                   0
59                   0                   0                   0
60                   0                   0                   0
61                   0                   0                   0
62                   0                   0                   0
63                   0                   0                   0
64                   0                   0                   0
65                   0                   0                   0
66                   0                   0                   0
67                   0                   0                   0
68                   0                   0                   0
69                   0                   0                   0
70                   0                   0                   0
71                   0                   0                   0
72                   0                   0                   0
73                   0                   0                   0
74                   0                   0                   0
75                   0                   0                   0
76                   0                   0                   0
77                   0                   0                   0
78                   0                   0                   0
79                   0                   0                   0
80                   0                   0                   0
81                   0                   0                   0
82                   0                   0                   0
83                   0                   0                   0
84                   0                   0                   0
85                   0                   0                   0
86                   0                   0                   0
87                   0                   0                   0
88                   0                   0                   0
89                   0                   0                   0
90                   0                   0                   0
91                   0                   0                   0
92                   0                   0                   0
93                   0                   0                   0
94                   0                   0                   0
95                   0                   0                   0
