
0                   0                   0                   0
1      0.004825511465       0.04390126129       0.04872677275
2     -0.001419528696      0.006665867982      0.005246339285
3     -0.000288685936      0.001512266866       0.00122358093
4    -7.092439238e-05     0.0004521102105     0.0003811858182
5    -2.187414358e-05     0.0001595199342     0.0001376457907
6    -7.890689246e-06     6.218016381e-05     5.428947456e-05
7     -3.14124298e-06     2.583750914e-05     2.269626616e-05
8    -1.332939001e-06     1.121945384e-05     9.886514837e-06
9    -5.909928962e-07     5.030842339e-06     4.439849443e-06
10    -2.705199392e-07     2.311701579e-06      2.04118164e-06
11    -1.268547961e-07     1.082882135e-06     9.560273387e-07
12    -6.062118328e-08     5.152025862e-07     4.545814029e-07
13     -2.94124631e-08     2.482761961e-07      2.18863733e-07
14    -1.444894369e-08     1.209350885e-07     1.064861448e-07
15    -7.171951981e-09     5.944719814e-08     5.227524615e-08
16    -3.591186751e-09     2.945232614e-08     2.586113938e-08
17    -1.811706851e-09     1.469170416e-08     1.287999731e-08
18    -9.199113968e-10     7.372688794e-09     6.452777397e-09
19    -4.697352722e-10     3.719464237e-09     3.249728965e-09
20    -2.410535493e-10      1.88531695e-09     1.644263401e-09
21    -1.242454326e-10     9.596781152e-10     8.354326825e-10
22    -6.429041744e-11     4.903691144e-10      4.26078697e-10
23    -3.338371052e-11     2.514325205e-10       2.1804881e-10
24    -1.738979652e-11     1.293260576e-10     1.119362611e-10
25     -9.08438806e-12     6.671133352e-11     5.762694546e-11
26    -4.758006704e-12     3.450320316e-11     2.974519645e-11
27    -2.497950526e-12     1.788853684e-11     1.539058632e-11
28    -1.314272017e-12     9.295346214e-12     7.981074197e-12
29    -6.928715619e-13     4.840165602e-12      4.14729404e-12
30    -3.659471065e-13     2.525194883e-12     2.159247776e-12
31     -1.93607189e-13     1.319812623e-12     1.126205434e-12
32    -1.025907221e-13      6.90972396e-13      5.88381674e-13
33                   0                   0                   0
34                   0                   0                   0
35                   0                   0                   0
36                   0                   0                   0
37                   0                   0                   0
38                   0                   0                   0
39                   0                   0                   0
40                   0                   0                   0
41                   0                   0                   0
42                   0                   0                   0
43                   0                   0                   0
44                   0                   0                   0
45                   0                   0                   0
46                   0                   0                   0
47                   0                   0                   0
48                   0                   0                   0
49                   0                   0                   0
50                   0                   0                   0
51                   0                   0                   0
52                   0                   0                   0
53                   0                   0                   0
54                   0                   0                   0
55                   0                   0                   0
56                   0                   0                   0
57                   0                   0                   0
58                   0                   0                   0
59                   0                   0                   0
60                   0                   0                   0
61                   0                   0                   0
62                   0                   0                   0
63                   0                   0                   0
