
0                   0                   0                   0
1      0.005086180447       0.04413878183       0.04922496228
2     -0.001380039356      0.006862434981      0.005482395625
3     -0.000281679679      0.001623432445      0.001341752766
4    -7.014142721e-05     0.0005121878093     0.0004420463821
5    -2.227133398e-05     0.0001918251549     0.0001695538209
6    -8.372516115e-06     7.959981529e-05     7.122729917e-05
7    -3.500773586e-06     3.527163249e-05      3.17708589e-05
8    -1.568064119e-06     1.635147115e-05     1.478340703e-05
9    -7.363436062e-07     7.834044186e-06      7.09770058e-06
10    -3.578166044e-07     3.848513083e-06     3.490696478e-06
11    -1.784305757e-07     1.928189777e-06     1.749759201e-06
12    -9.079008662e-08      9.81523111e-07     8.907330244e-07
13    -4.694805388e-08      5.06204197e-07     4.592561431e-07
14    -2.459930078e-08     2.639379047e-07      2.39338604e-07
15    -1.303124046e-08        1.389033e-07     1.258720596e-07
16    -6.967221627e-09     7.368719704e-08     6.671997541e-08
17    -3.754540062e-09     3.936271291e-08     3.560817284e-08
18    -2.037074944e-09     2.115534819e-08     1.911827325e-08
19    -1.111805412e-09     1.143116897e-08     1.031936356e-08
20    -6.099696753e-10     6.206403031e-09     5.596433356e-09
21    -3.361896675e-10     3.384166224e-09     3.047976556e-09
22    -1.860534843e-10     1.852428221e-09     1.666374737e-09
23    -1.033433674e-10     1.017538255e-09     9.141948879e-10
24    -5.759168334e-11     5.607158071e-10     5.031241238e-10
25                   0                   0                   0
26                   0                   0                   0
27                   0                   0                   0
28                   0                   0                   0
29                   0                   0                   0
30                   0                   0                   0
31                   0                   0                   0
32                   0                   0                   0
33                   0                   0                   0
34                   0                   0                   0
35                   0                   0                   0
36                   0                   0                   0
37                   0                   0                   0
38                   0                   0                   0
39                   0                   0                   0
40                   0                   0                   0
41                   0                   0                   0
42                   0                   0                   0
43                   0                   0                   0
44                   0                   0                   0
45                   0                   0                   0
46                   0                   0                   0
47                   0                   0                   0
