
0                   0                   0                   0
1        0.0185688004       0.03107860007       0.04964740047
2    -0.0003558057429      0.006054674087      0.005698868344
3    -0.0001849786115      0.001643509529      0.001458530917
4    -5.818421822e-05     0.0005649373756     0.0005067531574
5    -2.027244035e-05     0.0002262927042     0.0002060202639
6    -7.991118717e-06     0.0001000148247     9.202370596e-05
7    -3.469571735e-06     4.720594238e-05     4.373637064e-05
8    -1.616507977e-06     2.333228053e-05     2.171577255e-05
9    -7.929997756e-07     1.192958927e-05     1.113658949e-05
10    -4.042935355e-07     6.259048807e-06     5.854755271e-06
11    -2.122946321e-07     3.351245446e-06     3.138950813e-06
12    -1.140882112e-07     1.823922076e-06     1.709833865e-06
13    -6.246038584e-08     1.006110539e-06     9.436501532e-07
14    -3.471750473e-08     5.612652532e-07     5.265477485e-07
15    -1.954103761e-08     3.161059977e-07     2.965649601e-07
16    -1.111556556e-08     1.794957477e-07     1.683801822e-07
17     -6.37991309e-09     1.026507963e-07     9.627088321e-08
18    -3.690190982e-09      5.90709628e-08     5.538077182e-08
19    -2.148765994e-09     3.418007735e-08     3.203131135e-08
20    -1.258550267e-09     1.987445451e-08     1.861590424e-08
21    -7.409522657e-10     1.160694346e-08     1.086599119e-08
22    -4.382220406e-10     6.805365794e-09     6.367143753e-09
23    -2.602362766e-10     4.004362979e-09     3.744126703e-09
24    -1.551058184e-10     2.363868082e-09     2.208762263e-09
25    -9.275083771e-11     1.399582832e-09     1.306831995e-09
26    -5.562900094e-11     8.309071937e-10     7.752781928e-10
27     -3.34549367e-11       4.9452785e-10     4.610729133e-10
28     -2.01693253e-11     2.950053843e-10      2.74836059e-10
29    -1.218719861e-11     1.763583228e-10     1.641711241e-10
30    -7.379339824e-12     1.056385943e-10      9.82592545e-11
31    -4.476731181e-12      6.33943497e-11     5.891761852e-11
32    -2.720639163e-12     3.810889444e-11     3.538825528e-11
33     -1.65611514e-12     2.294572336e-11     2.128960822e-11
34    -1.009645228e-12     1.383671601e-11     1.282707079e-11
35    -6.163960454e-13     8.355653319e-12     7.739257274e-12
36    -3.768097907e-13     5.052515519e-12     4.675705729e-12
37    -2.306312733e-13     3.059015047e-12     2.828383773e-12
38     -1.41323283e-13     1.854265425e-12     1.712942142e-12
39    -8.669171434e-14     1.125254087e-12     1.038562372e-12
40     -5.32330509e-14     6.835841639e-13      6.30351113e-13
41    -3.271891936e-14     4.156926514e-13     3.829737321e-13
42    -2.012827003e-14     2.530286539e-13     2.329003839e-13
43    -1.239315404e-14     1.541571662e-13     1.417640121e-13
44    -7.636684725e-15     9.400165321e-14     8.636496849e-14
45    -4.709304368e-15     5.736770145e-14     5.265839709e-14
46    -2.906164643e-15     3.503831512e-14     3.213215048e-14
47    -1.794647522e-15     2.141645085e-14     1.962180333e-14
48    -1.108967187e-15     1.309984092e-14     1.199087373e-14
49                   0                   0                   0
50                   0                   0                   0
51                   0                   0                   0
52                   0                   0                   0
53                   0                   0                   0
54                   0                   0                   0
55                   0                   0                   0
56                   0                   0                   0
57                   0                   0                   0
58                   0                   0                   0
59                   0                   0                   0
60                   0                   0                   0
61                   0                   0                   0
62                   0                   0                   0
63                   0                   0                   0
64                   0                   0                   0
65                   0                   0                   0
66                   0                   0                   0
67                   0                   0                   0
68                   0                   0                   0
69                   0                   0                   0
70                   0                   0                   0
71                   0                   0                   0
72                   0                   0                   0
73                   0                   0                   0
74                   0                   0                   0
75                   0                   0                   0
76                   0                   0                   0
77                   0                   0                   0
78                   0                   0                   0
79                   0                   0                   0
80                   0                   0                   0
81                   0                   0                   0
82                   0                   0                   0
83                   0                   0                   0
84                   0                   0                   0
85                   0                   0                   0
86                   0                   0                   0
87                   0                   0                   0
88                   0                   0                   0
89                   0                   0                   0
90                   0                   0                   0
91                   0                   0                   0
92                   0                   0                   0
93                   0                   0                   0
94                   0                   0                   0
95                   0                   0                   0
