0                   0                   0                   0
1       0.01284276034       0.02968097445       0.04252373479
2    -0.0009191219834       0.00410386646      0.003184744477
3    -0.0002205836734     0.0006905988669     0.0004700151935
4    -4.561933707e-05     0.0001344896608     8.887032375e-05
5    -9.989789184e-06     2.905802209e-05     1.906823291e-05
6    -2.339434698e-06     6.754819149e-06     4.415384451e-06
7    -5.786856331e-07     1.654416824e-06     1.075731191e-06
8    -1.492497764e-07     4.210138338e-07     2.717640574e-07
9    -3.973141897e-08     1.102784006e-07      7.05469816e-08
10    -1.083712745e-08     2.954085683e-08     1.870372939e-08
11    -3.012727471e-09     8.055845066e-09     5.043117595e-09
12    -8.503597625e-10     2.229006562e-09       1.3786468e-09
13    -2.430003047e-10     6.242308744e-10     3.812305697e-10
14    -7.015167176e-11     1.765986097e-10      1.06446938e-10
15    -2.042567697e-11     5.039555974e-11     2.996988277e-11
16    -5.990423403e-12     1.448927716e-11     8.498853758e-12
17    -1.767792623e-12     4.193101498e-12     2.425308874e-12
18    -5.244864711e-13     1.220443691e-12     6.959572198e-13
19     -1.56339577e-13     3.570353344e-13     2.006957574e-13
20    -4.679388016e-14     1.049248992e-13     5.813101904e-14
21    -1.405687874e-14     3.096127802e-14     1.690439928e-14
22    -4.236379982e-15     9.169811432e-15      4.93343145e-15
23    -1.280440844e-15     2.724929041e-15     1.444488196e-15
24    -3.880219793e-16     8.122223183e-16      4.24200339e-16
25    -1.178626802e-16     2.427769876e-16     1.249143074e-16
26     -3.58777232e-17     7.275361663e-17     3.687589344e-17
27    -1.094257296e-17     2.185391408e-17     1.091134112e-17
28    -3.343394382e-18     6.578915996e-18     3.235521614e-18
29    -1.023211685e-18     1.984546029e-18     9.613343437e-19
30    -3.136148008e-19     5.997747744e-19     2.861599736e-19
31    -9.625659608e-20     1.815850493e-19     8.532845321e-20
32    -2.958165329e-20     5.506643426e-20     2.548478097e-20
33    -9.101901918e-21     1.672490386e-20     7.623001947e-21
34    -2.803647798e-21     5.087086191e-21     2.283438393e-21
35    -8.644974745e-22     1.549408711e-21      6.84911237e-22
36    -2.668231164e-22     4.725200025e-22     2.056968861e-22
37    -8.242820476e-23     1.442781136e-22     6.184990885e-23
38    -2.548569767e-23     4.410400938e-23     1.861831171e-23
39    -7.886118183e-24     1.349667028e-23     5.610552094e-24
40    -2.442056908e-24      4.13448857e-24     1.692431662e-24
41    -7.567551712e-25     1.267771627e-24     5.110164557e-25
42    -2.346632197e-25     3.891020156e-25     1.544387959e-25
43    -7.281299879e-26     1.195280407e-25     4.671504191e-26
44     -2.26064597e-26     3.674870138e-26     1.414224168e-26
45    -7.022674175e-27     1.130741451e-26     4.284740339e-27
46    -2.182762043e-27     3.481914641e-27     1.299152598e-27
47    -6.787856631e-28     1.072980465e-27     3.941948016e-28
48    -2.111886763e-28     3.308801649e-28     1.196914886e-28
49                   0                   0                   0
50                   0                   0                   0
51                   0                   0                   0
52                   0                   0                   0
53                   0                   0                   0
54                   0                   0                   0
55                   0                   0                   0
56                   0                   0                   0
57                   0                   0                   0
58                   0                   0                   0
59                   0                   0                   0
60                   0                   0                   0
61                   0                   0                   0
62                   0                   0                   0
63                   0                   0                   0
64                   0                   0                   0
65                   0                   0                   0
66                   0                   0                   0
67                   0                   0                   0
68                   0                   0                   0
69                   0                   0                   0
70                   0                   0                   0
71                   0                   0                   0
72                   0                   0                   0
73                   0                   0                   0
74                   0                   0                   0
75                   0                   0                   0
76                   0                   0                   0
77                   0                   0                   0
78                   0                   0                   0
79                   0                   0                   0
80                   0                   0                   0
81                   0                   0                   0
82                   0                   0                   0
83                   0                   0                   0
84                   0                   0                   0
85                   0                   0                   0
86                   0                   0                   0
87                   0                   0                   0
88                   0                   0                   0
89                   0                   0                   0
90                   0                   0                   0
91                   0                   0                   0
92                   0                   0                   0
93                   0                   0                   0
94                   0                   0                   0
95                   0                   0                   0
