0                   0                   0                   0
1      0.001870018971       0.04065371582       0.04252373479
2     -0.001682629277      0.004867373754      0.003184744477
3    -0.0002884505193     0.0007584657128     0.0004700151935
4    -5.397387943e-05     0.0001428442032     8.887032375e-05
5    -1.144438585e-05     3.051261876e-05     1.906823291e-05
6    -2.663690386e-06     7.079074837e-06     4.415384451e-06
7    -6.607698549e-07     1.736501046e-06     1.075731191e-06
8    -1.712644508e-07     4.430285081e-07     2.717640574e-07
9    -4.580203289e-08     1.163490145e-07      7.05469816e-08
10     -1.25377601e-08     3.124148948e-08     1.870372939e-08
11     -3.49430328e-09     8.537420875e-09     5.043117595e-09
12     -9.87877639e-10     2.366524439e-09       1.3786468e-09
13    -2.825467691e-10     6.637773389e-10     3.812305697e-10
14    -8.159405536e-11     1.880409933e-10      1.06446938e-10
15    -2.375447019e-11     5.372435295e-11     2.996988277e-11
16    -6.963562571e-12     1.546241633e-11     8.498853758e-12
17    -2.053535058e-12     4.478843933e-12     2.425308874e-12
18    -6.087245311e-13     1.304681751e-12     6.959572198e-13
19    -1.812637516e-13     3.819595091e-13     2.006957574e-13
20    -5.419293061e-14     1.123239497e-13     5.813101904e-14
21    -1.626007908e-14     3.316447835e-14     1.690439928e-14
22    -4.894262783e-15     9.827694233e-15      4.93343145e-15
23    -1.477395009e-15     2.921883205e-15     1.444488196e-15
24    -4.471263549e-16     8.713266939e-16      4.24200339e-16
25    -1.356387813e-16     2.605530887e-16     1.249143074e-16
26    -4.123504919e-17     7.811094263e-17     3.687589344e-17
27    -1.256025555e-17     2.347159667e-17     1.091134112e-17
28    -3.832741574e-18     7.068263188e-18     3.235521614e-18
29    -1.171487217e-18     2.132821561e-18     9.613343437e-19
30    -3.586140323e-19     6.447740059e-19     2.861599736e-19
31    -1.099333354e-19     1.952617886e-19     8.532845321e-20
32     -3.37442481e-20     5.922902908e-20     2.548478097e-20
33    -1.037047423e-20     1.799347618e-20     7.623001947e-21
34    -3.190730802e-21     5.474169195e-21     2.283438393e-21
35    -9.827475902e-22     1.667658827e-21      6.84911237e-22
36     -3.02987473e-22     5.086843591e-22     2.056968861e-22
37    -9.349996722e-23     1.553498761e-22     6.184990885e-23
38    -2.887871935e-23     4.749703106e-23     1.861831171e-23
39    -8.926922427e-24     1.453747452e-23     5.610552094e-24
40    -2.761610881e-24     4.454042543e-24     1.692431662e-24
41    -8.549511538e-25     1.365967609e-24     5.110164557e-25
42     -2.64862764e-25     4.193015599e-25     1.544387959e-25
43    -8.210797357e-26     1.288230155e-25     4.671504191e-26
44     -2.54694655e-26     3.961170718e-26     1.414224168e-26
45    -7.905161376e-27     1.218990171e-26     4.284740339e-27
46    -2.454965505e-27     3.754118103e-27     1.299152598e-27
47    -7.628023571e-28     1.156997159e-27     3.941948016e-28
48    -2.371372006e-28     3.568286892e-28     1.196914886e-28
49                   0                   0                   0
50                   0                   0                   0
51                   0                   0                   0
52                   0                   0                   0
53                   0                   0                   0
54                   0                   0                   0
55                   0                   0                   0
56                   0                   0                   0
57                   0                   0                   0
58                   0                   0                   0
59                   0                   0                   0
60                   0                   0                   0
61                   0                   0                   0
62                   0                   0                   0
63                   0                   0                   0
64                   0                   0                   0
65                   0                   0                   0
66                   0                   0                   0
67                   0                   0                   0
68                   0                   0                   0
69                   0                   0                   0
70                   0                   0                   0
71                   0                   0                   0
72                   0                   0                   0
73                   0                   0                   0
74                   0                   0                   0
75                   0                   0                   0
76                   0                   0                   0
77                   0                   0                   0
78                   0                   0                   0
79                   0                   0                   0
80                   0                   0                   0
81                   0                   0                   0
82                   0                   0                   0
83                   0                   0                   0
84                   0                   0                   0
85                   0                   0                   0
86                   0                   0                   0
87                   0                   0                   0
88                   0                   0                   0
89                   0                   0                   0
90                   0                   0                   0
91                   0                   0                   0
92                   0                   0                   0
93                   0                   0                   0
94                   0                   0                   0
95                   0                   0                   0
