
0                   0                   0                   0
1      0.001617896958       0.04035281733       0.04197071428
2     -0.001692687178      0.004742173723      0.003049486545
3    -0.0002847000483     0.0007190158448     0.0004343157965
4    -5.192508955e-05     0.0001310172082      7.90921187e-05
5      -1.0672273e-05     2.700172612e-05     1.632945312e-05
6     -2.40022306e-06     6.036874283e-06     3.636651223e-06
7    -5.744194286e-07     1.426308587e-06     8.518891586e-07
8    -1.435149731e-07     3.504040882e-07     2.068891151e-07
9    -3.697917347e-08     8.860139265e-08     5.162221917e-08
10    -9.749858819e-09     2.290396603e-08     1.315410721e-08
11    -2.616659111e-09     6.025288687e-09     3.408629576e-09
12    -7.122360876e-10     1.607726176e-09     8.954900886e-10
13    -1.961045547e-10     4.340661263e-10     2.379615716e-10
14    -5.451126346e-11      1.18359857e-10     6.384859358e-11
15    -1.527446533e-11     3.254844754e-11     1.727398221e-11
16    -4.309374524e-12     9.016427916e-12     4.707053392e-12
17    -1.222985315e-12     2.513701271e-12     1.290715956e-12
18    -3.488627494e-13     7.047526302e-13     3.558898808e-13
19    -9.996338954e-14      1.98576861e-13     9.861347148e-14
20    -2.875762491e-14     5.620287133e-14     2.744524642e-14
21    -8.302324403e-15     1.597093746e-14     7.668613061e-15
22    -2.404468415e-15      4.55487838e-15     2.150409964e-15
23      -6.9834936e-16     1.303326298e-15      6.04976938e-16
24    -2.033487635e-16     3.740538159e-16     1.707050524e-16
25                   0                   0                   0
26                   0                   0                   0
27                   0                   0                   0
28                   0                   0                   0
29                   0                   0                   0
30                   0                   0                   0
31                   0                   0                   0
32                   0                   0                   0
33                   0                   0                   0
34                   0                   0                   0
35                   0                   0                   0
36                   0                   0                   0
37                   0                   0                   0
38                   0                   0                   0
39                   0                   0                   0
40                   0                   0                   0
41                   0                   0                   0
42                   0                   0                   0
43                   0                   0                   0
44                   0                   0                   0
45                   0                   0                   0
46                   0                   0                   0
47                   0                   0                   0
