
0                             0                             0                             0
1           0.01985809810984718           0.03080188970406662            0.0506599878139138
2        -0.0001519326150879645          0.006483936683050189          0.006332004067962225
3        -0.0001398493617332855          0.002015626577403098          0.001875777215669812
4        -4.535355848291154e-05          0.000836409862854593         0.0007910563043716814
5        -1.609502544442753e-05         0.0004208873961993805          0.000404792370754953
6        -6.600324899887645e-06          0.000240668856038028         0.0002340685311381403
7        -3.068711048872402e-06         0.0001503154836542791         0.0001472467726054067
8        -1.575998459858193e-06         0.0001000888477750627         9.851284931520448e-05
9        -8.752101407831053e-07         6.995179553055024e-05         6.907658538976714e-05
10        -5.172940705959808e-07          5.07770949404323e-05         5.025980086983632e-05
11        -3.216271187149415e-07         3.799784801514825e-05         3.767622089643331e-05
12        -2.085247310884673e-07         2.915428734626994e-05         2.894576261518148e-05
13        -1.400392060972737e-07         2.284067892587046e-05         2.270063971977319e-05
14         -9.69095493713567e-08         1.821354979006285e-05          1.81166402406915e-05
15        -6.881964962430786e-08         1.474572780399514e-05         1.467690815437084e-05
16         -4.99848337974958e-08         1.209610809222118e-05         1.204612325842369e-05
17        -3.703036039777243e-08         1.003729545866053e-05         1.000026509826276e-05
18        -2.791826441731233e-08         8.413711441816696e-06         8.385793177399383e-06
19        -2.137989612104889e-08         7.116458029339129e-06          7.09507813321808e-06
20        -1.660396120082669e-08         6.067756970213214e-06         6.051153009012388e-06
21         -1.30590224525042e-08         5.211047516159875e-06          5.19798849370737e-06
22        -1.038936654647401e-08         4.504528462965656e-06         4.494139096419182e-06
23         -8.35221178979572e-09         3.916852888857195e-06         3.908500677067399e-06
24        -6.778895673240713e-09         3.424200618518607e-06         3.417421722845366e-06
25        -5.550340333539826e-09         3.008251504134515e-06         3.002701163800975e-06
26         -4.58122347528384e-09         2.654759246934515e-06         2.650178023459231e-06
27        -3.809573272225555e-09         2.352532724460233e-06         2.348723151188007e-06
28        -3.189810352949222e-09         2.092698352889142e-06         2.089508542536193e-06
29        -2.688020775505829e-09         1.868159171070347e-06         1.865471150294841e-06
30        -2.278697398557248e-09         1.673193531186165e-06         1.670914833787608e-06
31         -1.94246286260185e-09         1.503154129745718e-06         1.501211666883117e-06
32           -1.664458323737e-09         1.354240011791238e-06         1.352575553467501e-06
33        -1.433189813216541e-09         1.223322230565415e-06         1.221889040752198e-06
34        -1.239693135122906e-09         1.107809364440496e-06         1.106569671305373e-06
35        -1.076923101190489e-09          1.00554292589172e-06         1.004466002790529e-06
36        -9.393025062461978e-10         9.147153907231693e-07         9.137760882169231e-07
37         -8.22386028440987e-10         8.338054894841004e-07         8.329831034556594e-07
38        -7.226076190761613e-10         7.615267769581816e-07         7.608041693391055e-07
39        -6.370891035472495e-10         6.967864917052988e-07         6.961494026017515e-07
40         -5.63494049856328e-10         6.386524464771568e-07         6.380889524273005e-07
41        -4.999153887832992e-10         5.863262282738558e-07         5.858263128850725e-07
42        -4.447883965165311e-10         5.391213871354346e-07          5.38676598738918e-07
43        -3.968228744510229e-10         4.964455929985967e-07         4.960487701241457e-07
44        -3.549499636605754e-10         4.577859667942784e-07         4.574310168306178e-07
45        -3.182801897359624e-10         4.226969645545545e-07         4.223786843648185e-07
46        -2.860701789167007e-10         3.907903254925071e-07         3.905042553135904e-07
47        -2.576961127020056e-10         3.617266969209191e-07         3.614690008082171e-07
48        -2.326324471886768e-10         3.352086278945765e-07         3.349759954473879e-07
49        -2.104347694411948e-10         3.109746850975538e-07         3.107642503281126e-07
50        -1.907259217016411e-10          2.88794492836316e-07         2.886037669146144e-07
51        -1.731847197928657e-10         2.684645371122061e-07         2.682913523924132e-07
52        -1.575367415464069e-10         2.498046039491651e-07         2.496470672076187e-07
53         -1.43546773524171e-10         2.326547461997046e-07         2.325111994261804e-07
54        -1.310125935353423e-10         2.168726922919355e-07         2.167416796984001e-07
55        -1.197598327089349e-10         2.023316258375701e-07         2.022118660048611e-07
56        -1.096377141785814e-10         1.889182774962756e-07          1.88808639782097e-07
57        -1.005155062563158e-10           1.7653128059988e-07         1.764307650936237e-07
58        -9.227956021184646e-11         1.650797502633034e-07         1.649874707030915e-07
59        -8.483082814989205e-11         1.544820524244481e-07         1.543972215962982e-07
60        -7.808277656466534e-11         1.446647347593656e-07          1.44586651982801e-07
61        -7.195962711451323e-11         1.355615959462991e-07         1.354896363191846e-07
62        -6.639486890259209e-11         1.271128734887695e-07         1.270464786198669e-07
63        -6.132999675705064e-11          1.19264533402014e-07          1.19203203405257e-07
64        -5.671343822810212e-11         1.119676476374299e-07         1.119109341992018e-07
65        -5.249963854758254e-11          1.05177847261367e-07         1.051253476228195e-07
66        -4.864827850528962e-11         9.885484119496222e-08         9.880619291645693e-08
67        -4.512360388265785e-11         9.296199182135573e-08         9.291686821747307e-08
68        -4.189384948886994e-11         8.746594002851119e-08         8.742404617902232e-08
69        -3.893074307934855e-11         8.233627331795845e-08          8.22973425748791e-08
70        -3.620907716506371e-11         7.754523150815082e-08         7.750902243098575e-08
71        -3.370633861575844e-11          7.30674453218142e-08         7.303373898319844e-08
72        -3.140238739930426e-11         6.887970379253491e-08         6.884830140513561e-08
73        -2.927917783452697e-11         6.496074697648313e-08          6.49314677986486e-08
74        -2.732051547051624e-11         6.129108092303113e-08         6.126376040756061e-08
75        -2.551184536125097e-11         5.785281226103185e-08          5.78273004156706e-08
76        -2.384006689855898e-11         5.462950010004939e-08         5.460566003315083e-08
77        -2.229337170709053e-11         5.160602324189617e-08         5.158372987018908e-08
78        -2.086110145142839e-11         4.876846095183999e-08         4.874759985038856e-08
79        -1.953362288857698e-11         4.610398575809154e-08         4.608445213520297e-08
80        -1.830221788488986e-11         4.360076693760576e-08         4.358246471972087e-08
81        -1.715898644262273e-11         4.124788351021645e-08         4.123072452377383e-08
82        -1.609676105698795e-11         3.903524570535292e-08         3.901914894429594e-08
83        -1.510903095963206e-11         3.695352398917183e-08          3.69384149582122e-08
84        -1.418987500274944e-11         3.499408484750653e-08         3.497989497250378e-08
85        -1.333390210827865e-11         3.314893261383209e-08         3.313559871172381e-08
86        -1.253619835119336e-11          3.14106567133619e-08          3.13981205150107e-08
87        -1.179227987021768e-11         2.977238376605799e-08         2.976059148618777e-08
88        -1.109805090498015e-11         2.822773405413035e-08         2.821663600322537e-08
89        -1.044976635030844e-11         2.677078191470832e-08         2.676033214835802e-08
90          -9.8439982964063e-12         2.539601966680191e-08          2.53861756685055e-08
91        -9.277606119197056e-12         2.409832472433207e-08         2.408904711821287e-08
92        -8.747709522414793e-12          2.28729295843704e-08         2.286418187484798e-08
93        -8.251664756380132e-12         2.171539441367605e-08         2.170714274891967e-08
94        -7.787042736498836e-12         2.062158198439947e-08         2.061379494166297e-08
95        -7.351609754634156e-12          1.95876347377127e-08         1.958028312795806e-08
96        -6.943309963200016e-12         1.860995377558874e-08         1.860301046562554e-08
97                             0                             0                             0
98                             0                             0                             0
99                             0                             0                             0
100                             0                             0                             0
101                             0                             0                             0
102                             0                             0                             0
103                             0                             0                             0
104                             0                             0                             0
105                             0                             0                             0
106                             0                             0                             0
107                             0                             0                             0
108                             0                             0                             0
109                             0                             0                             0
110                             0                             0                             0
111                             0                             0                             0
112                             0                             0                             0
113                             0                             0                             0
114                             0                             0                             0
115                             0                             0                             0
116                             0                             0                             0
117                             0                             0                             0
118                             0                             0                             0
119                             0                             0                             0
120                             0                             0                             0
121                             0                             0                             0
122                             0                             0                             0
123                             0                             0                             0
124                             0                             0                             0
125                             0                             0                             0
126                             0                             0                             0
127                             0                             0                             0
128                             0                             0                             0
129                             0                             0                             0
130                             0                             0                             0
131                             0                             0                             0
132                             0                             0                             0
133                             0                             0                             0
134                             0                             0                             0
135                             0                             0                             0
136                             0                             0                             0
137                             0                             0                             0
138                             0                             0                             0
139                             0                             0                             0
140                             0                             0                             0
141                             0                             0                             0
142                             0                             0                             0
143                             0                             0                             0
144                             0                             0                             0
145                             0                             0                             0
146                             0                             0                             0
147                             0                             0                             0
148                             0                             0                             0
149                             0                             0                             0
150                             0                             0                             0
151                             0                             0                             0
152                             0                             0                             0
153                             0                             0                             0
154                             0                             0                             0
155                             0                             0                             0
156                             0                             0                             0
157                             0                             0                             0
158                             0                             0                             0
159                             0                             0                             0
160                             0                             0                             0
161                             0                             0                             0
162                             0                             0                             0
163                             0                             0                             0
164                             0                             0                             0
165                             0                             0                             0
166                             0                             0                             0
167                             0                             0                             0
168                             0                             0                             0
169                             0                             0                             0
170                             0                             0                             0
171                             0                             0                             0
172                             0                             0                             0
173                             0                             0                             0
174                             0                             0                             0
175                             0                             0                             0
176                             0                             0                             0
177                             0                             0                             0
178                             0                             0                             0
179                             0                             0                             0
180                             0                             0                             0
181                             0                             0                             0
182                             0                             0                             0
183                             0                             0                             0
184                             0                             0                             0
185                             0                             0                             0
186                             0                             0                             0
187                             0                             0                             0
188                             0                             0                             0
189                             0                             0                             0
190                             0                             0                             0
191                             0                             0                             0
