0                   0                   0                   0
1       0.01440377927       0.03021931815       0.04462309742
2    -0.0008087058443      0.004563986095      0.003755280251
3    -0.0002252078147     0.0008624568455     0.0006372490308
4    -5.226103118e-05     0.0001920520377     0.0001397910065
5    -1.297086799e-05     4.791723909e-05      3.49463711e-05
6    -3.475687898e-06      1.29256029e-05     9.449914999e-06
7    -9.899864337e-07     3.682300464e-06     2.692314031e-06
8    -2.951714456e-07     1.091251459e-06      7.96080013e-07
9     -9.10692258e-08     3.330842543e-07     2.420150285e-07
10    -2.883855273e-08     1.040132722e-07     7.517471948e-08
11     -9.31903112e-09     3.307397022e-08      2.37549391e-08
12    -3.060267174e-09     1.067259773e-08      7.61233056e-09
13    -1.018152214e-09     3.486110437e-09     2.467958223e-09
14    -3.423997398e-10     1.150430689e-09     8.080309492e-10
15    -1.161865168e-10     3.829779309e-10     2.667914142e-10
16    -3.972653551e-11     1.284579446e-10     8.873140907e-11
17    -1.367200106e-11     4.337126257e-11     2.969926151e-11
18    -4.731792718e-12      1.47283102e-11     9.996517484e-12
19    -1.645688454e-12     5.027222656e-12     3.381534203e-12
20    -5.748285215e-13     1.723805696e-12     1.148977174e-12
21    -2.015491957e-13     5.935137909e-13     3.919645951e-13
22    -7.090768075e-14     2.051079498e-13      1.34200269e-13
23     -2.50218697e-14     7.112041459e-14     4.609854489e-14
24    -8.853757864e-15     2.473642362e-14     1.588266575e-14
25    -3.140526037e-15     8.627750261e-15     5.487224224e-15
26    -1.116463899e-15     3.017013113e-15     1.900549214e-15
27    -3.977112047e-16     1.057519472e-15     6.598082674e-16
28    -1.419370605e-16     3.714954712e-16     2.295584108e-16
29     -5.07413043e-17     1.307686139e-16     8.002730957e-17
30    -1.816795175e-17     4.611863948e-17     2.795068773e-17
31    -6.514425027e-18     1.629359144e-17     9.779166416e-18
32     -2.33897143e-18     5.765996552e-18     3.427025122e-18
33     -8.40834015e-19     2.043637059e-18     1.202803044e-18
34    -3.026176401e-19     7.253770117e-19     4.227593717e-19
35    -1.090291495e-19     2.578201794e-19     1.487910299e-19
36    -3.932099411e-20     9.175481233e-20     5.243381822e-20
37    -1.419422772e-20     3.269401356e-20     1.849978584e-20
38    -5.128365032e-21     1.166289205e-20     6.534527018e-21
39    -1.854396883e-21     4.165013286e-21     2.310616403e-21
40    -6.710606208e-22     1.488929696e-21     8.178690754e-22
41    -2.430169796e-22      5.32791219e-22     2.897742394e-22
42    -8.806622211e-23     1.908288624e-22     1.027626403e-22
43    -3.193474917e-23     6.840939974e-23     3.647465057e-23
44    -1.158734253e-23     2.454449838e-23     1.295715585e-23
45    -4.206843237e-24     8.813377924e-24     4.606534687e-24
46    -1.528156952e-24     3.167122031e-24      1.63896508e-24
47     -5.55401044e-25     1.138955415e-24     5.835543709e-25
48    -2.019581245e-25      4.09877866e-25     2.079197415e-25
49    -7.347193266e-26     1.476029995e-25     7.413106688e-26
50    -2.674098505e-26      5.31883875e-26     2.644740245e-26
51    -9.736886232e-27     1.917820993e-26     9.441323693e-27
52    -3.546835919e-27     6.919237934e-27     3.372402015e-27
53    -1.292505811e-27     2.497798404e-27     1.205292594e-27
54    -4.711800694e-28     9.021857545e-28     4.310056851e-28
55    -1.718293623e-28     3.260356422e-28     1.542062798e-28
56     -6.26840987e-29     1.178843864e-28     5.520028774e-29
57    -2.287498442e-29     4.264436035e-29     1.976937594e-29
58    -8.350296102e-30     1.543382138e-29     7.083525283e-30
59    -3.049124525e-30     5.588364382e-30     2.539239857e-30
60    -1.113718773e-30     2.024363705e-30      9.10644932e-31
61    -4.069098267e-31     7.336323779e-31     3.267225512e-31
62    -1.487094289e-31     2.659796566e-31     1.172702277e-31
63    -5.436159642e-32       9.6470048e-32     4.210845158e-32
64    -1.987719858e-32     3.500299057e-32     1.512579198e-32
65                   0                   0                   0
66                   0                   0                   0
67                   0                   0                   0
68                   0                   0                   0
69                   0                   0                   0
70                   0                   0                   0
71                   0                   0                   0
72                   0                   0                   0
73                   0                   0                   0
74                   0                   0                   0
75                   0                   0                   0
76                   0                   0                   0
77                   0                   0                   0
78                   0                   0                   0
79                   0                   0                   0
80                   0                   0                   0
81                   0                   0                   0
82                   0                   0                   0
83                   0                   0                   0
84                   0                   0                   0
85                   0                   0                   0
86                   0                   0                   0
87                   0                   0                   0
88                   0                   0                   0
89                   0                   0                   0
90                   0                   0                   0
91                   0                   0                   0
92                   0                   0                   0
93                   0                   0                   0
94                   0                   0                   0
95                   0                   0                   0
96                   0                   0                   0
97                   0                   0                   0
98                   0                   0                   0
99                   0                   0                   0
100                   0                   0                   0
101                   0                   0                   0
102                   0                   0                   0
103                   0                   0                   0
104                   0                   0                   0
105                   0                   0                   0
106                   0                   0                   0
107                   0                   0                   0
108                   0                   0                   0
109                   0                   0                   0
110                   0                   0                   0
111                   0                   0                   0
112                   0                   0                   0
113                   0                   0                   0
114                   0                   0                   0
115                   0                   0                   0
116                   0                   0                   0
117                   0                   0                   0
118                   0                   0                   0
119                   0                   0                   0
120                   0                   0                   0
121                   0                   0                   0
122                   0                   0                   0
123                   0                   0                   0
124                   0                   0                   0
125                   0                   0                   0
126                   0                   0                   0
127                   0                   0                   0
