
0                             0                             0                             0
1           0.01897081621343562           0.03106444147256537           0.05003525768600098
2        -0.0002964144761941276           0.00621163233038355          0.005915217854189423
3        -0.0001736867814621985          0.001758740598116232          0.001585053816654034
4        -5.583939848086725e-05         0.0006384555332614049         0.0005826161347805376
5        -1.994704203478221e-05         0.0002721870852827124         0.0002522400432479302
6        -8.135386643735369e-06         0.0001286385522152545         0.0001205031655715191
7        -3.686441695658786e-06         6.512118873569857e-05         6.143474704003978e-05
8        -1.805089673508067e-06         3.459345929622886e-05         3.278836962272079e-05
9        -9.356562618566322e-07         1.903754982845385e-05         1.810189356659722e-05
10        -5.061161661349473e-07         1.076252527718262e-05         1.025640911104767e-05
11        -2.828680860379953e-07         6.214273422373236e-06         5.931405336335241e-06
12        -1.622027392136965e-07         3.649608898792714e-06         3.487406159579017e-06
13         -9.49406573012258e-08         2.173506412808204e-06         2.078565755506978e-06
14        -5.650881985489354e-08         1.309587199811641e-06         1.253078379956747e-06
15        -3.410342628767564e-08         7.968801779032328e-07         7.627767516155571e-07
16        -2.082230904484739e-08         4.890194675271403e-07         4.681971584822929e-07
17         -1.28394567584056e-08         3.023039992591542e-07         2.894645425007486e-07
18        -7.984401881574977e-09         1.880820849730562e-07         1.800976830914812e-07
19        -5.001762238407261e-09         1.176814216169374e-07         1.126796593785302e-07
20        -3.153439415292782e-09         7.400329768783293e-08         7.084985827254015e-08
21        -1.999364053266984e-09         4.674615628448342e-08         4.474679223121643e-08
22        -1.273987040209178e-09         2.964804253183582e-08         2.837405549162664e-08
23        -8.153936481355762e-10          1.88726603997776e-08         1.805726675164203e-08
24        -5.239592134270708e-10         1.205346466353149e-08         1.152950545010442e-08
25        -3.378958430477903e-10          7.72157767084629e-09         7.383681827798499e-09
26        -2.186122038908506e-10         4.960267541183023e-09         4.741655337292173e-09
27        -1.418543634159576e-10         3.194566405873251e-09         3.052712042457293e-09
28        -9.229425310340631e-11         2.062246668034969e-09         1.969952414931563e-09
29        -6.019646348511149e-11         1.334181373121811e-09           1.2739849096367e-09
30        -3.934993456707124e-11          8.64901452011442e-10         8.255515174443708e-10
31         -2.57760329930061e-11         5.617393796979333e-10         5.359633467049272e-10
32        -1.691679181870376e-11         3.654809462623682e-10         3.485641544436645e-10
33         -1.11221301796281e-11         2.381807799622247e-10         2.270586497825966e-10
34        -7.324374332749129e-12         1.554590231302284e-10         1.481346487974793e-10
35        -4.830763336824047e-12         1.016135568834391e-10         9.678279354661505e-11
36        -3.190645718763867e-12         6.650843644742795e-11         6.331779072866408e-11
37        -2.110173507681625e-12         4.358702797456668e-11         4.147685446688506e-11
38        -1.397324958010932e-12         2.859974269407974e-11         2.720241773606881e-11
39        -9.263658723214537e-13         1.878723185436584e-11         1.786086598204439e-11
40        -6.148125244357402e-13         1.235472217214077e-11         1.173990964770503e-11
41        -4.084601102168742e-13         8.132956410049124e-12          7.72449629983225e-12
42        -2.716298335423015e-13         5.359037067067717e-12         5.087407233525416e-12
43        -1.808016261155822e-13         3.534493324786776e-12         3.353691698671194e-12
44        -1.204487484821608e-13           2.3331914954392e-12         2.212742746957039e-12
45        -8.030768011885309e-14         1.541482136519135e-12         1.461174456400282e-12
46        -5.358558221402413e-14         1.019236125033869e-12         9.656505428198446e-13
47        -3.578141772539463e-14         6.744406639856357e-13         6.386592462602411e-13
48        -2.390945804723187e-14         4.466123853070368e-13          4.22702927259805e-13
49        -1.598709414498627e-14         2.959526526673542e-13          2.79965558522368e-13
50        -1.069653194240244e-14         1.962480767029935e-13         1.855515447605911e-13
51        -7.161056520427825e-15         1.302171853718271e-13         1.230561288513992e-13
52        -4.796889457953825e-15         8.645690173845781e-14         8.166001228050398e-14
53        -3.214988758075512e-15         5.743662526345354e-14         5.422163650537803e-14
54        -2.155885586413855e-15         3.817913373576544e-14         3.602324814935158e-14
55        -1.446400253220066e-15         2.539228180973634e-14         2.394588155651627e-14
56        -9.708640924218426e-16         1.689689913507231e-14         1.592603504265047e-14
57         -6.51968723478597e-16         1.124950786292809e-14         1.059753913944949e-14
58        -4.380111673312465e-16          7.49330351387381e-15         7.055292346542564e-15
59        -2.943919352560683e-16          4.99365909962643e-15         4.699267164370362e-15
60        -1.979436571619817e-16         3.329377920434754e-15         3.131434263272772e-15
61        -1.331451320619064e-16         2.220747436925016e-15         2.087602304863109e-15
62        -8.959225464090256e-17         1.481906109470452e-15         1.392313854829549e-15
63        -6.030744303084467e-17         9.892852717741385e-16         9.289778287432939e-16
64        -4.060885814522185e-17         6.606872454501065e-16         6.200783873048846e-16
65        -2.735360057594674e-17         4.414060619383173e-16         4.140524613623706e-16
66        -1.843091172977778e-17         2.950145130840763e-16         2.765836013542985e-16
67        -1.242260674014293e-17         1.972450709016564e-16         1.848224641615135e-16
68        -8.375437665739734e-18         1.319233975027101e-16         1.235479598369703e-16
69        -5.648415444242648e-18         8.826444672547948e-17         8.261603128123683e-17
70        -3.810358273253604e-18         5.907363653007353e-17         5.526327825681993e-17
71        -2.571111863327824e-18         3.954953198346985e-17         3.697842012014203e-17
72        -1.735354570180618e-18         2.648650900352407e-17         2.475115443334345e-17
73        -1.171558186466207e-18         1.774352835752574e-17         1.657197017105953e-17
74        -7.911236303505521e-19         1.189004403495675e-17          1.10989204046062e-17
75        -5.343506392020698e-19         7.969877186042987e-18         7.435526546840917e-18
76        -3.609994768069433e-19         5.343688089375286e-18         4.982688612568343e-18
77        -2.439394261143407e-19         3.583840149482831e-18         3.339900723368491e-18
78        -1.648730482043701e-19         2.404202814080177e-18         2.239329765875807e-18
79        -1.114568505154417e-19         1.613264273396956e-18         1.501807422881514e-18
80        -7.536168537648844e-20         1.082801865441535e-18         1.007440180065046e-18
81        -5.096577044940438e-20         7.269403365258313e-19          6.75974566076427e-19
82        -3.447372943054655e-20         4.881487336744606e-19          4.53675004243914e-19
83        -2.332261571567432e-20         3.278737335001107e-19         3.045511177844364e-19
84        -1.578131844034433e-20         2.202721910043624e-19         2.044908725640181e-19
85         -1.06803175750893e-20         1.480160875927501e-19         1.373357700176608e-19
86        -7.229326020069774e-21         9.948373339931266e-20         9.225440737924289e-20
87        -4.894205516140039e-21         6.687856073343732e-20         6.198435521729728e-20
88        -3.313869534557255e-21         4.496880134173945e-20          4.16549318071822e-20
89        -2.244169019823802e-21         3.024288302377659e-20         2.799871400395278e-20
90         -1.51999052646012e-21         2.034326041437647e-20         1.882326988791635e-20
91        -1.029650036075391e-21         1.368678645185151e-20         1.265713641577611e-20
92          -6.9758988998536e-22         9.210095326722036e-21         8.512505436736676e-21
93        -4.726839977402799e-22         6.198786232971603e-21         5.726102235231323e-21
94         -3.20331956182813e-22         4.172797917376663e-21          3.85246596119385e-21
95        -2.171134815450544e-22         2.809470776913539e-21         2.592357295368485e-21
96        -1.471733060680582e-22         1.891892809434825e-21         1.744719503366767e-21
97        -9.977589865412296e-23         1.274212307266494e-21         1.174436408612371e-21
98        -6.765116276611422e-23          8.58338900378903e-22         7.906877376127887e-22
99        -4.587505645784891e-23         5.782904807333766e-22         5.324154242755277e-22
100        -3.111203682594801e-23         3.896746033843774e-22         3.585625665584294e-22
101        -2.110228880078511e-23         2.626186579052754e-22         2.415163691044903e-22
102        -1.431458646190018e-23         1.770170578459165e-22         1.627024713840164e-22
103         -9.71124819079875e-24         1.193354327439747e-22         1.096241845531759e-22
104        -6.588965292887697e-24         8.046132631363497e-23         7.387236102074727e-23
105         -4.47099573601402e-24         5.425842799023856e-23         4.978743225422454e-23
106        -3.034136710736967e-24         3.659386417605087e-23          3.35597274653139e-23
107        -2.059249195751393e-24         2.468364069887459e-23          2.26243915031232e-23
108        -1.397734172959756e-24         1.665209605386573e-23         1.525436188090598e-23
109        -9.488143788771744e-25         1.123534065925503e-23         1.028652628037785e-23
110         -6.44136685805875e-25         7.581587625048078e-24         6.937450939242203e-24
111        -4.373348109205108e-25         5.116695923714832e-24         4.679361112794321e-24
112        -2.969535062880296e-25         3.453612295058545e-24         3.156658788770516e-24
113                             0                             0                             0
114                             0                             0                             0
115                             0                             0                             0
116                             0                             0                             0
117                             0                             0                             0
118                             0                             0                             0
119                             0                             0                             0
120                             0                             0                             0
121                             0                             0                             0
122                             0                             0                             0
123                             0                             0                             0
124                             0                             0                             0
125                             0                             0                             0
126                             0                             0                             0
127                             0                             0                             0
128                             0                             0                             0
129                             0                             0                             0
130                             0                             0                             0
131                             0                             0                             0
132                             0                             0                             0
133                             0                             0                             0
134                             0                             0                             0
135                             0                             0                             0
136                             0                             0                             0
137                             0                             0                             0
138                             0                             0                             0
139                             0                             0                             0
140                             0                             0                             0
141                             0                             0                             0
142                             0                             0                             0
143                             0                             0                             0
144                             0                             0                             0
145                             0                             0                             0
146                             0                             0                             0
147                             0                             0                             0
148                             0                             0                             0
149                             0                             0                             0
150                             0                             0                             0
151                             0                             0                             0
152                             0                             0                             0
153                             0                             0                             0
154                             0                             0                             0
155                             0                             0                             0
156                             0                             0                             0
157                             0                             0                             0
158                             0                             0                             0
159                             0                             0                             0
160                             0                             0                             0
161                             0                             0                             0
162                             0                             0                             0
163                             0                             0                             0
164                             0                             0                             0
165                             0                             0                             0
166                             0                             0                             0
167                             0                             0                             0
168                             0                             0                             0
169                             0                             0                             0
170                             0                             0                             0
171                             0                             0                             0
172                             0                             0                             0
173                             0                             0                             0
174                             0                             0                             0
175                             0                             0                             0
176                             0                             0                             0
177                             0                             0                             0
178                             0                             0                             0
179                             0                             0                             0
180                             0                             0                             0
181                             0                             0                             0
182                             0                             0                             0
183                             0                             0                             0
184                             0                             0                             0
185                             0                             0                             0
186                             0                             0                             0
187                             0                             0                             0
188                             0                             0                             0
189                             0                             0                             0
190                             0                             0                             0
191                             0                             0                             0
192                             0                             0                             0
193                             0                             0                             0
194                             0                             0                             0
195                             0                             0                             0
196                             0                             0                             0
197                             0                             0                             0
198                             0                             0                             0
199                             0                             0                             0
200                             0                             0                             0
201                             0                             0                             0
202                             0                             0                             0
203                             0                             0                             0
204                             0                             0                             0
205                             0                             0                             0
206                             0                             0                             0
207                             0                             0                             0
208                             0                             0                             0
209                             0                             0                             0
210                             0                             0                             0
211                             0                             0                             0
212                             0                             0                             0
213                             0                             0                             0
214                             0                             0                             0
215                             0                             0                             0
216                             0                             0                             0
217                             0                             0                             0
218                             0                             0                             0
219                             0                             0                             0
220                             0                             0                             0
221                             0                             0                             0
222                             0                             0                             0
223                             0                             0                             0
