
0                             0                             0                             0
1           0.00554011610225956           0.04449514158374143           0.05003525768600098
2         -0.001302774492675124          0.007217992346864547          0.005915217854189423
3          -0.00026420382052118          0.001849257637175214          0.001585053816654034
4        -6.610468272759255e-05         0.0006487208175081302         0.0005826161347805376
5        -2.173417027174129e-05         0.0002739742135196715         0.0002522400432479302
6        -8.706652385875676e-06         0.0001292098179573948         0.0001205031655715191
7        -3.961664805582856e-06         6.539641184562264e-05         6.143474704003978e-05
8        -1.959536593779758e-06         3.474790621650055e-05         3.278836962272079e-05
9        -1.026720819022089e-06          1.91286143856193e-05         1.810189356659722e-05
10        -5.609041945648361e-07         1.081731330561251e-05         1.025640911104767e-05
11        -3.162171572212068e-07         6.247622493556448e-06         5.931405336335241e-06
12        -1.826773174595727e-07          3.67008347703859e-06         3.487406159579017e-06
13         -1.07600744962978e-07         2.186166500469956e-06         2.078565755506978e-06
14        -6.438546373024305e-08          1.31746384368699e-06         1.253078379956747e-06
15        -3.903087766107984e-08          8.01807629276637e-07         7.627767516155571e-07
16        -2.391994684386693e-08         4.921171053261598e-07         4.681971584822929e-07
17        -1.479539434785808e-08         3.042599368486067e-07         2.894645425007486e-07
18         -9.22437889455602e-09         1.893220619860372e-07         1.800976830914812e-07
19          -5.7907104268931e-09         1.184703698054233e-07         1.126796593785302e-07
20        -3.657080576923885e-09         7.450693884946403e-08         7.084985827254015e-08
21        -2.321849561801167e-09          4.70686417930176e-08         4.474679223121643e-08
22        -1.481052678217056e-09          2.98551081698437e-08         2.837405549162664e-08
23        -9.486903760372374e-10         1.900595712767926e-08         1.805726675164203e-08
24        -6.099713688390783e-10          1.21394768189435e-08         1.152950545010442e-08
25        -3.935187124612068e-10         7.777200540259706e-09         7.383681827798499e-09
26        -2.546561514568305e-10         4.996311488749003e-09         4.741655337292173e-09
27        -1.652554346497324e-10         3.217967477107026e-09         3.052712042457293e-09
28        -1.075140395937017e-10         2.077466454525264e-09         1.969952414931563e-09
29        -7.011165380646141e-11         1.344096563443161e-09           1.2739849096367e-09
30        -4.581939517490129e-11          8.71370912619272e-10         8.255515174443708e-10
31        -3.000338614833006e-11         5.659667328532572e-10         5.359633467049272e-10
32        -1.968287315234664e-11         3.682470275960111e-10         3.485641544436645e-10
33        -1.293440074005475e-11         2.399930505226513e-10         2.270586497825966e-10
34        -8.513181366115127e-12         1.566478301635944e-10         1.481346487974793e-10
35        -5.611493663505955e-12          1.02394287210121e-10         9.678279354661505e-11
36        -3.703938882917008e-12         6.702172961158109e-11         6.331779072866408e-11
37        -2.447989420564832e-12         4.392484388744989e-11         4.147685446688506e-11
38        -1.619872195699673e-12         2.882228993176848e-11         2.720241773606881e-11
39        -1.073113386378701e-12         1.893397936842309e-11         1.786086598204439e-11
40        -7.116639917746785e-13         1.245157363947971e-11         1.173990964770503e-11
41         -4.72435125778673e-13         8.196931425610923e-12          7.72449629983225e-12
42        -3.139226317580804e-13         5.401329865283496e-12         5.087407233525416e-12
43        -2.087823200373965e-13          3.56247401870859e-12         3.353691698671194e-12
44        -1.389743293053202e-13          2.35171707626236e-12         2.212742746957039e-12
45        -9.258186543336204e-14         1.553756321833644e-12         1.461174456400282e-12
46        -6.172340215825418e-14         1.027373944978099e-12         9.656505428198446e-13
47        -4.118032538078876e-14         6.798395716410299e-13         6.386592462602411e-13
48        -2.749351367591754e-14         4.501964409357225e-13          4.22702927259805e-13
49        -1.836778979007208e-14           2.9833334831244e-13          2.79965558522368e-13
50        -1.227881144846406e-14         1.978303562090551e-13         1.855515447605911e-13
51        -8.213268377217825e-15         1.312693972286171e-13         1.230561288513992e-13
52        -5.496981028178398e-15         8.715699330868238e-14         8.166001228050398e-14
53        -3.681035712909951e-15         5.790267221828798e-14         5.422163650537803e-14
54        -2.466284097464927e-15         3.848953224681651e-14         3.602324814935158e-14
55        -1.653231951587934e-15         2.559911350810421e-14         2.394588155651627e-14
56        -1.108748406655193e-15         1.703478344930566e-14         1.592603504265047e-14
57        -7.439302301026428e-16         1.134146936955214e-14         1.059753913944949e-14
58        -4.993710101305414e-16         7.554663356673105e-15         7.055292346542564e-15
59        -3.353503523807926e-16         5.034617516751155e-15         4.699267164370362e-15
60        -2.252948944641872e-16         3.356729157736959e-15         3.131434263272772e-15
61        -1.514168793526735e-16         2.239019184215783e-15         2.087602304863109e-15
62        -1.018031395937609e-16          1.49411699442331e-15         1.392313854829549e-15
63        -6.847088051074991e-17         9.974487092540438e-16         9.289778287432939e-16
64        -4.606836006224238e-17          6.66146747367127e-16         6.200783873048846e-16
65        -3.100603444872996e-17         4.450584958111005e-16         4.140524613623706e-16
66        -2.087522384734068e-17         2.974588252016392e-16         2.765836013542985e-16
67        -1.405893973101884e-17         1.988814038925323e-16         1.848224641615135e-16
68         -9.47121771344753e-18         1.330191775504179e-16         1.235479598369703e-16
69        -6.382435435716915e-18         8.899846671695375e-17         8.261603128123683e-17
70        -4.302195583628846e-18         5.956547384044877e-17         5.526327825681993e-17
71        -2.900767551854039e-18         3.987918767199607e-17         3.697842012014203e-17
72        -1.956369586818659e-18         2.670752402016211e-17         2.475115443334345e-17
73        -1.319776482573743e-18         1.789174665363327e-17         1.657197017105953e-17
74        -8.905490718017644e-19         1.198946947640796e-17          1.10989204046062e-17
75        -6.010629358737668e-19         8.036589482714684e-18         7.435526546840917e-18
76         -4.05773281577291e-19         5.388461894145634e-18         4.982688612568343e-18
77        -2.739966633138392e-19          3.61389738668233e-18         3.339900723368491e-18
78        -1.850557067681332e-19          2.42438547264394e-18         2.239329765875807e-18
79        -1.250121573993166e-19         1.626819580280831e-18         1.501807422881514e-18
80        -8.446793405942858e-20         1.091908114124475e-18         1.007440180065046e-18
81        -5.708457280092615e-20         7.330591388773531e-19          6.75974566076427e-19
82         -3.85860578575945e-20         4.922610621015085e-19          4.53675004243914e-19
83        -2.608701881566903e-20         3.306381366001054e-19         3.045511177844364e-19
84        -1.764000006690705e-20         2.221308726309251e-19         2.044908725640181e-19
85         -1.19302790074245e-20         1.492660490250853e-19         1.373357700176608e-19
86        -8.070090163225545e-21         1.003244975424684e-19         9.225440737924289e-20
87        -5.459839857444403e-21         6.744419507474168e-20         6.198435521729728e-20
88        -3.694478923107719e-21         4.534941073028992e-20          4.16549318071822e-20
89        -2.500324440217737e-21         3.049903844417052e-20         2.799871400395278e-20
90        -1.692417884102137e-21         2.051568777201849e-20         1.882326988791635e-20
91          -1.1457375915187e-21         1.380287400729481e-20         1.265713641577611e-20
92         -7.75759939120146e-22         9.288265375856822e-21         8.512505436736676e-21
93        -5.253304048212736e-22         6.251432640052596e-21         5.726102235231323e-21
94        -3.557944425348718e-22         4.208260403728722e-21          3.85246596119385e-21
95        -2.410048058196999e-22         2.833362101188185e-21         2.592357295368485e-21
96        -1.632716207766712e-22         1.907991124143438e-21         1.744719503366767e-21
97        -1.106248646583279e-22         1.285061273270699e-21         1.174436408612371e-21
98        -7.496360867269858e-23         8.656513462854873e-22         7.906877376127887e-22
99        -5.080454709934804e-23         5.832199713748758e-22         5.324154242755277e-22
100        -3.443560970442415e-23         3.929981762628536e-22         3.585625665584294e-22
101        -2.334343868042568e-23          2.64859807784916e-22         2.415163691044903e-22
102        -1.582605086517969e-23          1.78528522249196e-22         1.627024713840164e-22
103         -1.07307431871728e-23         1.203549277403487e-22         1.096241845531759e-22
104        -7.276716381503366e-24         8.114907740225064e-23         7.387236102074727e-23
105        -4.935014324729932e-24         5.472244657895447e-23         4.978743225422454e-23
106        -3.347246249506723e-24         3.690697371482063e-23          3.35597274653139e-23
107        -2.270555764421859e-24         2.489494726754506e-23          2.26243915031232e-23
108        -1.540355495019608e-24         1.679471737592558e-23         1.525436188090598e-23
109        -1.045088527754394e-24         1.133161480813225e-23         1.028652628037785e-23
110        -7.091328494053767e-25          7.64658378864758e-24         6.937450939242203e-24
111        -4.812199647487501e-25         5.160581077543071e-24         4.679361112794321e-24
112        -3.265880660211195e-25         3.483246854791635e-24         3.156658788770516e-24
113                             0                             0                             0
114                             0                             0                             0
115                             0                             0                             0
116                             0                             0                             0
117                             0                             0                             0
118                             0                             0                             0
119                             0                             0                             0
120                             0                             0                             0
121                             0                             0                             0
122                             0                             0                             0
123                             0                             0                             0
124                             0                             0                             0
125                             0                             0                             0
126                             0                             0                             0
127                             0                             0                             0
128                             0                             0                             0
129                             0                             0                             0
130                             0                             0                             0
131                             0                             0                             0
132                             0                             0                             0
133                             0                             0                             0
134                             0                             0                             0
135                             0                             0                             0
136                             0                             0                             0
137                             0                             0                             0
138                             0                             0                             0
139                             0                             0                             0
140                             0                             0                             0
141                             0                             0                             0
142                             0                             0                             0
143                             0                             0                             0
144                             0                             0                             0
145                             0                             0                             0
146                             0                             0                             0
147                             0                             0                             0
148                             0                             0                             0
149                             0                             0                             0
150                             0                             0                             0
151                             0                             0                             0
152                             0                             0                             0
153                             0                             0                             0
154                             0                             0                             0
155                             0                             0                             0
156                             0                             0                             0
157                             0                             0                             0
158                             0                             0                             0
159                             0                             0                             0
160                             0                             0                             0
161                             0                             0                             0
162                             0                             0                             0
163                             0                             0                             0
164                             0                             0                             0
165                             0                             0                             0
166                             0                             0                             0
167                             0                             0                             0
168                             0                             0                             0
169                             0                             0                             0
170                             0                             0                             0
171                             0                             0                             0
172                             0                             0                             0
173                             0                             0                             0
174                             0                             0                             0
175                             0                             0                             0
176                             0                             0                             0
177                             0                             0                             0
178                             0                             0                             0
179                             0                             0                             0
180                             0                             0                             0
181                             0                             0                             0
182                             0                             0                             0
183                             0                             0                             0
184                             0                             0                             0
185                             0                             0                             0
186                             0                             0                             0
187                             0                             0                             0
188                             0                             0                             0
189                             0                             0                             0
190                             0                             0                             0
191                             0                             0                             0
192                             0                             0                             0
193                             0                             0                             0
194                             0                             0                             0
195                             0                             0                             0
196                             0                             0                             0
197                             0                             0                             0
198                             0                             0                             0
199                             0                             0                             0
200                             0                             0                             0
201                             0                             0                             0
202                             0                             0                             0
203                             0                             0                             0
204                             0                             0                             0
205                             0                             0                             0
206                             0                             0                             0
207                             0                             0                             0
208                             0                             0                             0
209                             0                             0                             0
210                             0                             0                             0
211                             0                             0                             0
212                             0                             0                             0
213                             0                             0                             0
214                             0                             0                             0
215                             0                             0                             0
216                             0                             0                             0
217                             0                             0                             0
218                             0                             0                             0
219                             0                             0                             0
220                             0                             0                             0
221                             0                             0                             0
222                             0                             0                             0
223                             0                             0                             0
