
0                             0                             0                             0
1           0.01906051400267363           0.03105585389790507            0.0501163679005787
2        -0.0002826808291029864          0.006245914315800419          0.005963233486697432
3        -0.0001708705503494432          0.001785609868535482          0.001614739318186039
4        -5.515657286571439e-05         0.0006565512230648407         0.0006013946501991263
5        -1.979171205507827e-05         0.0002840851930307996         0.0002642934809757214
6        -8.126265073593321e-06         0.0001364457260593052         0.0001283194609857119
7        -3.715487507579282e-06         7.025764593830931e-05         6.654215843073003e-05
8         -1.83924463801237e-06         3.798479554102117e-05          3.61455509030088e-05
9        -9.652890810165624e-07         2.128443099011729e-05         2.031914190910073e-05
10        -5.293184427259639e-07         1.225584494873106e-05          1.17265265060051e-05
11        -3.001858251750985e-07         7.209532744349328e-06         6.909346919174229e-06
12        -1.747961961398881e-07         4.314559734897678e-06          4.13976353875779e-06
13        -1.039576750408982e-07         2.618741491515114e-06         2.514783816474216e-06
14        -6.290195668002046e-08         1.608283619755608e-06         1.545381663075587e-06
15        -3.860682443913102e-08         9.976143040758281e-07         9.590074796366971e-07
16        -2.398046837049368e-08         6.241289598763693e-07         6.001484915058756e-07
17        -1.504731719205093e-08         3.933703388797203e-07         3.783230216876694e-07
18        -9.524466165621037e-09         2.495403565984283e-07         2.400158904328072e-07
19        -6.074271828476503e-09         1.592058781544013e-07         1.531316063259248e-07
20        -3.899450964776726e-09         1.020890339932792e-07         9.818958302850245e-08
21        -2.517813175783629e-09         6.576080729745971e-08         6.324299412167608e-08
22        -1.634052010002073e-09         4.253286856222885e-08         4.089881655222678e-08
23         -1.06533732613946e-09         2.761096576577838e-08         2.654562843963892e-08
24         -6.97397188268604e-10         1.798419815751441e-08          1.72868009692458e-08
25        -4.582131054602655e-10         1.174966627489979e-08         1.129145316943953e-08
26        -3.020618715400609e-10         7.697920137280125e-09         7.395858265740064e-09
27        -1.997249854891032e-10         5.056343861591049e-09         4.856618876101946e-09
28        -1.324222091448594e-10         3.329112218225849e-09          3.19669000908099e-09
29        -8.801956868675298e-11         2.196705844752804e-09         2.108686276066051e-09
30        -5.864050021726857e-11          1.45244041792439e-09         1.393799917707121e-09
31         -3.91504176084573e-11         9.621574928491348e-10         9.230070752406775e-10
32         -2.61893357444695e-11         6.384988188334397e-10         6.123094830889702e-10
33        -1.755086491441067e-11         4.244144764458565e-10         4.068636115314458e-10
34        -1.178152922314906e-11         2.825473408507916e-10         2.707658116276425e-10
35        -7.921049761296286e-12         1.883745091882124e-10         1.804534594269162e-10
36        -5.333294414687611e-12         1.257608603039905e-10         1.204275658893029e-10
37        -3.595822795091211e-12         8.406730741874919e-11         8.047148462365798e-11
38        -2.427464645221294e-12         5.626466475158797e-11         5.383720010636668e-11
39         -1.64068366035928e-12         3.770010329642487e-11         3.605941963606559e-11
40        -1.110152157742167e-12          2.52883845490033e-11         2.417823239126113e-11
41         -7.51963848180925e-13         1.698036274109785e-11         1.622839889291692e-11
42        -5.098491399289632e-13         1.141294181038752e-11         1.090309267045856e-11
43        -3.460129153537692e-13             7.67807062824e-12         7.332057712886231e-12
44        -2.350316515400481e-13         5.170006214337779e-12         4.934974562797731e-12
45        -1.597802447134448e-13         3.484146889471072e-12         3.324366644757627e-12
46        -1.087084543687723e-13         2.349911364660585e-12         2.241202910291813e-12
47        -7.401662901988088e-14         1.586136190803555e-12         1.512119561783674e-12
48        -5.043180776836337e-14         1.071392983841009e-12         1.020961176072646e-12
49        -3.438536954741884e-14         7.242070634486819e-13          6.89821693901263e-13
50        -2.345970314544012e-14         4.898572228610815e-13         4.663975197156414e-13
51        -1.601539591760668e-14         3.315561096320043e-13         3.155407137143976e-13
52        -1.093973428668958e-14         2.245504860096714e-13         2.136107517229819e-13
53         -7.47684157890356e-15         1.521702537398738e-13         1.446934121609702e-13
54        -5.112826070858338e-15         1.031797106911639e-13         9.806688462030557e-14
55        -3.498042638420407e-15         7.000002067051694e-14         6.650197803209653e-14
56        -2.394422853411748e-15         4.751518524990475e-14           4.5120762396493e-14
57        -1.639756182603862e-15         3.226923325025492e-14         3.062947706765106e-14
58        -1.123445279707788e-15         2.192597154991355e-14         2.080252627020576e-14
59        -7.700356331531301e-16         1.490511973994856e-14         1.413508410679543e-14
60        -5.280176770600786e-16         1.013704445872791e-14         9.609026781667828e-15
61        -3.622077636120296e-16         6.897309185848326e-15         6.535101422236297e-15
62        -2.485604375437311e-16         4.694983213348068e-15         4.446422775804336e-15
63        -1.706337286430515e-16         3.197188652804969e-15         3.026554924161918e-15
64        -1.171791630798437e-16         2.178093478202106e-15         2.060914315122262e-15
65        -8.049758695992439e-17         1.484407846043668e-15         1.403910259083744e-15
66        -5.531678238461831e-17         1.012029441695741e-15         9.567126593111225e-16
67        -3.802484324909116e-17         6.902257899460785e-16         6.522009466969874e-16
68         -2.61462602482868e-17         4.709150046444596e-16         4.447687443961728e-16
69        -1.798368740650231e-17         3.213975658398541e-16         3.034138784333518e-16
70        -1.237287276515485e-17         2.194254254051953e-16         2.070525526400404e-16
71        -8.514924767825604e-18         1.498550629095432e-16         1.413401381417176e-16
72        -5.861456927502114e-18         1.023745422671098e-16         9.651308533960773e-17
73        -4.035906067320347e-18         6.995918696381369e-17         6.592328089649334e-17
74        -2.779608432181588e-18         4.782181670063046e-17         4.504220826844887e-17
75        -1.914828331216317e-18         3.269884285387013e-17         3.078401452265382e-17
76        -1.319399854336722e-18         2.236455696984322e-17         2.104515711550649e-17
77        -9.093273179160533e-19          1.53005329269612e-17         1.439120560904515e-17
78        -6.268422461594216e-19         1.047051467722184e-17         9.843672431062414e-18
79        -4.322028393006681e-19         7.167071034563772e-18         6.734868195263104e-18
80        -2.980612771379199e-19         4.907097692236874e-18         4.609036415098954e-18
81        -2.055935326560392e-19         3.360579976723322e-18         3.154986444067283e-18
82        -1.418393597258492e-19         2.302012232772001e-18         2.160172873046152e-18
83         -9.78734901351822e-20         1.577256418107401e-18         1.479382927972219e-18
84        -6.754793318468455e-20          1.08092555049671e-18         1.013377617312026e-18
85        -4.662678824842563e-20         7.409444920579808e-19         6.943177038095551e-19
86        -3.219090918136415e-20         5.080069710590119e-19         4.758160618776477e-19
87        -2.222814557651805e-20         3.483738536622842e-19         3.261457080857662e-19
88        -1.535124111421303e-20         2.389522754935228e-19         2.236010343793097e-19
89        -1.060357038345732e-20         1.639322705616733e-19         1.533287001782159e-19
90        -7.325331700718716e-21         1.124872767532498e-19         1.051619450525311e-19
91        -5.061360217724751e-21          7.72015613953977e-20         7.214020117767295e-20
92        -3.497601170996725e-21         5.299447929958675e-20         4.949687812859002e-20
93        -2.417323521442039e-21         3.638440126370058e-20         3.396707774225855e-20
94        -1.670933441523959e-21          2.49849305619609e-20         2.331399712043694e-20
95        -1.155159325255473e-21         1.716001571632242e-20         1.600485639106694e-20
96        -7.986960340230397e-22         1.178778482753801e-20         1.098908879351497e-20
97        -5.523020544770571e-22         8.098789620779278e-21         7.546487566302221e-21
98        -3.819670664546055e-22         5.565188771411764e-21         5.183221704957158e-21
99          -2.6419706883108e-22         3.824811710461146e-21         3.560614641630066e-21
100        -1.827601964694831e-22         2.629112419324882e-21         2.446352222855399e-21
101        -1.264403113284239e-22         1.807489535252162e-21         1.681049223923738e-21
102          -8.7486014080425e-23         1.242821075999745e-21          1.15533506191932e-21
103        -6.053962009563613e-23          8.54685419960437e-22         7.941457998648008e-22
104        -4.189745384584533e-23         5.878514219460298e-22         5.459539681001845e-22
105        -2.899889020240476e-23          4.04381429741003e-22         3.753825395385982e-22
106        -2.007335164827643e-23          2.78212080194278e-22         2.581387285460016e-22
107        -1.389639569048198e-23         1.914347363974889e-22          1.77538340707007e-22
108        -9.621155684460369e-24         1.317420300703886e-22         1.221208743859283e-22
109        -6.661839442196355e-24         9.067461084752147e-23         8.401277140532512e-23
110        -4.613197166638089e-24           6.2417118983068e-23         5.780392181642991e-23
111        -3.194845954436779e-24         4.297118831673676e-23         3.977634236229998e-23
112        -2.212773805706868e-24         2.958731943276036e-23         2.737454562705349e-23
113                             0                             0                             0
114                             0                             0                             0
115                             0                             0                             0
116                             0                             0                             0
117                             0                             0                             0
118                             0                             0                             0
119                             0                             0                             0
120                             0                             0                             0
121                             0                             0                             0
122                             0                             0                             0
123                             0                             0                             0
124                             0                             0                             0
125                             0                             0                             0
126                             0                             0                             0
127                             0                             0                             0
128                             0                             0                             0
129                             0                             0                             0
130                             0                             0                             0
131                             0                             0                             0
132                             0                             0                             0
133                             0                             0                             0
134                             0                             0                             0
135                             0                             0                             0
136                             0                             0                             0
137                             0                             0                             0
138                             0                             0                             0
139                             0                             0                             0
140                             0                             0                             0
141                             0                             0                             0
142                             0                             0                             0
143                             0                             0                             0
144                             0                             0                             0
145                             0                             0                             0
146                             0                             0                             0
147                             0                             0                             0
148                             0                             0                             0
149                             0                             0                             0
150                             0                             0                             0
151                             0                             0                             0
152                             0                             0                             0
153                             0                             0                             0
154                             0                             0                             0
155                             0                             0                             0
156                             0                             0                             0
157                             0                             0                             0
158                             0                             0                             0
159                             0                             0                             0
160                             0                             0                             0
161                             0                             0                             0
162                             0                             0                             0
163                             0                             0                             0
164                             0                             0                             0
165                             0                             0                             0
166                             0                             0                             0
167                             0                             0                             0
168                             0                             0                             0
169                             0                             0                             0
170                             0                             0                             0
171                             0                             0                             0
172                             0                             0                             0
173                             0                             0                             0
174                             0                             0                             0
175                             0                             0                             0
176                             0                             0                             0
177                             0                             0                             0
178                             0                             0                             0
179                             0                             0                             0
180                             0                             0                             0
181                             0                             0                             0
182                             0                             0                             0
183                             0                             0                             0
184                             0                             0                             0
185                             0                             0                             0
186                             0                             0                             0
187                             0                             0                             0
188                             0                             0                             0
189                             0                             0                             0
190                             0                             0                             0
191                             0                             0                             0
192                             0                             0                             0
193                             0                             0                             0
194                             0                             0                             0
195                             0                             0                             0
196                             0                             0                             0
197                             0                             0                             0
198                             0                             0                             0
199                             0                             0                             0
200                             0                             0                             0
201                             0                             0                             0
202                             0                             0                             0
203                             0                             0                             0
204                             0                             0                             0
205                             0                             0                             0
206                             0                             0                             0
207                             0                             0                             0
208                             0                             0                             0
209                             0                             0                             0
210                             0                             0                             0
211                             0                             0                             0
212                             0                             0                             0
213                             0                             0                             0
214                             0                             0                             0
215                             0                             0                             0
216                             0                             0                             0
217                             0                             0                             0
218                             0                             0                             0
219                             0                             0                             0
220                             0                             0                             0
221                             0                             0                             0
222                             0                             0                             0
223                             0                             0                             0
