
0                             0                             0                             0
1          0.005589437670979837           0.04452693022959886            0.0501163679005787
2          -0.00129368102158738          0.007256914508284812          0.005963233486697432
3        -0.0002618202483049676          0.001876559566491007          0.001614739318186039
4        -6.538695459921561e-05         0.0006667816047983419         0.0006013946501991263
5        -2.152607491400134e-05         0.0002858195558897227         0.0002642934809757214
6        -8.667132665365852e-06         0.0001369865936510778         0.0001283194609857119
7        -3.976247587043414e-06         7.051840601777344e-05         6.654215843073003e-05
8        -1.987745608453735e-06         3.813329651146253e-05          3.61455509030088e-05
9        -1.054516517870115e-06         2.137365842697085e-05         2.031914190910073e-05
10        -5.840835753219253e-07         1.231061008132703e-05          1.17265265060051e-05
11        -3.342022804795036e-07         7.243549199653733e-06         6.909346919174229e-06
12        -1.961084010090539e-07         4.335871939766844e-06          4.13976353875779e-06
13        -1.174055162146157e-07         2.632189332688832e-06         2.514783816474216e-06
14        -7.143977705779755e-08         1.616821440133385e-06         1.545381663075587e-06
15        -4.405692951760242e-08         1.003064409154299e-06         9.590074796366971e-07
16        -2.747651917020079e-08         6.276250106760764e-07         6.001484915058756e-07
17        -1.729977139819405e-08         3.956227930858634e-07         3.783230216876694e-07
18         -1.09814650042434e-08         2.509973554370506e-07         2.400158904328072e-07
19        -7.020139975209911e-09         1.601517463011347e-07         1.531316063259248e-07
20        -4.515524958112391e-09         1.027051079866148e-07         9.818958302850245e-08
21        -2.920294076910363e-09         6.616328819858645e-08         6.324299412167608e-08
22        -1.897722257036812e-09         4.279653880926359e-08         4.089881655222678e-08
23        -1.238512573898262e-09         2.778414101353718e-08         2.654562843963892e-08
24        -8.114051384413246e-10         1.809820610768713e-08          1.72868009692458e-08
25        -5.334331965587381e-10         1.182488636599826e-08         1.129145316943953e-08
26        -3.517914223933435e-10         7.747649688133408e-09         7.395858265740064e-09
27        -2.326644501767586e-10         5.089283326278704e-09         4.856618876101946e-09
28        -1.542789369117471e-10         3.350968945992737e-09          3.19669000908099e-09
29        -1.025463983766613e-10         2.211232674442713e-09         2.108686276066051e-09
30        -6.831055002514744e-11         1.462110467732269e-09         1.393799917707121e-09
31        -4.559682652881232e-11         9.686039017694898e-10         9.230070752406775e-10
32        -3.049262911312714e-11         6.428021122020974e-10         6.123094830889702e-10
33        -2.042722921734814e-11          4.27290840748794e-10         4.068636115314458e-10
34        -1.370646109076554e-11          2.84472272718408e-10         2.707658116276425e-10
35        -9.210743544112617e-12         1.896642029710288e-10         1.804534594269162e-10
36         -6.19832433037731e-12         1.266258902196802e-10         1.204275658893029e-10
37        -4.176619935580278e-12         8.464810455923826e-11         8.047148462365798e-11
38        -2.817805505584044e-12         5.665500561195072e-11         5.383720010636668e-11
39        -1.903267989783842e-12         3.796268762584943e-11         3.605941963606559e-11
40        -1.286950985422296e-12         2.546518337668343e-11         2.417823239126113e-11
41        -8.711038629890087e-13         1.709950275590593e-11         1.622839889291692e-11
42        -5.901993017478505e-13         1.149329197220641e-11         1.090309267045856e-11
43        -4.002443349508773e-13         7.732302047837108e-12         7.332057712886231e-12
44        -2.716615408680639e-13         5.206636103665795e-12         4.934974562797731e-12
45        -1.845388915359238e-13         3.508905536293551e-12         3.324366644757627e-12
46        -1.254544888308288e-13         2.366657399122642e-12         2.241202910291813e-12
47        -8.535051243400844e-14         1.597470074217682e-12         1.512119561783674e-12
48        -5.810746942586492e-14         1.079068645498511e-12         1.020961176072646e-12
49        -3.958667712053812e-14         7.294083710218012e-13          6.89821693901263e-13
50        -2.698632432370974e-14         4.933838440393511e-13         4.663975197156414e-13
51        -1.840785849304204e-14         3.339485722074397e-13         3.155407137143976e-13
52        -1.256364668225812e-14           2.2617439840524e-13         2.136107517229819e-13
53        -8.579656595036656e-15         1.532730687560069e-13         1.446934121609702e-13
54        -5.862128878879371e-15         1.039290134991849e-13         9.806688462030557e-14
55        -4.007395879896989e-15         7.050937391199352e-14         6.650197803209653e-14
56        -2.740825035119014e-15         4.786158743161202e-14           4.5120762396493e-14
57        -1.875442931991015e-15         3.250491999964207e-14         3.062947706765106e-14
58        -1.283871826580355e-15         2.208639809678611e-14         2.080252627020576e-14
59        -8.792796508125161e-16         1.501436375760795e-14         1.413508410679543e-14
60        -6.024383494968202e-16         1.021146513116465e-14         9.609026781667828e-15
61        -4.129253331457669e-16         6.948026755382063e-15         6.535101422236297e-15
62         -2.83137403089523e-16         4.729560178893859e-15         4.446422775804336e-15
63        -1.942153603064885e-16         3.220770284468406e-15         3.026554924161918e-15
64        -1.332676246895729e-16         2.194181939811835e-15         2.060914315122262e-15
65        -9.147763545602066e-17         1.495387894539765e-15         1.403910259083744e-15
66         -6.28129390796131e-17         1.019525598390736e-15         9.567126593111225e-16
67        -4.314417755281373e-17         6.953451242498011e-16         6.522009466969874e-16
68        -2.964349449823327e-17         4.744122388944061e-16         4.447687443961728e-16
69        -2.037352553105473e-17         3.237874039644065e-16         3.034138784333518e-16
70        -1.400645526312187e-17         2.210590079031623e-16         2.070525526400404e-16
71        -9.631888138170749e-18         1.509720262798884e-16         1.413401381417176e-16
72        -6.625395881874335e-18         1.031384812214821e-16         9.651308533960773e-17
73        -4.558539245155182e-18         7.048182014164852e-17         6.592328089649334e-17
74         -3.13725227431685e-18         4.817946054276572e-17         4.504220826844887e-17
75        -2.159631460945467e-18         3.294364598359928e-17         3.078401452265382e-17
76        -1.487007072474484e-18         2.253216418798098e-17         2.104515711550649e-17
77        -1.024109696102598e-18         1.541531530514774e-17         1.439120560904515e-17
78        -7.054674499063953e-19         1.054913988096881e-17         9.843672431062414e-18
79        -4.860731932768191e-19         7.220941388539923e-18         6.734868195263104e-18
80        -3.349791666503988e-19         4.944015581749353e-18         4.609036415098954e-18
81        -2.308993573204883e-19         3.385885801387771e-18         3.154986444067283e-18
82        -1.591893167554822e-19         2.319362189801634e-18         2.160172873046152e-18
83        -1.097713366461243e-19         1.589154264618343e-18         1.479382927972219e-18
84        -7.570864831203742e-20         1.089086265624063e-18         1.013377617312026e-18
85        -5.222534253370812e-20         7.465430463432632e-19         6.943177038095551e-19
86        -3.603248476960297e-20         5.118485466472507e-19         4.758160618776477e-19
87        -2.486463933484722e-20         3.510103474206134e-19         3.261457080857662e-19
88        -1.716102248717875e-20         2.407620568664885e-19         2.236010343793097e-19
89         -1.18460969151288e-20         1.651747970933447e-19         1.533287001782159e-19
90        -8.178556886706011e-21         1.133405019392371e-19         1.051619450525311e-19
91        -5.647361283695648e-21          7.77875624613686e-20         7.214020117767295e-20
92        -3.900140434991153e-21         5.339701856358117e-20         4.949687812859002e-20
93         -2.69388494663262e-21         3.666096268889117e-20         3.396707774225855e-20
94        -1.860974279344518e-21         2.517497139978146e-20         2.331399712043694e-20
95        -1.285768219524895e-21         1.729062461059184e-20         1.600485639106694e-20
96        -8.884735548925472e-22         1.187756234840752e-20         1.098908879351497e-20
97        -6.140226492855305e-22         8.160510215587751e-21         7.546487566302221e-21
98        -4.244054542033847e-22         5.607627159160543e-21         5.183221704957158e-21
99        -2.933815926442748e-22         3.853996234274341e-21         3.560614641630066e-21
100        -2.028330921975527e-22         2.649185315052952e-21         2.446352222855399e-21
101        -1.402482829462888e-22         1.821297506870027e-21         1.681049223923738e-21
102        -9.698573784520323e-23         1.252320799764524e-21          1.15533506191932e-21
103        -6.707622342950179e-23         8.612220232943026e-22         7.941457998648008e-22
104        -4.639579314522352e-23          5.92349761245408e-22         5.459539681001845e-22
105        -3.209495547561827e-23         4.074774950142165e-22         3.753825395385982e-22
106        -2.220455431081138e-23          2.80343282856813e-22         2.581387285460016e-22
107         -1.53636151908502e-23         1.929019558978572e-22          1.77538340707007e-22
108        -1.063138533860768e-23          1.32752259724536e-22         1.221208743859283e-22
109        -7.357502317357218e-24         9.137027372268233e-23         8.401277140532512e-23
110        -5.092301691156231e-24         6.289622350758615e-23         5.780392181642991e-23
111        -3.524845628028154e-24         4.330118799032813e-23         3.977634236229998e-23
112        -2.440099030649114e-24         2.981464465770261e-23         2.737454562705349e-23
113                             0                             0                             0
114                             0                             0                             0
115                             0                             0                             0
116                             0                             0                             0
117                             0                             0                             0
118                             0                             0                             0
119                             0                             0                             0
120                             0                             0                             0
121                             0                             0                             0
122                             0                             0                             0
123                             0                             0                             0
124                             0                             0                             0
125                             0                             0                             0
126                             0                             0                             0
127                             0                             0                             0
128                             0                             0                             0
129                             0                             0                             0
130                             0                             0                             0
131                             0                             0                             0
132                             0                             0                             0
133                             0                             0                             0
134                             0                             0                             0
135                             0                             0                             0
136                             0                             0                             0
137                             0                             0                             0
138                             0                             0                             0
139                             0                             0                             0
140                             0                             0                             0
141                             0                             0                             0
142                             0                             0                             0
143                             0                             0                             0
144                             0                             0                             0
145                             0                             0                             0
146                             0                             0                             0
147                             0                             0                             0
148                             0                             0                             0
149                             0                             0                             0
150                             0                             0                             0
151                             0                             0                             0
152                             0                             0                             0
153                             0                             0                             0
154                             0                             0                             0
155                             0                             0                             0
156                             0                             0                             0
157                             0                             0                             0
158                             0                             0                             0
159                             0                             0                             0
160                             0                             0                             0
161                             0                             0                             0
162                             0                             0                             0
163                             0                             0                             0
164                             0                             0                             0
165                             0                             0                             0
166                             0                             0                             0
167                             0                             0                             0
168                             0                             0                             0
169                             0                             0                             0
170                             0                             0                             0
171                             0                             0                             0
172                             0                             0                             0
173                             0                             0                             0
174                             0                             0                             0
175                             0                             0                             0
176                             0                             0                             0
177                             0                             0                             0
178                             0                             0                             0
179                             0                             0                             0
180                             0                             0                             0
181                             0                             0                             0
182                             0                             0                             0
183                             0                             0                             0
184                             0                             0                             0
185                             0                             0                             0
186                             0                             0                             0
187                             0                             0                             0
188                             0                             0                             0
189                             0                             0                             0
190                             0                             0                             0
191                             0                             0                             0
192                             0                             0                             0
193                             0                             0                             0
194                             0                             0                             0
195                             0                             0                             0
196                             0                             0                             0
197                             0                             0                             0
198                             0                             0                             0
199                             0                             0                             0
200                             0                             0                             0
201                             0                             0                             0
202                             0                             0                             0
203                             0                             0                             0
204                             0                             0                             0
205                             0                             0                             0
206                             0                             0                             0
207                             0                             0                             0
208                             0                             0                             0
209                             0                             0                             0
210                             0                             0                             0
211                             0                             0                             0
212                             0                             0                             0
213                             0                             0                             0
214                             0                             0                             0
215                             0                             0                             0
216                             0                             0                             0
217                             0                             0                             0
218                             0                             0                             0
219                             0                             0                             0
220                             0                             0                             0
221                             0                             0                             0
222                             0                             0                             0
223                             0                             0                             0
