0                   0                   0                   0
1        0.0030691831       0.04204551741       0.04511470051
2     -0.001610986442      0.005514826045      0.003903839604
3    -0.0003005971736     0.0009860239166      0.000685426743
4    -6.342705589e-05     0.0002193960089      0.000155968953
5    -1.564027944e-05     5.613544421e-05     4.049516477e-05
6    -4.308464129e-06     1.568905775e-05     1.138059362e-05
7    -1.276337168e-06     4.647464956e-06     3.371127788e-06
8    -3.969500344e-07     1.433600272e-06     1.036650237e-06
9    -1.277474659e-07     4.555564325e-07     3.278089665e-07
10     -4.21618896e-08     1.480891165e-07     1.059272269e-07
11    -1.418712623e-08      4.90117702e-08     3.482464397e-08
12    -4.847575016e-09     1.645877707e-08     1.161120205e-08
13    -1.677074489e-09     5.594015572e-09     3.916941083e-09
14    -5.861950181e-10     1.920652964e-09     1.334457946e-09
15    -2.066704391e-10     6.651613644e-10     4.584909253e-10
16      -7.3400941e-11     2.320837515e-10     1.586828105e-10
17    -2.623410781e-11     8.150561343e-11     5.527150563e-11
18    -9.427831205e-12     2.878828017e-11     1.936044897e-11
19    -3.404414161e-12     1.021992111e-11     6.815506944e-12
20    -1.234561226e-12     3.644572562e-12     2.410011337e-12
21    -4.493830753e-13     1.305006421e-12     8.556233462e-13
22    -1.641271485e-13     4.690018585e-13       3.0487471e-13
23     -6.01250019e-14     1.691161014e-13     1.089910995e-13
24     -2.20857892e-14     6.116683103e-14     3.908104183e-14
25                   0                   0                   0
26                   0                   0                   0
27                   0                   0                   0
28                   0                   0                   0
29                   0                   0                   0
30                   0                   0                   0
31                   0                   0                   0
32                   0                   0                   0
33                   0                   0                   0
34                   0                   0                   0
35                   0                   0                   0
36                   0                   0                   0
37                   0                   0                   0
38                   0                   0                   0
39                   0                   0                   0
40                   0                   0                   0
41                   0                   0                   0
42                   0                   0                   0
43                   0                   0                   0
44                   0                   0                   0
45                   0                   0                   0
46                   0                   0                   0
47                   0                   0                   0
