0                   0                   0                   0
1      0.003293474032       0.04229747272       0.04559094675
2      -0.00159280093      0.005646826189      0.004054025259
3    -0.0003015080846      0.001037697732     0.0007361896477
4    -6.502665491e-05     0.0002387528353     0.0001737261804
5    -1.650260334e-05     6.334064552e-05     4.683804217e-05
6    -4.697416432e-06     1.837608735e-05     1.367867092e-05
7     -1.44090766e-06     5.653289648e-06     4.212381988e-06
8    -4.645576445e-07     1.811599102e-06     1.347041457e-06
9    -1.550945675e-07      5.98140742e-07     4.430461745e-07
10    -5.312676314e-08     2.020539971e-07     1.489272339e-07
11    -1.856039292e-08     6.949754294e-08     5.093715003e-08
12    -6.586121807e-09     2.425621991e-08     1.767009811e-08
13    -2.366777954e-09     8.569003496e-09     6.202225542e-09
14    -8.594418566e-10     3.058130328e-09     2.198688472e-09
15    -3.148313292e-10     1.100905365e-09      7.86074036e-10
16    -1.161909936e-10     3.992970358e-10     2.831060422e-10
17    -4.315656448e-11     1.457731308e-10     1.026165663e-10
18     -1.61188727e-11     5.352451853e-11     3.740564583e-11
19    -6.049722631e-12     1.975325977e-11     1.370353714e-11
20    -2.280342458e-12     7.323151361e-12     5.042808904e-12
21    -8.628188423e-13     2.726021913e-12     1.863203071e-12
22    -3.275800032e-13     1.018499751e-12     6.909197479e-13
23    -1.247505844e-13     3.818077882e-13     2.570572038e-13
24    -4.763932934e-14     1.435663192e-13     9.592698986e-14
25    -1.823788068e-14     5.413426441e-14     3.589638372e-14
26    -6.997954392e-15     2.046470197e-14     1.346674758e-14
27    -2.690731171e-15      7.75470464e-15     5.063973469e-15
28    -1.036565309e-15        2.944928e-15     1.908362691e-15
29    -4.000217208e-16     1.120637075e-15     7.206153545e-16
30    -1.546221943e-16     4.272427278e-16     2.726205335e-16
31    -5.985613072e-17     1.631730716e-16     1.033169409e-16
32    -2.320313686e-17      6.24218389e-17     3.921870204e-17
33     -9.00623992e-18     2.391628722e-17      1.49100473e-17
34     -3.49994111e-18      9.17654324e-18      5.67660213e-18
35    -1.361644382e-18     3.525780723e-18     2.164136341e-18
36    -5.302991536e-19     1.356401371e-18      8.26102217e-19
37    -2.067301488e-19     5.224523132e-19     3.157221644e-19
38    -8.066520405e-20     2.014660831e-19      1.20800879e-19
39     -3.15024488e-20      7.77727935e-20     4.627034469e-20
40    -1.231278126e-20     3.005381372e-20     1.774103245e-20
41    -4.816168599e-21     1.162505794e-20      6.80888934e-21
42    -1.885221395e-21     4.500838961e-21     2.615617567e-21
43    -7.384500558e-22     1.744115748e-21     1.005665692e-21
44    -2.894424396e-22     6.764296594e-22     3.869872198e-22
45    -1.135196392e-22     2.625540687e-22     1.490344296e-22
46    -4.454858956e-23     1.019877531e-22     5.743916354e-23
47    -1.749196088e-23     3.964567977e-23     2.215371889e-23
48     -6.87183799e-24     1.542228195e-23     8.550443958e-24
49                   0                   0                   0
50                   0                   0                   0
51                   0                   0                   0
52                   0                   0                   0
53                   0                   0                   0
54                   0                   0                   0
55                   0                   0                   0
56                   0                   0                   0
57                   0                   0                   0
58                   0                   0                   0
59                   0                   0                   0
60                   0                   0                   0
61                   0                   0                   0
62                   0                   0                   0
63                   0                   0                   0
64                   0                   0                   0
65                   0                   0                   0
66                   0                   0                   0
67                   0                   0                   0
68                   0                   0                   0
69                   0                   0                   0
70                   0                   0                   0
71                   0                   0                   0
72                   0                   0                   0
73                   0                   0                   0
74                   0                   0                   0
75                   0                   0                   0
76                   0                   0                   0
77                   0                   0                   0
78                   0                   0                   0
79                   0                   0                   0
80                   0                   0                   0
81                   0                   0                   0
82                   0                   0                   0
83                   0                   0                   0
84                   0                   0                   0
85                   0                   0                   0
86                   0                   0                   0
87                   0                   0                   0
88                   0                   0                   0
89                   0                   0                   0
90                   0                   0                   0
91                   0                   0                   0
92                   0                   0                   0
93                   0                   0                   0
94                   0                   0                   0
95                   0                   0                   0
