
0                   0                   0                   0
1       0.01845784419       0.03107672083       0.04953456502
2    -0.0003716015666      0.006010939131      0.005639337564
3    -0.0001877447774      0.001613272837       0.00142552806
4    -5.865342505e-05     0.0005466333755     0.0004879799504
5    -2.027636942e-05     0.0002154435083     0.0001951671389
6    -7.912281909e-06     9.359062479e-05     8.567834288e-05
7    -3.393937868e-06     4.338943102e-05     3.999549315e-05
8    -1.559785121e-06     2.105590425e-05     1.949611913e-05
9    -7.539017812e-07     1.056667461e-05     9.812772833e-06
10    -3.783687785e-07     5.440264375e-06     5.061895597e-06
11    -1.954549663e-07     2.857877203e-06     2.662422237e-06
12    -1.032797204e-07     1.525853922e-06     1.422574202e-06
13    -5.557381626e-08     8.256149356e-07     7.700411193e-07
14    -3.035044153e-08      4.51741415e-07     4.213909735e-07
15    -1.678035179e-08     2.495260301e-07     2.327456783e-07
16    -9.374065884e-09     1.389553455e-07     1.295812797e-07
17    -5.282941903e-09     7.792951802e-08     7.264657612e-08
18    -2.999911425e-09     4.397603224e-08     4.097612082e-08
19     -1.71471071e-09     2.495190029e-08     2.323718958e-08
20    -9.857480951e-10     1.422665146e-08     1.324090336e-08
21     -5.69556947e-10     8.146896228e-09     7.577339281e-09
22    -3.305642319e-10     4.683644728e-09     4.353080496e-09
23    -1.926246063e-10     2.702193894e-09     2.509569288e-09
24    -1.126485345e-10     1.564048791e-09     1.451400256e-09
25    -6.609113086e-11     9.079539921e-10     8.418628613e-10
26    -3.888942269e-11     5.285070581e-10     4.896176354e-10
27    -2.294429007e-11      3.08402224e-10      2.85457934e-10
28    -1.356972999e-11     1.803769733e-10     1.668072433e-10
29    -8.043259907e-12       1.0572261e-10     9.767935013e-11
30    -4.777256371e-12     6.208862204e-11     5.731136567e-11
31    -2.842762869e-12     3.653040607e-11      3.36876432e-11
32    -1.694556504e-12     2.152990782e-11     1.983535131e-11
33    -1.011740339e-12     1.270945782e-11     1.169771748e-11
34    -6.049641164e-13      7.51390232e-12     6.908938203e-12
35    -3.622368328e-13     4.448546822e-12     4.086309989e-12
36    -2.171787296e-13     2.637234851e-12     2.420056121e-12
37    -1.303667118e-13     1.565396914e-12     1.435030202e-12
38    -7.834427993e-14      9.30282648e-13      8.51938368e-13
39    -4.713119202e-14     5.534677887e-13     5.063365967e-13
40    -2.838194374e-14     3.296333608e-13     3.012514171e-13
41    -1.710735272e-14     1.965204305e-13     1.794130778e-13
42    -1.032064727e-14     1.172735655e-13     1.069529183e-13
43     -6.23150404e-15     7.004677721e-14     6.381527317e-14
44    -3.765483151e-15      4.18748219e-14     3.810933875e-14
45    -2.277047055e-15     2.505399943e-14     2.277695237e-14
46    -1.377938181e-15     1.500182562e-14     1.362388744e-14
47    -8.344073193e-16     8.989569473e-15     8.155162154e-15
48     -5.05594636e-16     5.390724864e-15     4.885130228e-15
49                   0                   0                   0
50                   0                   0                   0
51                   0                   0                   0
52                   0                   0                   0
53                   0                   0                   0
54                   0                   0                   0
55                   0                   0                   0
56                   0                   0                   0
57                   0                   0                   0
58                   0                   0                   0
59                   0                   0                   0
60                   0                   0                   0
61                   0                   0                   0
62                   0                   0                   0
63                   0                   0                   0
64                   0                   0                   0
65                   0                   0                   0
66                   0                   0                   0
67                   0                   0                   0
68                   0                   0                   0
69                   0                   0                   0
70                   0                   0                   0
71                   0                   0                   0
72                   0                   0                   0
73                   0                   0                   0
74                   0                   0                   0
75                   0                   0                   0
76                   0                   0                   0
77                   0                   0                   0
78                   0                   0                   0
79                   0                   0                   0
80                   0                   0                   0
81                   0                   0                   0
82                   0                   0                   0
83                   0                   0                   0
84                   0                   0                   0
85                   0                   0                   0
86                   0                   0                   0
87                   0                   0                   0
88                   0                   0                   0
89                   0                   0                   0
90                   0                   0                   0
91                   0                   0                   0
92                   0                   0                   0
93                   0                   0                   0
94                   0                   0                   0
95                   0                   0                   0
