
0                   0                   0                   0
1      0.005253703619        0.0442808614       0.04953456502
2     -0.001352834779      0.006992172343      0.005639337564
3     -0.000276091395      0.001701619455       0.00142552806
4    -6.911745061e-05     0.0005570974011     0.0004879799504
5    -2.230472942e-05     0.0002174718683     0.0001951671389
6    -8.601936737e-06     9.428027962e-05     8.567834288e-05
7    -3.713299681e-06     4.370879283e-05     3.999549315e-05
8    -1.724462993e-06     2.122058212e-05     1.949611913e-05
9    -8.420275415e-07     1.065480037e-05     9.812772833e-06
10    -4.263424282e-07     5.488238025e-06     5.061895597e-06
11    -2.218581451e-07     2.884280382e-06     2.662422237e-06
12    -1.179353743e-07     1.540509576e-06     1.422574202e-06
13    -6.376749812e-08     8.338086175e-07     7.700411193e-07
14    -3.496028261e-08     4.563512561e-07     4.213909735e-07
15    -1.938842059e-08     2.521340989e-07     2.327456783e-07
16     -1.08570068e-08     1.404382865e-07     1.295812797e-07
17    -6.129942256e-09     7.877651838e-08     7.264657612e-08
18    -3.485659717e-09     4.446178053e-08     4.097612082e-08
19    -1.994315351e-09     2.523150493e-08     2.323718958e-08
20    -1.147236295e-09     1.438813966e-08     1.324090336e-08
21    -6.631138364e-10     8.240453117e-09     7.577339281e-09
22    -3.849192051e-10     4.737999701e-09     4.353080496e-09
23    -2.242862824e-10      2.73385557e-09     2.509569288e-09
24    -1.311358144e-10     1.582536071e-09     1.451400256e-09
25    -7.690993767e-11     9.187727989e-10     8.418628613e-10
26    -4.523372341e-11     5.348513588e-10     4.896176354e-10
27    -2.667184492e-11     3.121297789e-10      2.85457934e-10
28    -1.576376817e-11     1.825710114e-10     1.668072433e-10
29    -9.336840551e-12     1.070161907e-10     9.767935013e-11
30    -5.541138023e-12     6.285250369e-11     5.731136567e-11
31    -3.294514886e-12     3.698215809e-11      3.36876432e-11
32    -1.962089566e-12     2.179744088e-11     1.983535131e-11
33    -1.170384216e-12      1.28681017e-11     1.169771748e-11
34    -6.991543188e-13     7.608092522e-12     6.908938203e-12
35    -4.182248851e-13     4.504534874e-12     4.086309989e-12
36    -2.504956759e-13     2.670551797e-12     2.420056121e-12
37    -1.502135026e-13     1.585243705e-12     1.435030202e-12
38    -9.017871747e-14     9.421170855e-13      8.51938368e-13
39    -5.419462501e-14     5.605312217e-13     5.063365967e-13
40    -3.260158082e-14     3.338529979e-13     3.012514171e-13
41    -1.963029327e-14      1.99043371e-13     1.794130778e-13
42    -1.183036036e-14     1.187832786e-13     1.069529183e-13
43    -7.135614124e-15      7.09508873e-14     6.381527317e-14
44    -4.307325252e-15       4.2416664e-14     3.810933875e-14
45    -2.602010668e-15     2.537896304e-14     2.277695237e-14
46    -1.572964927e-15     1.519685237e-14     1.362388744e-14
47    -9.515293984e-16     9.106691552e-15     8.155162154e-15
48     -5.75975887e-16     5.461106115e-15     4.885130228e-15
49                   0                   0                   0
50                   0                   0                   0
51                   0                   0                   0
52                   0                   0                   0
53                   0                   0                   0
54                   0                   0                   0
55                   0                   0                   0
56                   0                   0                   0
57                   0                   0                   0
58                   0                   0                   0
59                   0                   0                   0
60                   0                   0                   0
61                   0                   0                   0
62                   0                   0                   0
63                   0                   0                   0
64                   0                   0                   0
65                   0                   0                   0
66                   0                   0                   0
67                   0                   0                   0
68                   0                   0                   0
69                   0                   0                   0
70                   0                   0                   0
71                   0                   0                   0
72                   0                   0                   0
73                   0                   0                   0
74                   0                   0                   0
75                   0                   0                   0
76                   0                   0                   0
77                   0                   0                   0
78                   0                   0                   0
79                   0                   0                   0
80                   0                   0                   0
81                   0                   0                   0
82                   0                   0                   0
83                   0                   0                   0
84                   0                   0                   0
85                   0                   0                   0
86                   0                   0                   0
87                   0                   0                   0
88                   0                   0                   0
89                   0                   0                   0
90                   0                   0                   0
91                   0                   0                   0
92                   0                   0                   0
93                   0                   0                   0
94                   0                   0                   0
95                   0                   0                   0
