
0                   0                   0                   0
1       0.01986457714       0.03079601467       0.05066059181
2    -0.0001508012399      0.006483375206      0.006332573966
3    -0.0001395443642      0.002015862555      0.001876318191
4    -4.523660565e-05     0.0008368083281     0.0007915717225
5    -1.603843239e-05     0.0004213231423     0.0004052847099
6     -6.56863255e-06     0.0002411083849     0.0002345397524
7     -3.04917049e-06     0.0001507476644     0.0001476984939
8    -1.563105838e-06     0.0001005095498     9.894644397e-05
9    -8.662644652e-07     7.035950735e-05     6.949324288e-05
10     -5.10840457e-07     5.117140798e-05     5.066056752e-05
11    -3.168244741e-07     3.837885269e-05     3.806202822e-05
12    -2.048589689e-07     2.952230691e-05     2.931744794e-05
13    -1.371816251e-07     2.319614332e-05     2.305896169e-05
14    -9.464199668e-08     1.855693274e-05     1.846229075e-05
15    -6.699272399e-08     1.507751445e-05     1.501052173e-05
16     -4.84934379e-08     1.241677805e-05     1.236828461e-05
17    -3.579882962e-08     1.034731409e-05     1.031151526e-05
18    -2.689101076e-08      8.71352559e-06     8.686634579e-06
19    -2.051534673e-08     7.406494173e-06     7.385978827e-06
20    -1.587052906e-08      6.34842079e-06     6.332550261e-06
21    -1.243236608e-08     5.482724201e-06     5.470291834e-06
22      -9.8504881e-09     4.767583436e-06     4.757732948e-06
23    -7.886112719e-09     4.171632739e-06     4.163746627e-06
24    -6.373610685e-09     3.671034121e-06      3.66466051e-06
25     -5.19623272e-09     3.247450656e-06     3.242254424e-06
26    -4.270464068e-09     2.886620288e-06     2.882349824e-06
27    -3.535750312e-09     2.577337112e-06     2.573801362e-06
28    -2.947633995e-09     2.310713684e-06      2.30776605e-06
29     -2.47309691e-09     2.079640047e-06      2.07716695e-06
30    -2.087352824e-09     1.878382367e-06     1.876295014e-06
31    -1.771608905e-09       1.7022819e-06     1.700510291e-06
32    -1.511483559e-09     1.547526948e-06     1.546015464e-06
33    -1.295875001e-09     1.410978465e-06      1.40968259e-06
34    -1.116143274e-09     1.290035528e-06     1.288919384e-06
35    -9.655127819e-10     1.182530699e-06     1.181565186e-06
36    -8.386316702e-10     1.086648018e-06     1.085809386e-06
37    -7.312439365e-10     1.000858255e-06     1.000127011e-06
38    -6.399433339e-10      9.23867446e-07     9.232275027e-07
39    -5.619871784e-10     8.545757224e-07     8.540137352e-07
40    -4.951544013e-10     7.920441709e-07     7.915490165e-07
41    -4.376365535e-10     7.354680092e-07     7.350303726e-07
42    -3.879535372e-10     6.841547501e-07     6.837667965e-07
43     -3.44888034e-10     6.375063364e-07     6.371614484e-07
44    -3.074341644e-10      5.95004452e-07     5.946970178e-07
45    -2.747570545e-10     5.561983872e-07     5.559236301e-07
46    -2.461608143e-10     5.206949696e-07     5.204488088e-07
47    -2.210630417e-10     4.881501735e-07     4.879291104e-07
48    -1.989744192e-10     4.582620987e-07     4.580631243e-07
49    -1.794823061e-10      4.30765073e-07     4.305855907e-07
50    -1.622374897e-10     4.054246799e-07     4.052624425e-07
51    -1.469433889e-10     3.820335509e-07     3.818866075e-07
52    -1.333473628e-10     3.604077929e-07     3.602744456e-07
53    -1.212334585e-10     3.403839459e-07     3.402627124e-07
54    -1.104165537e-10     3.218163814e-07     3.217059649e-07
55    -1.007374866e-10     3.045750743e-07     3.044743368e-07
56    -9.205903144e-11     2.885436861e-07     2.884516271e-07
57     -8.42625548e-11     2.736179135e-07      2.73533651e-07
58    -7.724522932e-11     2.597040603e-07      2.59626815e-07
59     -7.09177034e-11     2.467177997e-07      2.46646882e-07
60    -6.520214655e-11     2.345830996e-07     2.345178975e-07
61    -6.003060477e-11     2.232312858e-07     2.231712552e-07
62    -5.534361282e-11     2.126002244e-07     2.125448808e-07
63    -5.108901933e-11     2.026336067e-07     2.025825177e-07
64    -4.722099049e-11     1.932803215e-07     1.932331005e-07
65    -4.369916181e-11     1.844939042e-07      1.84450205e-07
66    -4.048791477e-11     1.762320513e-07     1.761915634e-07
67    -3.755575811e-11     1.684561919e-07     1.684186361e-07
68    -3.487480017e-11     1.611311089e-07     1.610962341e-07
69    -3.242028016e-11     1.542246042e-07     1.541921839e-07
70    -3.017020176e-11     1.477072003e-07     1.476770301e-07
71    -2.810496839e-11     1.415518763e-07     1.415237714e-07
72    -2.620710324e-11     1.357338323e-07     1.357076252e-07
73    -2.446099278e-11      1.30230279e-07      1.30205818e-07
74    -2.285266618e-11     1.250202504e-07     1.249973977e-07
75    -2.136960344e-11     1.200844356e-07      1.20063066e-07
76    -2.000056807e-11     1.154050285e-07     1.153850279e-07
77     -1.87354609e-11     1.109655928e-07     1.109468573e-07
78    -1.756519222e-11     1.067509403e-07     1.067333751e-07
79    -1.648156972e-11     1.027470221e-07     1.027305406e-07
80    -1.547719994e-11     9.894082999e-08     9.892535279e-08
81    -1.454540174e-11     9.532030736e-08     9.530576195e-08
82    -1.368013004e-11     9.187426934e-08     9.186058921e-08
83    -1.287590844e-11     8.859232994e-08     8.857945403e-08
84     -1.21277698e-11     8.546483628e-08     8.545270851e-08
85    -1.143120351e-11     8.248280896e-08     8.247137776e-08
86    -1.078210888e-11     7.963788784e-08     7.962710574e-08
87    -1.017675367e-11     7.692228279e-08     7.691210604e-08
88    -9.611737258e-12     7.432872885e-08     7.431911711e-08
89    -9.083957874e-12     7.185044539e-08     7.184136143e-08
90    -8.590583366e-12     6.948109887e-08     6.947250828e-08
91    -8.129025114e-12     6.721476879e-08     6.720663977e-08
92    -7.696914728e-12     6.504591664e-08     6.503821973e-08
93    -7.292083142e-12     6.296935741e-08     6.296206532e-08
94    -6.912542168e-12     6.098023356e-08     6.097332102e-08
95    -6.556467263e-12     5.907399118e-08     5.906743471e-08
96    -6.222182934e-12     5.724635801e-08     5.724013583e-08
97                   0                   0                   0
98                   0                   0                   0
99                   0                   0                   0
100                   0                   0                   0
101                   0                   0                   0
102                   0                   0                   0
103                   0                   0                   0
104                   0                   0                   0
105                   0                   0                   0
106                   0                   0                   0
107                   0                   0                   0
108                   0                   0                   0
109                   0                   0                   0
110                   0                   0                   0
111                   0                   0                   0
112                   0                   0                   0
113                   0                   0                   0
114                   0                   0                   0
115                   0                   0                   0
116                   0                   0                   0
117                   0                   0                   0
118                   0                   0                   0
119                   0                   0                   0
120                   0                   0                   0
121                   0                   0                   0
122                   0                   0                   0
123                   0                   0                   0
124                   0                   0                   0
125                   0                   0                   0
126                   0                   0                   0
127                   0                   0                   0
128                   0                   0                   0
129                   0                   0                   0
130                   0                   0                   0
131                   0                   0                   0
132                   0                   0                   0
133                   0                   0                   0
134                   0                   0                   0
135                   0                   0                   0
136                   0                   0                   0
137                   0                   0                   0
138                   0                   0                   0
139                   0                   0                   0
140                   0                   0                   0
141                   0                   0                   0
142                   0                   0                   0
143                   0                   0                   0
144                   0                   0                   0
145                   0                   0                   0
146                   0                   0                   0
147                   0                   0                   0
148                   0                   0                   0
149                   0                   0                   0
150                   0                   0                   0
151                   0                   0                   0
152                   0                   0                   0
153                   0                   0                   0
154                   0                   0                   0
155                   0                   0                   0
156                   0                   0                   0
157                   0                   0                   0
158                   0                   0                   0
159                   0                   0                   0
160                   0                   0                   0
161                   0                   0                   0
162                   0                   0                   0
163                   0                   0                   0
164                   0                   0                   0
165                   0                   0                   0
166                   0                   0                   0
167                   0                   0                   0
168                   0                   0                   0
169                   0                   0                   0
170                   0                   0                   0
171                   0                   0                   0
172                   0                   0                   0
173                   0                   0                   0
174                   0                   0                   0
175                   0                   0                   0
176                   0                   0                   0
177                   0                   0                   0
178                   0                   0                   0
179                   0                   0                   0
180                   0                   0                   0
181                   0                   0                   0
182                   0                   0                   0
183                   0                   0                   0
184                   0                   0                   0
185                   0                   0                   0
186                   0                   0                   0
187                   0                   0                   0
188                   0                   0                   0
189                   0                   0                   0
190                   0                   0                   0
191                   0                   0                   0
