
0                   0                   0                   0
1      0.006017550456       0.04464304135       0.05066059181
2     -0.001208916346      0.007541490313      0.006332573966
3    -0.0002362481748      0.002112566366      0.001876318191
4    -5.571444649e-05      0.000847286169     0.0007915717225
5     -1.73997613e-05     0.0004226844712     0.0004052847099
6    -6.786914383e-06     0.0002413266668     0.0002345397524
7    -3.093422656e-06     0.0001507919166     0.0001476984939
8    -1.574383312e-06     0.0001005208273     9.894644397e-05
9    -8.697515442e-07     7.036299443e-05     6.949324288e-05
10    -5.120932284e-07     5.117266075e-05     5.066056752e-05
11    -3.173291603e-07     3.837935738e-05     3.806202822e-05
12    -2.050813066e-07     2.952252925e-05     2.931744794e-05
13    -1.372868956e-07     2.319624859e-05     2.305896169e-05
14    -9.469490376e-08     1.855698565e-05     1.846229075e-05
15    -6.702068911e-08     1.507754242e-05     1.501052173e-05
16    -4.850887307e-08     1.241679348e-05     1.236828461e-05
17    -3.580767539e-08     1.034732294e-05     1.031151526e-05
18     -2.68962503e-08     8.713530829e-06     8.686634579e-06
19    -2.051854225e-08     7.406497369e-06     7.385978827e-06
20    -1.587252942e-08      6.34842279e-06     6.332550261e-06
21    -1.243364793e-08     5.482725482e-06     5.470291834e-06
22    -9.851327063e-09     4.767584275e-06     4.757732948e-06
23    -7.886672445e-09     4.171633299e-06     4.163746627e-06
24      -6.3739907e-09     3.671034501e-06      3.66466051e-06
25    -5.196494888e-09     3.247450919e-06     3.242254424e-06
26    -4.270647616e-09     2.886620472e-06     2.882349824e-06
27    -3.535880574e-09     2.577337242e-06     2.573801362e-06
28    -2.947727608e-09     2.310713777e-06      2.30776605e-06
29    -2.473164976e-09     2.079640115e-06      2.07716695e-06
30    -2.087402855e-09     1.878382417e-06     1.876295014e-06
31    -1.771646056e-09     1.702281937e-06     1.700510291e-06
32    -1.511511409e-09     1.547526976e-06     1.546015464e-06
33    -1.295896066e-09     1.410978486e-06      1.40968259e-06
34    -1.116159343e-09     1.290035544e-06     1.288919384e-06
35    -9.655251366e-10     1.182530711e-06     1.181565186e-06
36    -8.386412416e-10     1.086648027e-06     1.085809386e-06
37    -7.312514052e-10     1.000858262e-06     1.000127011e-06
38     -6.39949202e-10     9.238674519e-07     9.232275027e-07
39    -5.619918194e-10      8.54575727e-07     8.540137352e-07
40    -4.951580951e-10     7.920441746e-07     7.915490165e-07
41    -4.376395114e-10     7.354680122e-07     7.350303726e-07
42      -3.8795592e-10     6.841547525e-07     6.837667965e-07
43    -3.448899647e-10     6.375063383e-07     6.371614484e-07
44    -3.074357377e-10     5.950044536e-07     5.946970178e-07
45    -2.747583437e-10     5.561983885e-07     5.559236301e-07
46    -2.461618766e-10     5.206949707e-07     5.204488088e-07
47    -2.210639218e-10     4.881501744e-07     4.879291104e-07
48    -1.989751525e-10     4.582620994e-07     4.580631243e-07
49    -1.794829204e-10     4.307650736e-07     4.305855907e-07
50    -1.622380072e-10     4.054246805e-07     4.052624425e-07
51    -1.469438273e-10     3.820335513e-07     3.818866075e-07
52    -1.333477363e-10     3.604077933e-07     3.602744456e-07
53    -1.212337786e-10     3.403839462e-07     3.402627124e-07
54    -1.104168296e-10     3.218163817e-07     3.217059649e-07
55    -1.007377258e-10     3.045750745e-07     3.044743368e-07
56     -9.20592401e-11     2.885436863e-07     2.884516271e-07
57    -8.426273794e-11     2.736179137e-07      2.73533651e-07
58    -7.724539105e-11     2.597040604e-07      2.59626815e-07
59     -7.09178471e-11     2.467177998e-07      2.46646882e-07
60    -6.520227503e-11     2.345830998e-07     2.345178975e-07
61    -6.003072034e-11      2.23231286e-07     2.231712552e-07
62    -5.534371742e-11     2.126002246e-07     2.125448808e-07
63    -5.108911456e-11     2.026336068e-07     2.025825177e-07
64    -4.722107769e-11     1.932803216e-07     1.932331005e-07
65    -4.369924212e-11     1.844939043e-07      1.84450205e-07
66    -4.048798912e-11     1.762320514e-07     1.761915634e-07
67    -3.755582732e-11     1.684561919e-07     1.684186361e-07
68    -3.487486491e-11      1.61131109e-07     1.610962341e-07
69      -3.2420341e-11     1.542246043e-07     1.541921839e-07
70    -3.017025919e-11     1.477072004e-07     1.476770301e-07
71    -2.810502283e-11     1.415518764e-07     1.415237714e-07
72    -2.620715504e-11     1.357338323e-07     1.357076252e-07
73    -2.446104224e-11      1.30230279e-07      1.30205818e-07
74    -2.285271356e-11     1.250202504e-07     1.249973977e-07
75    -2.136964897e-11     1.200844356e-07      1.20063066e-07
76    -2.000061194e-11     1.154050286e-07     1.153850279e-07
77    -1.873550328e-11     1.109655928e-07     1.109468573e-07
78    -1.756523326e-11     1.067509404e-07     1.067333751e-07
79    -1.648160954e-11     1.027470222e-07     1.027305406e-07
80    -1.547723864e-11     9.894083003e-08     9.892535279e-08
81    -1.454543943e-11     9.532030739e-08     9.530576195e-08
82     -1.36801668e-11     9.187426937e-08     9.186058921e-08
83    -1.287594434e-11     8.859232997e-08     8.857945403e-08
84     -1.21278049e-11     8.546483632e-08     8.545270851e-08
85    -1.143123788e-11       8.2482809e-08     8.247137776e-08
86    -1.078214257e-11     7.963788788e-08     7.962710574e-08
87    -1.017678671e-11     7.692228282e-08     7.691210604e-08
88      -9.6117697e-12     7.432872888e-08     7.431911711e-08
89    -9.083989751e-12     7.185044542e-08     7.184136143e-08
90    -8.590614709e-12      6.94810989e-08     6.947250828e-08
91    -8.129055951e-12     6.721476882e-08     6.720663977e-08
92    -7.696945085e-12     6.504591667e-08     6.503821973e-08
93    -7.292113042e-12     6.296935744e-08     6.296206532e-08
94    -6.912571632e-12     6.098023359e-08     6.097332102e-08
95    -6.556496311e-12     5.907399121e-08     5.906743471e-08
96    -6.222211582e-12     5.724635804e-08     5.724013583e-08
97                   0                   0                   0
98                   0                   0                   0
99                   0                   0                   0
100                   0                   0                   0
101                   0                   0                   0
102                   0                   0                   0
103                   0                   0                   0
104                   0                   0                   0
105                   0                   0                   0
106                   0                   0                   0
107                   0                   0                   0
108                   0                   0                   0
109                   0                   0                   0
110                   0                   0                   0
111                   0                   0                   0
112                   0                   0                   0
113                   0                   0                   0
114                   0                   0                   0
115                   0                   0                   0
116                   0                   0                   0
117                   0                   0                   0
118                   0                   0                   0
119                   0                   0                   0
120                   0                   0                   0
121                   0                   0                   0
122                   0                   0                   0
123                   0                   0                   0
124                   0                   0                   0
125                   0                   0                   0
126                   0                   0                   0
127                   0                   0                   0
128                   0                   0                   0
129                   0                   0                   0
130                   0                   0                   0
131                   0                   0                   0
132                   0                   0                   0
133                   0                   0                   0
134                   0                   0                   0
135                   0                   0                   0
136                   0                   0                   0
137                   0                   0                   0
138                   0                   0                   0
139                   0                   0                   0
140                   0                   0                   0
141                   0                   0                   0
142                   0                   0                   0
143                   0                   0                   0
144                   0                   0                   0
145                   0                   0                   0
146                   0                   0                   0
147                   0                   0                   0
148                   0                   0                   0
149                   0                   0                   0
150                   0                   0                   0
151                   0                   0                   0
152                   0                   0                   0
153                   0                   0                   0
154                   0                   0                   0
155                   0                   0                   0
156                   0                   0                   0
157                   0                   0                   0
158                   0                   0                   0
159                   0                   0                   0
160                   0                   0                   0
161                   0                   0                   0
162                   0                   0                   0
163                   0                   0                   0
164                   0                   0                   0
165                   0                   0                   0
166                   0                   0                   0
167                   0                   0                   0
168                   0                   0                   0
169                   0                   0                   0
170                   0                   0                   0
171                   0                   0                   0
172                   0                   0                   0
173                   0                   0                   0
174                   0                   0                   0
175                   0                   0                   0
176                   0                   0                   0
177                   0                   0                   0
178                   0                   0                   0
179                   0                   0                   0
180                   0                   0                   0
181                   0                   0                   0
182                   0                   0                   0
183                   0                   0                   0
184                   0                   0                   0
185                   0                   0                   0
186                   0                   0                   0
187                   0                   0                   0
188                   0                   0                   0
189                   0                   0                   0
190                   0                   0                   0
191                   0                   0                   0
