
0                             0                             0                             0
1           0.01914575570387612           0.03104544007097475           0.05019119577485088
2        -0.0002694590904650023          0.006278040741002235          0.006008581650537232
3        -0.0001680844719260147          0.001811486738567297          0.001643402266641282
4        -5.444526123535905e-05         0.0006743650358609118         0.0006199197746255527
5        -1.960955706027976e-05         0.0002960473998199055         0.0002764378427596257
6        -8.098889868990943e-06         0.0001444596387201212         0.0001363607488511302
7        -3.733317980863767e-06         7.563980027956257e-05         7.190648229869881e-05
8        -1.866926511668546e-06          4.16118475250228e-05         3.974492101335425e-05
9        -9.914164229247186e-07         2.373696955025503e-05         2.274555312733032e-05
10        -5.507907692241103e-07         1.391930528823503e-05         1.336851451901092e-05
11        -3.167933313563643e-07         8.340882805121397e-06         8.024089473765033e-06
12        -1.872362811485724e-07         5.085876759209752e-06          4.89864047806118e-06
13        -1.131028774151592e-07         3.145728864030344e-06         3.032625986615185e-06
14        -6.954625716782572e-08         1.969024739904558e-06         1.899478482736732e-06
15        -4.339683565960672e-08         1.244975149393969e-06         1.201578313734362e-06
16        -2.741544378852018e-08         7.940044047441362e-07          7.66588960955616e-07
17        -1.750144068824865e-08         5.101937235387257e-07          4.92692282850477e-07
18        -1.127315169910268e-08         3.299804571777581e-07         3.187073054786555e-07
19        -7.317878593563652e-09         2.146570384282592e-07         2.073391598346956e-07
20        -4.782593905904228e-09         1.403540317080574e-07         1.355714378021532e-07
21        -3.144302659474655e-09         9.219151661696046e-08          8.90472139574858e-08
22        -2.078117497634121e-09         6.080543288043839e-08         5.872731538280427e-08
23        -1.379906650833521e-09         4.025381551886627e-08         3.887390886803275e-08
24        -9.201309760287026e-10         2.673846347657987e-08         2.581833250055117e-08
25        -6.158670933022617e-10         1.781564513077594e-08         1.719977803747367e-08
26        -4.136223185729907e-10         1.190390905610903e-08         1.149028673753604e-08
27        -2.786529181176383e-10         7.974463177439988e-09          7.69581025932235e-09
28        -1.882549231194946e-10          5.35487735608955e-09         5.166622432970056e-09
29        -1.275108943296926e-10         3.603761486119396e-09         3.476250591789703e-09
30        -8.657129619641472e-11         2.430253769048221e-09         2.343682472851806e-09
31        -5.890392810349965e-11         1.642003827549768e-09         1.583099899446269e-09
32        -4.015922973188003e-11         1.111393394090794e-09         1.071234164358914e-09
33        -2.743039913192492e-11         7.534981209359393e-10         7.260677218040144e-10
34        -1.876835068575126e-11         5.116484167140641e-10         4.928800660283128e-10
35        -1.286218570140486e-11         3.479323134946842e-10         3.350701277932794e-10
36        -8.827763601662838e-12         2.369266031981312e-10         2.280988395964684e-10
37        -6.067236500854208e-12         1.615453104358812e-10          1.55478073935027e-10
38        -4.175384462207204e-12         1.102820369686972e-10           1.0610665250649e-10
39        -2.876946805486006e-12         7.537305495209636e-11         7.249610814661036e-11
40        -1.984561669847363e-12          5.15705426547248e-11         4.958598098487744e-11
41        -1.370456062262449e-12         3.532132043008848e-11         3.395086436782603e-11
42        -9.473406732480261e-13         2.421581392550134e-11         2.326847325225331e-11
43        -6.554850626728501e-13         1.661755278754948e-11         1.596206772487663e-11
44        -4.539540901651994e-13         1.141356674615326e-11         1.095961265598806e-11
45        -3.146533293139024e-13         7.845919690301814e-12         7.531266360987911e-12
46        -2.182751719611523e-13         5.397809878351997e-12         5.179534706390845e-12
47         -1.51533882444216e-13         3.716437102179601e-12         3.564903219735385e-12
48        -1.052765565603147e-13         2.560688404976548e-12         2.455411848416233e-12
49        -7.319044700802721e-14         1.765605378225686e-12         1.692414931217659e-12
50        -5.091705982293463e-14         1.218216834247827e-12         1.167299774424893e-12
51        -3.544416889420729e-14         8.410803344505327e-13         8.056361655563254e-13
52        -2.468801171829689e-14         5.810599013711703e-13         5.563718896528734e-13
53        -1.720581995458535e-14         4.016651670904181e-13         3.844593471358328e-13
54        -1.199779502194634e-14         2.778159579984261e-13         2.658181629764798e-13
55        -8.370547532829803e-15         1.922606693508642e-13         1.838901218180344e-13
56        -5.842824791885436e-15         1.331235773052142e-13         1.272807525133288e-13
57        -4.080366947992165e-15         9.222364746219584e-14         8.814328051420368e-14
58        -2.850849425518502e-15         6.392111932369939e-14         6.107026989818089e-14
59        -1.992690652586782e-15         4.432549672504283e-14         4.233280607245605e-14
60        -1.393440229138414e-15         3.075125269032937e-14         2.935781246119096e-14
61        -9.747930124126503e-16         2.134347554823462e-14         2.036868253582197e-14
62        -6.821897951172825e-16         1.482020152287879e-14         1.413801172776151e-14
63        -4.775955792195268e-16         1.029493359717364e-14         9.817338017954109e-15
64        -3.344810470880348e-16         7.154307394853971e-15         6.819826347765936e-15
65        -2.343327870088291e-16         4.973712341303297e-15         4.739379554294467e-15
66         -1.64225057529998e-16         3.459054712564009e-15         3.294829655034011e-15
67        -1.151291727621828e-16         2.406538561537559e-15         2.291409388775376e-15
68        -8.073576802726652e-17         1.674873470080386e-15         1.594137702053119e-15
69        -5.663390378743853e-17         1.166058511504454e-15         1.109424607717016e-15
70        -3.973858999271939e-17         8.120886247923569e-16         7.723500347996375e-16
71        -2.789135271639667e-17         5.657532150682989e-16         5.378618623519022e-16
72        -1.958140310041417e-17         3.942639890432106e-16         3.746825859427964e-16
73        -1.375090462788086e-17         2.748399116049056e-16         2.610890069770248e-16
74         -9.65891334970034e-18         1.916467190048381e-16         1.819878056551377e-16
75        -6.786272313564423e-18         1.336744242799781e-16         1.268881519664137e-16
76        -4.769105625860982e-18         9.326467738253593e-17         8.849557175667495e-17
77        -3.352293454310356e-18         6.508856942425035e-17         6.173627596993999e-17
78        -2.356912557901119e-18         4.543680469825627e-17         4.307989214035515e-17
79        -1.657441935612057e-18         3.172658600908201e-17         3.006914407346995e-17
80         -1.16579924629976e-18          2.21589155313879e-17         2.099311628508814e-17
81        -8.201572246112831e-19         1.548033918845705e-17         1.466018196384577e-17
82        -5.771062425060188e-19         1.081724251905088e-17         1.024013627654486e-17
83        -4.061601058122625e-19         7.560564088620568e-18         7.154403982808306e-18
84        -2.859033288679711e-19         5.285558444115499e-18         4.999655115247528e-18
85        -2.012886726079084e-19         3.695933998504563e-18         3.494645325896655e-18
86        -1.417409843393359e-19         2.584948341442025e-18         2.443207357102689e-18
87        -9.982640536303463e-20         1.808304785795443e-18         1.708478380432409e-18
88        -7.031812444850508e-20         1.265264559302296e-18         1.194946434853791e-18
89        -4.954034608708383e-20         8.854803432993836e-19         8.359399972122997e-19
90         -3.49075070822583e-20         6.198154081138652e-19         5.849079010316069e-19
91        -2.460055320862433e-20          4.33940049660589e-19         4.093394964519647e-19
92        -1.733945401867446e-20         3.038639286828123e-19         2.865244746641378e-19
93        -1.222330924576828e-20         2.128182161159193e-19          2.00594906870151e-19
94         -8.61793883194436e-21         1.490791580232712e-19         1.404612191913268e-19
95         -6.07683844311512e-21         1.044484141971266e-19          9.83715757540115e-20
96         -4.28558539186572e-21         7.319171355407395e-20         6.890612816220823e-20
97                             0                             0                             0
98                             0                             0                             0
99                             0                             0                             0
100                             0                             0                             0
101                             0                             0                             0
102                             0                             0                             0
103                             0                             0                             0
104                             0                             0                             0
105                             0                             0                             0
106                             0                             0                             0
107                             0                             0                             0
108                             0                             0                             0
109                             0                             0                             0
110                             0                             0                             0
111                             0                             0                             0
112                             0                             0                             0
113                             0                             0                             0
114                             0                             0                             0
115                             0                             0                             0
116                             0                             0                             0
117                             0                             0                             0
118                             0                             0                             0
119                             0                             0                             0
120                             0                             0                             0
121                             0                             0                             0
122                             0                             0                             0
123                             0                             0                             0
124                             0                             0                             0
125                             0                             0                             0
126                             0                             0                             0
127                             0                             0                             0
128                             0                             0                             0
129                             0                             0                             0
130                             0                             0                             0
131                             0                             0                             0
132                             0                             0                             0
133                             0                             0                             0
134                             0                             0                             0
135                             0                             0                             0
136                             0                             0                             0
137                             0                             0                             0
138                             0                             0                             0
139                             0                             0                             0
140                             0                             0                             0
141                             0                             0                             0
142                             0                             0                             0
143                             0                             0                             0
144                             0                             0                             0
145                             0                             0                             0
146                             0                             0                             0
147                             0                             0                             0
148                             0                             0                             0
149                             0                             0                             0
150                             0                             0                             0
151                             0                             0                             0
152                             0                             0                             0
153                             0                             0                             0
154                             0                             0                             0
155                             0                             0                             0
156                             0                             0                             0
157                             0                             0                             0
158                             0                             0                             0
159                             0                             0                             0
160                             0                             0                             0
161                             0                             0                             0
162                             0                             0                             0
163                             0                             0                             0
164                             0                             0                             0
165                             0                             0                             0
166                             0                             0                             0
167                             0                             0                             0
168                             0                             0                             0
169                             0                             0                             0
170                             0                             0                             0
171                             0                             0                             0
172                             0                             0                             0
173                             0                             0                             0
174                             0                             0                             0
175                             0                             0                             0
176                             0                             0                             0
177                             0                             0                             0
178                             0                             0                             0
179                             0                             0                             0
180                             0                             0                             0
181                             0                             0                             0
182                             0                             0                             0
183                             0                             0                             0
184                             0                             0                             0
185                             0                             0                             0
186                             0                             0                             0
187                             0                             0                             0
188                             0                             0                             0
189                             0                             0                             0
190                             0                             0                             0
191                             0                             0                             0
