
0                             0                             0                             0
1          0.005636070877869277            0.0445551248969816           0.05019119577485088
2         -0.001284951878812347          0.007293533529349579          0.006008581650537232
3        -0.0002594666456148861          0.001902868912256168          0.001643402266641282
4        -6.464483971958899e-05         0.0006845646143451417         0.0006199197746255527
5        -2.129132730327611e-05         0.0002977291700629019         0.0002764378427596257
6        -8.607901926559202e-06         0.0001449686507776894         0.0001363607488511302
7        -3.977964934966951e-06         7.588444723366576e-05         7.190648229869881e-05
8        -2.008138151510073e-06         4.175305916486432e-05         3.974492101335425e-05
9        -1.077852648179861e-06         2.382340577551018e-05         2.274555312733032e-05
10        -6.049093242323516e-07         1.397342384324327e-05         1.336851451901092e-05
11        -3.510959247924391e-07         8.375185398557472e-06         8.024089473765033e-06
12        -2.091690122829677e-07         5.107809490344148e-06          4.89864047806118e-06
13        -1.272262848455031e-07         3.159852271460688e-06         3.032625986615185e-06
14        -7.869672900942057e-08         1.978175211746153e-06         1.899478482736732e-06
15        -4.935752509287196e-08         1.250935838827234e-06         1.201578313734362e-06
16        -3.131711841519233e-08         7.979060793708083e-07          7.66588960955616e-07
17        -2.006650984631729e-08         5.127587926967943e-07          4.92692282850477e-07
18        -1.296617037900597e-08         3.316734758576614e-07         3.187073054786555e-07
19        -8.439338089518884e-09         2.157784979242144e-07         2.073391598346956e-07
20        -5.527889400121545e-09         1.410993272022748e-07         1.355714378021532e-07
21        -3.641097048826295e-09          9.26883110063121e-08          8.90472139574858e-08
22        -2.410181881841887e-09         6.113749726464616e-08         5.872731538280427e-08
23        -1.602427866522914e-09         4.047633673455567e-08         3.887390886803275e-08
24        -1.069596293893578e-09         2.688792879444474e-08         2.581833250055117e-08
25        -7.164802051857529e-10         1.791625824265943e-08         1.719977803747367e-08
26        -4.814874772195892e-10         1.197177421475563e-08         1.149028673753604e-08
27        -3.245153428283952e-10         8.020325602150745e-09          7.69581025932235e-09
28        -2.193027076694729e-10         5.385925140639529e-09         5.166622432970056e-09
29        -1.485641104603985e-10         3.624814702250102e-09         3.476250591789703e-09
30        -1.008693136313129e-10         2.444551786483119e-09         2.343682472851806e-09
31        -6.862831123254949e-11         1.651728210678818e-09         1.583099899446269e-09
32        -4.678200542022415e-11         1.118016169779139e-09         1.071234164358914e-09
33        -3.194662668453278e-11         7.580143484885471e-10         7.260677218040144e-10
34        -2.185181003376497e-11         5.147318760620778e-10         4.928800660283128e-10
35        -1.496983647309177e-11         3.500399642663711e-10         3.350701277932794e-10
36        -1.026998096139482e-11         2.383688205578632e-10         2.280988395964684e-10
37        -7.055129901042515e-12         1.625332038360695e-10          1.55478073935027e-10
38        -4.852736170731284e-12         1.109593886772213e-10           1.0610665250649e-10
39        -3.341806926978603e-12         7.583791507358896e-11         7.249610814661036e-11
40        -2.303873414962425e-12         5.188985439983986e-11         4.958598098487744e-11
41        -1.589976024283002e-12         3.554084039210903e-11         3.395086436782603e-11
42        -1.098377510710608e-12         2.436685076296392e-11         2.326847325225331e-11
43        -7.594832634210828e-13         1.672155098829772e-11         1.596206772487663e-11
44        -5.256159723297936e-13         1.148522862831786e-11         1.095961265598806e-11
45        -3.640680495818394e-13         7.895334410569751e-12         7.531266360987911e-12
46        -2.523722671173195e-13         5.431906973508164e-12         5.179534706390845e-12
47        -1.750767459974106e-13         3.739979965732795e-12         3.564903219735385e-12
48        -1.215421807516271e-13          2.57695402916786e-12         2.455411848416233e-12
49        -8.443497104050887e-14         1.776849902258168e-12         1.692414931217659e-12
50         -5.86949227151523e-14         1.225994697140045e-12         1.167299774424893e-12
51        -4.082710087546383e-14         8.464632664317893e-13         8.056361655563254e-13
52        -2.841542863806037e-14         5.847873182909338e-13         5.563718896528734e-13
53        -1.978819360838993e-14         4.042475407442227e-13         3.844593471358328e-13
54        -1.378775877162168e-14         2.796059217481015e-13         2.658181629764798e-13
55        -9.611845000369476e-15         1.935019668184039e-13         1.838901218180344e-13
56        -6.704030328884422e-15         1.339847828422132e-13         1.272807525133288e-13
57        -4.678131648132639e-15         9.282141216233632e-14         8.814328051420368e-14
58        -3.265937029237471e-15         6.433620692741836e-14         6.107026989818089e-14
59        -2.281046769516867e-15         4.461385284197292e-14         4.233280607245605e-14
60        -1.593837885361906e-15         3.095165034655287e-14         2.935781246119096e-14
61        -1.114116587380335e-15          2.14827991232023e-14         2.036868253582197e-14
62        -7.790889042939537e-16         1.491710063205546e-14         1.413801172776151e-14
63        -5.450131513943921e-16          1.03623511693485e-14         9.817338017954109e-15
64        -3.814033976926343e-16          7.20122974545857e-15         6.819826347765936e-15
65        -2.670017338210145e-16         5.006381288115482e-15         4.739379554294467e-15
66        -1.869778564563265e-16         3.481807511490337e-15         3.294829655034011e-15
67        -1.309808286895579e-16         2.422390217464934e-15         2.291409388775376e-15
68        -9.178292516885681e-17         1.685920627221976e-15         1.594137702053119e-15
69        -6.433510831010973e-17         1.173759716027125e-15         1.109424607717016e-15
70        -4.510885007898969e-17         8.174588848786272e-16         7.723500347996375e-16
71        -3.163725959779686e-17         5.694991219496991e-16         5.378618623519022e-16
72        -2.219500979159168e-17         3.968775957343881e-16         3.746825859427964e-16
73        -1.557497600124358e-17         2.766639829782683e-16         2.610890069770248e-16
74        -1.093229512311505e-17         1.929201007782528e-16         1.819878056551377e-16
75        -7.675448104623047e-18         1.345636000710368e-16         1.268881519664137e-16
76        -5.390154727376299e-18         9.388572648405125e-17         8.849557175667495e-17
77        -3.786174593091537e-18         6.552245056303153e-17         6.173627596993999e-17
78        -2.660105755966234e-18         4.573999789632139e-17         4.307989214035515e-17
79        -1.869360697853823e-18         3.193850477132377e-17         3.006914407346995e-17
80        -1.313954874190327e-18         2.230707115927847e-17         2.099311628508814e-17
81        -9.237580692205231e-19         1.558394003306629e-17         1.466018196384577e-17
82        -6.495669433897259e-19         1.088970321993459e-17         1.024013627654486e-17
83        -4.568514295524109e-19         7.611255412360716e-18         7.154403982808306e-18
84        -3.213727789741033e-19         5.321027894221631e-18         4.999655115247528e-18
85        -2.261121676228353e-19          3.72075749351949e-18         3.494645325896655e-18
86         -1.59117274026727e-19         2.602324631129416e-18         2.443207357102689e-18
87        -1.119920432019853e-19         1.820470423634394e-18         1.708478380432409e-18
88        -7.883724111297272e-20         1.273783675966764e-18         1.194946434853791e-18
89        -5.550704725672559e-20         8.914470444690253e-19         8.359399972122997e-19
90        -3.908727628865351e-20         6.239951773202604e-19         5.849079010316069e-19
91        -2.752906460417131e-20          4.36868561056136e-19         4.093394964519647e-19
92        -1.939163897552067e-20         3.059161136396585e-19         2.865244746641378e-19
93         -1.36616423024687e-20         2.142565491726197e-19          2.00594906870151e-19
94        -9.626202851656949e-21         1.500874220429838e-19         1.404612191913268e-19
95        -6.783740809745716e-21         1.051553165637572e-19          9.83715757540115e-20
96        -4.781279228153754e-21         7.368740739036198e-20         6.890612816220823e-20
97                             0                             0                             0
98                             0                             0                             0
99                             0                             0                             0
100                             0                             0                             0
101                             0                             0                             0
102                             0                             0                             0
103                             0                             0                             0
104                             0                             0                             0
105                             0                             0                             0
106                             0                             0                             0
107                             0                             0                             0
108                             0                             0                             0
109                             0                             0                             0
110                             0                             0                             0
111                             0                             0                             0
112                             0                             0                             0
113                             0                             0                             0
114                             0                             0                             0
115                             0                             0                             0
116                             0                             0                             0
117                             0                             0                             0
118                             0                             0                             0
119                             0                             0                             0
120                             0                             0                             0
121                             0                             0                             0
122                             0                             0                             0
123                             0                             0                             0
124                             0                             0                             0
125                             0                             0                             0
126                             0                             0                             0
127                             0                             0                             0
128                             0                             0                             0
129                             0                             0                             0
130                             0                             0                             0
131                             0                             0                             0
132                             0                             0                             0
133                             0                             0                             0
134                             0                             0                             0
135                             0                             0                             0
136                             0                             0                             0
137                             0                             0                             0
138                             0                             0                             0
139                             0                             0                             0
140                             0                             0                             0
141                             0                             0                             0
142                             0                             0                             0
143                             0                             0                             0
144                             0                             0                             0
145                             0                             0                             0
146                             0                             0                             0
147                             0                             0                             0
148                             0                             0                             0
149                             0                             0                             0
150                             0                             0                             0
151                             0                             0                             0
152                             0                             0                             0
153                             0                             0                             0
154                             0                             0                             0
155                             0                             0                             0
156                             0                             0                             0
157                             0                             0                             0
158                             0                             0                             0
159                             0                             0                             0
160                             0                             0                             0
161                             0                             0                             0
162                             0                             0                             0
163                             0                             0                             0
164                             0                             0                             0
165                             0                             0                             0
166                             0                             0                             0
167                             0                             0                             0
168                             0                             0                             0
169                             0                             0                             0
170                             0                             0                             0
171                             0                             0                             0
172                             0                             0                             0
173                             0                             0                             0
174                             0                             0                             0
175                             0                             0                             0
176                             0                             0                             0
177                             0                             0                             0
178                             0                             0                             0
179                             0                             0                             0
180                             0                             0                             0
181                             0                             0                             0
182                             0                             0                             0
183                             0                             0                             0
184                             0                             0                             0
185                             0                             0                             0
186                             0                             0                             0
187                             0                             0                             0
188                             0                             0                             0
189                             0                             0                             0
190                             0                             0                             0
191                             0                             0                             0
