
0                   0                   0                   0
1      0.004903028386       0.04397365516       0.04887668355
2     -0.001408134592      0.006723601441      0.005315466849
3    -0.0002868005852       0.00154408494      0.001257284354
4    -7.078125253e-05     0.0004688743121     0.0003980930596
5    -2.202746233e-05     0.0001683064053      0.000146278943
6    -8.044886054e-06     6.679678524e-05     5.875189919e-05
7    -3.249330129e-06     2.827299884e-05     2.502366871e-05
8     -1.40076824e-06     1.250955871e-05     1.110879047e-05
9    -6.315164905e-07      5.71679402e-06     5.085277529e-06
10    -2.941134348e-07     2.677642549e-06     2.383529114e-06
11    -1.403875039e-07     1.278678651e-06     1.138291147e-06
12    -6.831176727e-08     6.202348237e-07     5.519230564e-07
13    -3.375683184e-08     3.047481298e-07      2.70991298e-07
14    -1.689316931e-08     1.513595682e-07     1.344663989e-07
15    -8.543292977e-09     7.586817097e-08     6.732487799e-08
16    -4.359071821e-09     3.832957899e-08     3.397050717e-08
17    -2.241080836e-09     1.949780294e-08      1.72567221e-08
18    -1.159757261e-09     9.978129961e-09       8.8183727e-09
19    -6.036119862e-10     5.133604399e-09     4.529992413e-09
20    -3.157397193e-10     2.653705892e-09     2.337966173e-09
21    -1.658940499e-10     1.377612135e-09     1.211718085e-09
22    -8.750884521e-11     7.178985446e-10     6.303896994e-10
23    -4.632482445e-11     3.754091959e-10     3.290843714e-10
24    -2.460159162e-11     1.969324416e-10       1.7233085e-10
25    -1.310292409e-11     1.036053952e-10      9.05024711e-11
26    -6.997038713e-12     5.465085993e-11     4.765382121e-11
27    -3.745426828e-12     2.889815898e-11     2.515273215e-11
28    -2.009284792e-12     1.531515204e-11     1.330586725e-11
29    -1.080083375e-12     8.133522786e-12     7.053439411e-12
30     -5.81674348e-13     4.327909694e-12     3.746235346e-12
31    -3.137965382e-13     2.307078014e-12     1.993281476e-12
32    -1.695536818e-13     1.231910402e-12      1.06235672e-12
33                   0                   0                   0
34                   0                   0                   0
35                   0                   0                   0
36                   0                   0                   0
37                   0                   0                   0
38                   0                   0                   0
39                   0                   0                   0
40                   0                   0                   0
41                   0                   0                   0
42                   0                   0                   0
43                   0                   0                   0
44                   0                   0                   0
45                   0                   0                   0
46                   0                   0                   0
47                   0                   0                   0
48                   0                   0                   0
49                   0                   0                   0
50                   0                   0                   0
51                   0                   0                   0
52                   0                   0                   0
53                   0                   0                   0
54                   0                   0                   0
55                   0                   0                   0
56                   0                   0                   0
57                   0                   0                   0
58                   0                   0                   0
59                   0                   0                   0
60                   0                   0                   0
61                   0                   0                   0
62                   0                   0                   0
63                   0                   0                   0
