
0                   0                   0                   0
1       0.01985543826       0.03080415375       0.05065959201
2    -0.0001523967336      0.006484035312      0.006331638579
3    -0.0001399742814      0.002015411211      0.001875436929
4     -4.54013375e-05     0.0008361392652     0.0007907379277
5    -1.611806691e-05      0.000420611546     0.0004044934791
6    -6.613174272e-06     0.0002404003884     0.0002337872142
7    -3.076594438e-06     0.0001500580563     0.0001469814619
8    -1.581170219e-06     9.984339083e-05     9.826222061e-05
9    -8.787755282e-07     6.971827367e-05     6.883949814e-05
10    -5.198477791e-07     5.055510547e-05     5.003525769e-05
11     -3.23512522e-07     3.778685184e-05     3.746333931e-05
12    -2.099514098e-07     2.895370587e-05     2.874375446e-05
13    -1.411409551e-07     2.264993658e-05     2.250879562e-05
14    -9.777501253e-08     1.803209265e-05     1.793431764e-05
15    -6.950941919e-08     1.457303129e-05     1.450352187e-05
16    -5.054144527e-08     1.193167936e-05     1.188113792e-05
17     -3.74843678e-08       9.8806733e-06     9.843188932e-06
18    -2.829205954e-08     8.264464962e-06     8.236172902e-06
19    -2.169018071e-08     6.974184851e-06      6.95249467e-06
20    -1.686338889e-08     5.932081243e-06     5.915217854e-06
21    -1.327731435e-08     5.081617938e-06     5.068340624e-06
22    -1.057408466e-08     4.381016387e-06     4.370442302e-06
23    -8.509305186e-09     3.798950557e-06     3.790441251e-06
24    -6.913092441e-09     3.311619533e-06     3.304706441e-06
25    -5.665433171e-09     2.900720942e-06     2.895055509e-06
26    -4.680280589e-09     2.552024902e-06     2.547344621e-06
27    -3.895096064e-09     2.254355471e-06     2.250460375e-06
28    -3.263852686e-09     1.998853128e-06     1.995589275e-06
29    -2.752280126e-09     1.778433951e-06     1.775681671e-06
30    -2.334585199e-09     1.587388402e-06     1.585053817e-06
31    -1.991159287e-09     1.421080441e-06     1.419089281e-06
32    -1.706955305e-09     1.275719601e-06     1.274012646e-06
33    -1.470325011e-09     1.148186717e-06     1.146716392e-06
34    -1.272177398e-09       1.0358995e-06     1.034627322e-06
35    -1.105361775e-09     9.367079977e-07      9.35602636e-07
36    -9.642133527e-10     8.488126764e-07     8.478484631e-07
37    -8.442134498e-10     7.706997518e-07     7.698555383e-07
38    -7.417343479e-10     7.010897988e-07     7.003480645e-07
39    -6.538458081e-10     6.388966469e-07     6.382428011e-07
40    -5.781672657e-10      5.83194302e-07     5.826161348e-07
41    -5.127541006e-10     5.331901761e-07      5.32677422e-07
42     -4.56009523e-10     4.882033024e-07     4.877472929e-07
43    -4.066158594e-10     4.476465163e-07     4.472399004e-07
44    -3.634806348e-10     4.110118089e-07     4.106483283e-07
45    -3.256940134e-10     3.778582312e-07     3.775325372e-07
46    -2.924950163e-10     3.478018606e-07     3.475093656e-07
47    -2.632445612e-10     3.205074431e-07     3.202441985e-07
48    -2.374038367e-10     2.956814023e-07     2.954439985e-07
49    -2.145168691e-10     2.730659701e-07     2.728514532e-07
50    -1.941964039e-10     2.524342397e-07     2.522400432e-07
51    -1.761124193e-10     2.335859819e-07     2.334098695e-07
52    -1.599827415e-10     2.163440953e-07     2.161841126e-07
53    -1.455653444e-10     2.005515831e-07     2.004060178e-07
54    -1.326520075e-10     1.860689718e-07     1.859363197e-07
55    -1.210630706e-10     1.727720997e-07     1.726510367e-07
56     -1.10643082e-10     1.605502178e-07     1.604395747e-07
57    -1.012571726e-10     1.493043525e-07     1.492030953e-07
58    -9.278802657e-11     1.389458923e-07     1.388531043e-07
59    -8.513334109e-11      1.29395364e-07     1.293102306e-07
60    -7.820368964e-11     1.205813693e-07     1.205031656e-07
61    -7.192071916e-11     1.124396606e-07     1.123677398e-07
62    -6.621562457e-11      1.04912334e-07     1.048461184e-07
63    -6.102785409e-11     9.794712451e-08     9.788609666e-08
64    -5.630400755e-11     9.149678794e-08     9.144048393e-08
65    -5.199689633e-11     8.551855893e-08     8.546656203e-08
66    -4.806473916e-11      7.99736739e-08     7.992560916e-08
67    -4.447047245e-11     7.482695066e-08     7.478248019e-08
68    -4.118115731e-11     7.004641723e-08     7.000523607e-08
69    -3.816746864e-11     6.560298351e-08     6.556481604e-08
70    -3.540325383e-11     6.147015029e-08     6.143474704e-08
71    -3.286515068e-11     5.762375105e-08      5.75908859e-08
72    -3.053225615e-11     5.404172225e-08     5.401118999e-08
73    -2.838583822e-11     5.070389888e-08     5.067551304e-08
74    -2.640908497e-11     4.759183204e-08     4.756542296e-08
75    -2.458688565e-11     4.468862604e-08     4.466403915e-08
76    -2.290563916e-11     4.197879261e-08     4.195588697e-08
77     -2.13530863e-11     3.944812035e-08     3.942676727e-08
78    -1.991816255e-11     3.708355759e-08     3.706363943e-08
79    -1.859086863e-11     3.487310717e-08      3.48545163e-08
80    -1.736215651e-11     3.280573178e-08     3.278836962e-08
81    -1.622382886e-11     3.087126876e-08     3.085504493e-08
82    -1.516845009e-11     2.906035321e-08     2.904518476e-08
83    -1.418926795e-11     2.736434863e-08     2.735015936e-08
84    -1.328014358e-11     2.577528421e-08     2.576200406e-08
85     -1.24354898e-11     2.428579806e-08     2.427336257e-08
86    -1.165021604e-11     2.288908583e-08     2.287743561e-08
87    -1.091967939e-11      2.15788541e-08     2.156793442e-08
88    -1.023964098e-11     2.034927804e-08      2.03390384e-08
89    -9.606226991e-12     1.919496299e-08     1.918535676e-08
90    -9.015893809e-12     1.811090946e-08     1.810189357e-08
91    -8.465396889e-12     1.709248132e-08     1.708401592e-08
92    -7.951762796e-12     1.613537673e-08     1.612742497e-08
93    -7.472264146e-12     1.523560172e-08     1.522812945e-08
94    -7.024397088e-12     1.438944598e-08     1.438242159e-08
95    -6.605861056e-12     1.359346082e-08     1.358685496e-08
96    -6.214540531e-12     1.284443893e-08     1.283822439e-08
97                   0                   0                   0
98                   0                   0                   0
99                   0                   0                   0
100                   0                   0                   0
101                   0                   0                   0
102                   0                   0                   0
103                   0                   0                   0
104                   0                   0                   0
105                   0                   0                   0
106                   0                   0                   0
107                   0                   0                   0
108                   0                   0                   0
109                   0                   0                   0
110                   0                   0                   0
111                   0                   0                   0
112                   0                   0                   0
113                   0                   0                   0
114                   0                   0                   0
115                   0                   0                   0
116                   0                   0                   0
117                   0                   0                   0
118                   0                   0                   0
119                   0                   0                   0
120                   0                   0                   0
121                   0                   0                   0
122                   0                   0                   0
123                   0                   0                   0
124                   0                   0                   0
125                   0                   0                   0
126                   0                   0                   0
127                   0                   0                   0
128                   0                   0                   0
129                   0                   0                   0
130                   0                   0                   0
131                   0                   0                   0
132                   0                   0                   0
133                   0                   0                   0
134                   0                   0                   0
135                   0                   0                   0
136                   0                   0                   0
137                   0                   0                   0
138                   0                   0                   0
139                   0                   0                   0
140                   0                   0                   0
141                   0                   0                   0
142                   0                   0                   0
143                   0                   0                   0
144                   0                   0                   0
145                   0                   0                   0
146                   0                   0                   0
147                   0                   0                   0
148                   0                   0                   0
149                   0                   0                   0
150                   0                   0                   0
151                   0                   0                   0
152                   0                   0                   0
153                   0                   0                   0
154                   0                   0                   0
155                   0                   0                   0
156                   0                   0                   0
157                   0                   0                   0
158                   0                   0                   0
159                   0                   0                   0
160                   0                   0                   0
161                   0                   0                   0
162                   0                   0                   0
163                   0                   0                   0
164                   0                   0                   0
165                   0                   0                   0
166                   0                   0                   0
167                   0                   0                   0
168                   0                   0                   0
169                   0                   0                   0
170                   0                   0                   0
171                   0                   0                   0
172                   0                   0                   0
173                   0                   0                   0
174                   0                   0                   0
175                   0                   0                   0
176                   0                   0                   0
177                   0                   0                   0
178                   0                   0                   0
179                   0                   0                   0
180                   0                   0                   0
181                   0                   0                   0
182                   0                   0                   0
183                   0                   0                   0
184                   0                   0                   0
185                   0                   0                   0
186                   0                   0                   0
187                   0                   0                   0
188                   0                   0                   0
189                   0                   0                   0
190                   0                   0                   0
191                   0                   0                   0
