0                   0                   0                   0
1       0.01567802904       0.03059622513       0.04627425417
2    -0.0006970905698      0.004978417028      0.004281326458
3    -0.0002231967377      0.001040311243     0.0008171145054
4    -5.697819159e-05     0.0002605072222     0.0002035290306
5    -1.569984768e-05      7.37435398e-05     5.804369212e-05
6    -4.714812368e-06     2.266679692e-05     1.795198455e-05
7    -1.514786201e-06     7.373773516e-06     5.858987315e-06
8    -5.115650235e-07     2.498141976e-06     1.986576953e-06
9    -1.792650043e-07      8.72278298e-07     6.930132937e-07
10    -6.459820377e-08     3.117325223e-07     2.471343185e-07
11    -2.378698159e-08     1.134744762e-07     8.968749465e-08
12    -8.910464527e-09     4.192678676e-08     3.301632223e-08
13    -3.384359113e-09     1.568340708e-08     1.229904797e-08
14    -1.300166454e-09     5.927753723e-09     4.627587269e-09
15    -5.042547414e-10     2.260347809e-09     1.756093067e-09
16    -1.971475493e-10     8.684953921e-10     6.713478428e-10
17    -7.760982851e-11     3.359237138e-10     2.583138853e-10
18    -3.073393238e-11     1.306910504e-10     9.995711807e-11
19    -1.223383846e-11     5.110859657e-11     3.887475811e-11
20    -4.891879251e-12       2.0079029e-11     1.518714975e-11
21    -1.963938193e-12     7.921128786e-12     5.957190593e-12
22    -7.912722519e-13     3.136548562e-12     2.345276311e-12
23     -3.19820385e-13     1.246197578e-12     9.263771934e-13
24    -1.296367541e-13      4.96662284e-13     3.670255298e-13
25    -5.268307149e-14     1.985002037e-13     1.458171322e-13
26    -2.146002155e-14     7.954012614e-14     5.808010459e-14
27    -8.760198502e-15     3.194838712e-14     2.318818861e-14
28     -3.58296303e-15      1.28608812e-14      9.27791817e-15
29     -1.46806295e-15      5.18778479e-15      3.71972184e-15
30    -6.025020034e-16     2.096622569e-15     1.494120565e-15
31    -2.476442296e-16     8.488474004e-16     6.012031708e-16
32    -1.019305204e-16      3.44238579e-16     2.423080586e-16
33    -4.200898223e-17     1.398183929e-16     9.780941065e-17
34    -1.733412956e-17     5.687251493e-17     3.953838537e-17
35    -7.160574507e-18     2.316520511e-17      1.60046306e-17
36    -2.961059107e-18     9.447805958e-18      6.48674685e-18
37     -1.22566029e-18     3.857938512e-18     2.632278223e-18
38     -5.07796971e-19     1.577176059e-18     1.069379088e-18
39    -2.105632306e-19     6.454742513e-19     4.349110207e-19
40    -8.738260626e-20     2.644398797e-19     1.770572734e-19
41    -3.629083392e-20     1.084430036e-19     7.215216972e-20
42    -1.508271557e-20     4.451246477e-20     2.942974921e-20
43    -6.272713055e-21      1.82872223e-20     1.201450925e-20
44    -2.610409183e-21     7.519374197e-21     4.908965014e-21
45    -1.086986782e-21     3.094329871e-21     2.007343089e-21
46    -4.528858648e-22     1.274344135e-21     8.214582703e-22
47    -1.887945341e-22     5.252031529e-22     3.364086188e-22
48    -7.874345015e-23     2.166080741e-22      1.37864624e-22
49    -3.285888961e-23     8.939552395e-23     5.653663434e-23
50    -1.371811841e-23     3.691803875e-23     2.319992034e-23
51    -5.729674036e-24     1.525568852e-23     9.526014488e-24
52     -2.39414307e-24     6.307897894e-24     3.913754824e-24
53    -1.000798822e-24       2.6096789e-24     1.608880078e-24
54    -4.185161166e-25     1.080263181e-24     6.617470645e-25
55    -1.750809932e-25     4.474074278e-25     2.723264346e-25
56    -7.326901864e-26     1.853956114e-25     1.121265928e-25
57    -3.067254855e-26     7.686176246e-26     4.618921391e-26
58    -1.284462419e-26     3.188073082e-26     1.903610663e-26
59    -5.380582344e-27     1.322957964e-26       7.8489973e-27
60    -2.254592808e-27     5.492332791e-27     3.237739983e-27
61    -9.450022094e-28     2.281151788e-27     1.336149578e-27
62    -3.962037661e-28     9.478331754e-28     5.516294094e-28
63    -1.661578644e-28      3.93989047e-28     2.278311826e-28
64    -6.970042584e-29     1.638344903e-28     9.413406445e-29
65    -2.924543705e-29     6.815381136e-29     3.890837431e-29
66    -1.227397101e-29     2.836178241e-29      1.60878114e-29
67    -5.152437091e-30     1.180675678e-29     6.654319687e-30
68    -2.163403111e-30     4.916735181e-30     2.753332069e-30
69    -9.085650798e-31      2.04817806e-30      1.13961298e-30
70    -3.816500504e-31     8.534912502e-31     4.718411998e-31
71     -1.60347541e-31     3.557679899e-31     1.954204489e-31
72    -6.738203582e-32     1.483430601e-31      8.09610243e-32
73     -2.83209669e-32     6.187232841e-32     3.355136151e-32
74    -1.190560733e-32     2.581374393e-32      1.39081366e-32
75     -5.00578378e-33      1.07727713e-32     5.766987522e-33
76    -2.105073714e-33      4.49699618e-33     2.391922466e-33
77    -8.853907058e-34     1.877729777e-33     9.923390714e-34
78    -3.724542012e-34     7.842529266e-34     4.117987254e-34
79    -1.567036082e-34     3.276338632e-34     1.709302551e-34
80    -6.594036335e-35     1.369078053e-34     7.096744192e-35
81                   0                   0                   0
82                   0                   0                   0
83                   0                   0                   0
84                   0                   0                   0
85                   0                   0                   0
86                   0                   0                   0
87                   0                   0                   0
88                   0                   0                   0
89                   0                   0                   0
90                   0                   0                   0
91                   0                   0                   0
92                   0                   0                   0
93                   0                   0                   0
94                   0                   0                   0
95                   0                   0                   0
96                   0                   0                   0
97                   0                   0                   0
98                   0                   0                   0
99                   0                   0                   0
100                   0                   0                   0
101                   0                   0                   0
102                   0                   0                   0
103                   0                   0                   0
104                   0                   0                   0
105                   0                   0                   0
106                   0                   0                   0
107                   0                   0                   0
108                   0                   0                   0
109                   0                   0                   0
110                   0                   0                   0
111                   0                   0                   0
112                   0                   0                   0
113                   0                   0                   0
114                   0                   0                   0
115                   0                   0                   0
116                   0                   0                   0
117                   0                   0                   0
118                   0                   0                   0
119                   0                   0                   0
120                   0                   0                   0
121                   0                   0                   0
122                   0                   0                   0
123                   0                   0                   0
124                   0                   0                   0
125                   0                   0                   0
126                   0                   0                   0
127                   0                   0                   0
128                   0                   0                   0
129                   0                   0                   0
130                   0                   0                   0
131                   0                   0                   0
132                   0                   0                   0
133                   0                   0                   0
134                   0                   0                   0
135                   0                   0                   0
136                   0                   0                   0
137                   0                   0                   0
138                   0                   0                   0
139                   0                   0                   0
140                   0                   0                   0
141                   0                   0                   0
142                   0                   0                   0
143                   0                   0                   0
144                   0                   0                   0
145                   0                   0                   0
146                   0                   0                   0
147                   0                   0                   0
148                   0                   0                   0
149                   0                   0                   0
150                   0                   0                   0
151                   0                   0                   0
152                   0                   0                   0
153                   0                   0                   0
154                   0                   0                   0
155                   0                   0                   0
156                   0                   0                   0
157                   0                   0                   0
158                   0                   0                   0
159                   0                   0                   0
