0                   0                   0                   0
1      0.003618023723       0.04265623044       0.04627425417
2     -0.001563521051       0.00584484751      0.004281326458
3    -0.0003018268985      0.001118941404     0.0008171145054
4    -6.714629478e-05     0.0002706753254     0.0002035290306
5    -1.776878899e-05     7.581248111e-05     5.804369212e-05
6     -5.30790348e-06     2.325988803e-05     1.795198455e-05
7    -1.714479791e-06     7.573467106e-06     5.858987315e-06
8    -5.831665341e-07     2.569743487e-06     1.986576953e-06
9    -2.056457249e-07     8.986590186e-07     6.930132937e-07
10    -7.446560907e-08     3.215999275e-07     2.471343185e-07
11    -2.751696718e-08     1.172044618e-07     8.968749465e-08
12    -1.033243814e-08     4.334876037e-08     3.301632223e-08
13    -3.930391078e-09     1.622943904e-08     1.229904797e-08
14    -1.511175642e-09     6.138762911e-09     4.627587269e-09
15    -5.862587512e-10     2.342351819e-09     1.756093067e-09
16    -2.291780341e-10      9.00525877e-10     6.713478428e-10
17    -9.017789027e-11     3.484917756e-10     2.583138853e-10
18    -3.568570738e-11     1.356428255e-10     9.995711807e-11
19    -1.419212968e-11      5.30668878e-11     3.887475811e-11
20    -5.668974027e-12     2.085612378e-11     1.518714975e-11
21    -2.273270317e-12      8.23046091e-12     5.957190593e-12
22    -9.147586748e-13     3.260034985e-12     2.345276311e-12
23     -3.69246682e-13     1.295623875e-12     9.263771934e-13
24    -1.494681853e-13     5.164937151e-13     3.670255298e-13
25    -6.065804062e-14     2.064751728e-13     1.458171322e-13
26    -2.467377789e-14     8.275388248e-14     5.808010459e-14
27    -1.005780487e-14     3.324599348e-14     2.318818861e-14
28    -4.107845853e-15     1.338576402e-14      9.27791817e-15
29    -1.680739613e-15     5.400461452e-15      3.71972184e-15
30    -6.888135443e-16      2.18293411e-15     1.494120565e-15
31    -2.827248401e-16     8.839280109e-16     6.012031708e-16
32    -1.162088056e-16     3.585168643e-16     2.423080586e-16
33    -4.782814233e-17      1.45637553e-16     9.780941065e-17
34    -1.970871361e-17     5.924709898e-17     3.953838537e-17
35    -8.130700291e-18     2.413533089e-17      1.60046306e-17
36    -3.357843369e-18      9.84459022e-18      6.48674685e-18
37    -1.388118424e-18     4.020396646e-18     2.632278223e-18
38    -5.743803393e-19     1.643759428e-18     1.069379088e-18
39    -2.378785138e-19     6.727895345e-19     4.349110207e-19
40    -9.859868946e-20     2.756559629e-19     1.770572734e-19
41      -4.0900332e-20     1.130525017e-19     7.215216972e-20
42    -1.697865986e-20     4.640840907e-20     2.942974921e-20
43    -7.053155377e-21     1.906766462e-20     1.201450925e-20
44    -2.931911576e-21      7.84087659e-21     4.908965014e-21
45    -1.219525143e-21     3.226868231e-21     2.007343089e-21
46    -5.075622369e-22     1.329020507e-21     8.214582703e-22
47    -2.113652867e-22     5.477739055e-22     3.364086188e-22
48    -8.806673486e-23     2.259313588e-22      1.37864624e-22
49     -3.67124077e-23     9.324904204e-23     5.653663434e-23
50    -1.531179813e-23     3.851171847e-23     2.319992034e-23
51    -6.389136538e-24     1.591515103e-23     9.526014488e-24
52    -2.667176209e-24     6.580931033e-24     3.913754824e-24
53    -1.113900253e-24     2.722780331e-24     1.608880078e-24
54    -4.653909871e-25     1.127138052e-24     6.617470645e-25
55    -1.945177366e-25     4.668441712e-25     2.723264346e-25
56    -8.133228424e-26      1.93458877e-25     1.121265928e-25
57    -3.401908425e-26     8.020829816e-26     4.618921391e-26
58    -1.423416188e-26     3.327026851e-26     1.903610663e-26
59    -5.957786229e-27     1.380678353e-26       7.8489973e-27
60    -2.494457422e-27     5.732197405e-27     3.237739983e-27
61    -1.044720637e-27     2.380870215e-27     1.336149578e-27
62    -4.376754336e-28     9.893048429e-28     5.516294094e-28
63    -1.834118413e-28     4.112430239e-28     2.278311826e-28
64    -7.688140396e-29     1.710154684e-28     9.413406445e-29
65    -3.223515301e-29     7.114352732e-29     3.890837431e-29
66    -1.351912672e-29     2.960693812e-29      1.60878114e-29
67    -5.671189927e-30     1.232550961e-29     6.654319687e-30
68     -2.37959343e-30       5.1329255e-30     2.753332069e-30
69    -9.986904327e-31     2.138303413e-30      1.13961298e-30
70    -4.192328299e-31     8.910740297e-31     4.718411998e-31
71    -1.760243748e-31     3.714448237e-31     1.954204489e-31
72    -7.392315205e-32     1.548841763e-31      8.09610243e-32
73    -3.105098848e-32     6.460234999e-32     3.355136151e-32
74    -1.304532632e-32     2.695346292e-32      1.39081366e-32
75    -5.481714665e-33     1.124870219e-32     5.766987522e-33
76    -2.303866868e-33     4.695789334e-33     2.391922466e-33
77    -9.684460414e-34     1.960785113e-33     9.923390714e-34
78    -4.071629918e-34     8.189617173e-34     4.117987254e-34
79    -1.712118442e-34     3.421420993e-34     1.709302551e-34
80    -7.200619548e-35     1.429736374e-34     7.096744192e-35
81                   0                   0                   0
82                   0                   0                   0
83                   0                   0                   0
84                   0                   0                   0
85                   0                   0                   0
86                   0                   0                   0
87                   0                   0                   0
88                   0                   0                   0
89                   0                   0                   0
90                   0                   0                   0
91                   0                   0                   0
92                   0                   0                   0
93                   0                   0                   0
94                   0                   0                   0
95                   0                   0                   0
96                   0                   0                   0
97                   0                   0                   0
98                   0                   0                   0
99                   0                   0                   0
100                   0                   0                   0
101                   0                   0                   0
102                   0                   0                   0
103                   0                   0                   0
104                   0                   0                   0
105                   0                   0                   0
106                   0                   0                   0
107                   0                   0                   0
108                   0                   0                   0
109                   0                   0                   0
110                   0                   0                   0
111                   0                   0                   0
112                   0                   0                   0
113                   0                   0                   0
114                   0                   0                   0
115                   0                   0                   0
116                   0                   0                   0
117                   0                   0                   0
118                   0                   0                   0
119                   0                   0                   0
120                   0                   0                   0
121                   0                   0                   0
122                   0                   0                   0
123                   0                   0                   0
124                   0                   0                   0
125                   0                   0                   0
126                   0                   0                   0
127                   0                   0                   0
128                   0                   0                   0
129                   0                   0                   0
130                   0                   0                   0
131                   0                   0                   0
132                   0                   0                   0
133                   0                   0                   0
134                   0                   0                   0
135                   0                   0                   0
136                   0                   0                   0
137                   0                   0                   0
138                   0                   0                   0
139                   0                   0                   0
140                   0                   0                   0
141                   0                   0                   0
142                   0                   0                   0
143                   0                   0                   0
144                   0                   0                   0
145                   0                   0                   0
146                   0                   0                   0
147                   0                   0                   0
148                   0                   0                   0
149                   0                   0                   0
150                   0                   0                   0
151                   0                   0                   0
152                   0                   0                   0
153                   0                   0                   0
154                   0                   0                   0
155                   0                   0                   0
156                   0                   0                   0
157                   0                   0                   0
158                   0                   0                   0
159                   0                   0                   0
