0                   0                   0                   0
1       0.01728741061       0.03095435706       0.04824176767
2    -0.0005240570282       0.00555650146      0.005032444432
3    -0.0002094872818      0.001333115245      0.001123627963
4    -6.032910544e-05     0.0003934042198     0.0003330751144
5    -1.900841531e-05     0.0001330657934     0.0001140573781
6    -6.635495983e-06      4.92111476e-05     4.257565162e-05
7    -2.507811734e-06     1.933195284e-05     1.682414111e-05
8    -1.004320468e-06     7.925578274e-06     6.921257807e-06
9    -4.196464249e-07     3.353345624e-06     2.933699199e-06
10     -1.81016227e-07     1.453488615e-06     1.272472388e-06
11    -8.001832647e-08     6.421240917e-07     5.621057652e-07
12    -3.606181657e-08     2.880818389e-07     2.520200224e-07
13    -1.650656884e-08     1.308973233e-07     1.143907545e-07
14    -7.652429943e-09     6.011374052e-08     5.246131057e-08
15     -3.58548241e-09     2.785822828e-08     2.427274587e-08
16    -1.695042457e-09     1.301135132e-08     1.131630887e-08
17    -8.074733327e-10     6.118423001e-09     5.310949668e-09
18    -3.871975357e-10     2.894306179e-09     2.507108643e-09
19    -1.867330144e-10     1.376382628e-09     1.189649613e-09
20    -9.050795834e-11      6.57618704e-10     5.671107457e-10
21    -4.406298936e-11     3.155284735e-10     2.714654841e-10
22    -2.153613691e-11      1.51968158e-10     1.304320211e-10
23     -1.05629716e-11     7.344491873e-11     6.288194713e-11
24    -5.197244981e-12     3.560674101e-11     3.040949603e-11
25    -2.564454722e-12     1.731200643e-11      1.47475517e-11
26    -1.268631762e-12     8.439273254e-12     7.170641491e-12
27    -6.290623299e-13      4.12396544e-12      3.49490311e-12
28    -3.125940546e-13     2.019749136e-12     1.707155082e-12
29    -1.556390781e-13     9.912453801e-13      8.35606302e-13
30    -7.763158461e-14     4.874192363e-13     4.097876517e-13
31    -3.878633804e-14     2.401069938e-13     2.013206558e-13
32     -1.94081844e-14     1.184775787e-13     9.906939428e-14
33    -9.725408346e-15     5.855314477e-14     4.882773642e-14
34     -4.87981719e-15     2.898042645e-14     2.410060926e-14
35    -2.451502462e-15     1.436353722e-14     1.191203476e-14
36    -1.232986403e-15     7.128285243e-15      5.89529884e-15
37    -6.207959164e-16     3.541960336e-15     2.921164419e-15
38    -3.128775565e-16     1.762007879e-15     1.449130322e-15
39    -1.578366892e-16     8.775067451e-16     7.196700559e-16
40    -7.969385252e-17     4.374683103e-16     3.577744578e-16
41    -4.027192351e-17     2.183097877e-16     1.780378642e-16
42    -2.036666177e-17     1.090458037e-16     8.867914197e-17
43    -1.030761401e-17     5.451726588e-17     4.420965186e-17
44    -5.220350278e-18     2.727910725e-17     2.205875697e-17
45    -2.645623681e-18     1.366092498e-17      1.10153013e-17
46     -1.34161641e-18      6.84648994e-18     5.504873531e-18
47    -6.807482931e-19     3.433830549e-18     2.753082256e-18
48    -3.456127092e-19     1.723450565e-18     1.377837855e-18
49    -1.755600662e-19     8.655951931e-19     6.900351269e-19
50    -8.922435694e-20     4.350254208e-19     3.458010639e-19
51    -4.536827869e-20     2.187694796e-19     1.734012009e-19
52    -2.307929714e-20     1.100830156e-19     8.700371849e-20
53    -1.174586771e-20     5.542493717e-20     4.367906945e-20
54    -5.980414859e-21     2.792105416e-20      2.19406393e-20
55    -3.046163162e-21     1.407314187e-20     1.102697871e-20
56    -1.552183672e-21     7.096993651e-21     5.544809978e-21
57    -7.912141899e-22     3.580748102e-21     2.789533912e-21
58    -4.034589553e-22     1.807513144e-21     1.404054189e-21
59    -2.058034745e-22     9.128306973e-22     7.070272228e-22
60    -1.050142342e-22     4.612041413e-22     3.561899071e-22
61    -5.360189803e-23     2.331222949e-22     1.795203968e-22
62    -2.736802219e-23     1.178842691e-22     9.051624688e-23
63    -1.397760965e-23       5.9635302e-23     4.565769234e-23
64     -7.14075154e-24     3.018011471e-23     2.303936317e-23
65    -3.648984137e-24      1.52792798e-23     1.163029567e-23
66    -1.865145939e-24     7.738277605e-24     5.873131666e-24
67    -9.535916117e-25     3.920489317e-24     2.966897705e-24
68       -4.876598e-25     1.986946325e-24     1.499286525e-24
69    -2.494438396e-25     1.007343153e-24     7.578993138e-25
70    -1.276222631e-25     5.108694495e-25     3.832471864e-25
71     -6.53092413e-26      2.59166907e-25     1.938576657e-25
72     -3.34282958e-26     1.315171483e-25     9.808885246e-26
73    -1.711363422e-26     6.675975174e-26     4.964611752e-26
74    -8.763060563e-27     3.389791273e-26     2.513485217e-26
75    -4.487993487e-27     1.721684957e-26     1.272885608e-26
76    -2.298946477e-27     8.746888751e-27     6.447942274e-27
77    -1.177831748e-27     4.444977324e-27     3.267145576e-27
78    -6.035496903e-28     2.259427903e-27     1.655878213e-27
79    -3.093256347e-28      1.14878167e-27     8.394560349e-28
80    -1.585585719e-28     5.842298868e-28      4.25671315e-28
81     -8.12891133e-29      2.97190282e-28     2.159011687e-28
82    -4.168136171e-29     1.512123973e-28     1.095310356e-28
83    -2.137550327e-29     7.695549717e-29      5.55799939e-29
84    -1.096361811e-29     3.917319001e-29     2.820957191e-29
85    -5.624096823e-30     1.994494964e-29     1.432085282e-29
86     -2.88543519e-30     1.015709276e-29     7.271657569e-30
87    -1.480566366e-30     5.173639902e-30     3.693073536e-30
88    -7.598028034e-31     2.635792332e-30     1.875989528e-30
89    -3.899678983e-31      1.34311246e-30     9.531445618e-31
90    -2.001752283e-31     6.845383936e-31     4.843631653e-31
91    -1.027646916e-31     3.489519305e-31     2.461872389e-31
92    -5.276285544e-32     1.779155624e-31      1.25152707e-31
93    -2.709331485e-32      9.07279393e-32     6.363462446e-32
94    -1.391375137e-32     4.627487212e-32     3.236112075e-32
95    -7.146170535e-33     2.360613187e-32     1.645996134e-32
96    -3.670695834e-33     1.204420819e-32     8.373512355e-33
97                   0                   0                   0
98                   0                   0                   0
99                   0                   0                   0
100                   0                   0                   0
101                   0                   0                   0
102                   0                   0                   0
103                   0                   0                   0
104                   0                   0                   0
105                   0                   0                   0
106                   0                   0                   0
107                   0                   0                   0
108                   0                   0                   0
109                   0                   0                   0
110                   0                   0                   0
111                   0                   0                   0
112                   0                   0                   0
113                   0                   0                   0
114                   0                   0                   0
115                   0                   0                   0
116                   0                   0                   0
117                   0                   0                   0
118                   0                   0                   0
119                   0                   0                   0
120                   0                   0                   0
121                   0                   0                   0
122                   0                   0                   0
123                   0                   0                   0
124                   0                   0                   0
125                   0                   0                   0
126                   0                   0                   0
127                   0                   0                   0
128                   0                   0                   0
129                   0                   0                   0
130                   0                   0                   0
131                   0                   0                   0
132                   0                   0                   0
133                   0                   0                   0
134                   0                   0                   0
135                   0                   0                   0
136                   0                   0                   0
137                   0                   0                   0
138                   0                   0                   0
139                   0                   0                   0
140                   0                   0                   0
141                   0                   0                   0
142                   0                   0                   0
143                   0                   0                   0
144                   0                   0                   0
145                   0                   0                   0
146                   0                   0                   0
147                   0                   0                   0
148                   0                   0                   0
149                   0                   0                   0
150                   0                   0                   0
151                   0                   0                   0
152                   0                   0                   0
153                   0                   0                   0
154                   0                   0                   0
155                   0                   0                   0
156                   0                   0                   0
157                   0                   0                   0
158                   0                   0                   0
159                   0                   0                   0
160                   0                   0                   0
161                   0                   0                   0
162                   0                   0                   0
163                   0                   0                   0
164                   0                   0                   0
165                   0                   0                   0
166                   0                   0                   0
167                   0                   0                   0
168                   0                   0                   0
169                   0                   0                   0
170                   0                   0                   0
171                   0                   0                   0
172                   0                   0                   0
173                   0                   0                   0
174                   0                   0                   0
175                   0                   0                   0
176                   0                   0                   0
177                   0                   0                   0
178                   0                   0                   0
179                   0                   0                   0
180                   0                   0                   0
181                   0                   0                   0
182                   0                   0                   0
183                   0                   0                   0
184                   0                   0                   0
185                   0                   0                   0
186                   0                   0                   0
187                   0                   0                   0
188                   0                   0                   0
189                   0                   0                   0
190                   0                   0                   0
191                   0                   0                   0
