0                   0                   0                   0
1      0.004578873929       0.04366289374       0.04824176767
2     -0.001453908723      0.006486353155      0.005032444432
3    -0.0002936850619      0.001417313025      0.001123627963
4    -7.096157835e-05     0.0004040366927     0.0003330751144
5    -2.124051023e-05     0.0001352978883     0.0001140573781
6    -7.365874994e-06     4.994152661e-05     4.257565162e-05
7    -2.802705218e-06     1.962684633e-05     1.682414111e-05
8    -1.132673799e-06     8.053931605e-06     6.921257807e-06
9    -4.771766536e-07     3.410875852e-06     2.933699199e-06
10    -2.072021564e-07     1.479674544e-06     1.272472388e-06
11    -9.206448544e-08     6.541702507e-07     5.621057652e-07
12    -4.165068821e-08     2.936707106e-07     2.520200224e-07
13    -1.911847716e-08     1.335092317e-07     1.143907545e-07
14    -8.880896608e-09     6.134220718e-08     5.246131057e-08
15    -4.166556514e-09     2.843930238e-08     2.427274587e-08
16    -1.971293475e-09     1.328760234e-08     1.131630887e-08
17    -9.394082456e-10     6.250357914e-09     5.310949668e-09
18    -4.504690964e-10      2.95757774e-09     2.507108643e-09
19    -2.171898494e-10     1.406839463e-09     1.189649613e-09
20    -1.052190123e-10      6.72329758e-10     5.671107457e-10
21    -5.119084165e-11     3.226563258e-10     2.714654841e-10
22    -2.499965629e-11     1.554316774e-10     1.304320211e-10
23    -1.225038539e-11     7.513233253e-11     6.288194713e-11
24    -6.021350196e-12     3.643084623e-11     3.040949603e-11
25    -2.967842178e-12     1.771539388e-11      1.47475517e-11
26    -1.466497487e-12     8.637138978e-12     7.170641491e-12
27    -7.263066295e-13      4.22120974e-12      3.49490311e-12
28    -3.604731916e-13     2.067628273e-12     1.707155082e-12
29    -1.792528676e-13      1.01485917e-12      8.35606302e-13
30    -8.929634165e-14     4.990839933e-13     4.097876517e-13
31    -4.455711107e-14     2.458777668e-13     2.013206558e-13
32    -2.226710412e-14     1.213364984e-13     9.906939428e-14
33    -1.114363061e-14     5.997136703e-14     4.882773642e-14
34    -5.584232294e-15     2.968484156e-14     2.410060926e-14
35    -2.801790517e-15     1.471382527e-14     1.191203476e-14
36     -1.40737053e-15     7.302669371e-15      5.89529884e-15
37    -7.077016226e-16     3.628866042e-15     2.921164419e-15
38    -3.562312419e-16     1.805361564e-15     1.449130322e-15
39    -1.794847267e-16     8.991547826e-16     7.196700559e-16
40    -9.051331706e-17     4.482877749e-16     3.577744578e-16
41    -4.568406441e-17     2.237219286e-16     1.780378642e-16
42    -2.307617424e-17     1.117553162e-16     8.867914197e-17
43    -1.166516378e-17     5.587481565e-17     4.420965186e-17
44    -5.901037807e-18     2.795979478e-17     2.205875697e-17
45    -2.987172752e-18     1.400247405e-17      1.10153013e-17
46    -1.513114171e-18     7.017987701e-18     5.504873531e-18
47    -7.669173621e-19     3.519999618e-18     2.753082256e-18
48    -3.889358837e-19     1.766773739e-18     1.377837855e-18
49    -1.973549263e-19     8.873900532e-19     6.900351269e-19
50    -1.001952631e-19      4.45996327e-19     3.458010639e-19
51      -5.0893832e-20     2.242950329e-19     1.734012009e-19
52    -2.586378096e-20     1.128674994e-19     8.700371849e-20
53    -1.314978197e-20     5.682885142e-20     4.367906945e-20
54    -6.688613694e-21     2.862925299e-20      2.19406393e-20
55    -3.403584758e-21     1.443056347e-20     1.102697871e-20
56    -1.732655721e-21       7.2774657e-21     5.544809978e-21
57    -8.823807759e-22     3.671914688e-21     2.789533912e-21
58    -4.495324732e-22     1.853586662e-21     1.404054189e-21
59    -2.290978291e-22     9.361250519e-22     7.070272228e-22
60    -1.167964675e-22     4.729863746e-22     3.561899071e-22
61    -5.956368508e-23     2.390840819e-22     1.795203968e-22
62    -3.038583133e-23     1.209020782e-22     9.051624688e-23
63    -1.550576799e-23     6.116346033e-23     4.565769234e-23
64    -7.914859026e-24      3.09542222e-23     2.303936317e-23
65    -4.041254755e-24     1.567155042e-23     1.163029567e-23
66    -2.063992177e-24     7.937123843e-24     5.873131666e-24
67    -1.054422071e-24     4.021319776e-24     2.966897705e-24
68    -5.388049842e-25      2.03809151e-24     1.499286525e-24
69    -2.753947403e-25     1.033294054e-24     7.578993138e-25
70    -1.407936352e-25     5.240408217e-25     3.832471864e-25
71    -7.199632677e-26     2.658539924e-25     1.938576657e-25
72    -3.682428669e-26     1.349131391e-25     9.808885246e-26
73    -1.883874347e-26     6.848486099e-26     4.964611752e-26
74    -9.639625171e-27     3.477447734e-26     2.513485217e-26
75    -4.933511656e-27     1.766236774e-26     1.272885608e-26
76     -2.52544121e-27     8.973383484e-27     6.447942274e-27
77    -1.293006994e-27      4.56015257e-27     3.267145576e-27
78    -6.621319067e-28     2.318010119e-27     1.655878213e-27
79    -3.391296945e-28     1.178585729e-27     8.394560349e-28
80    -1.737250761e-28      5.99396391e-28      4.25671315e-28
81    -8.900869102e-29     3.049098598e-28     2.159011687e-28
82    -4.561140405e-29     1.551424396e-28     1.095310356e-28
83    -2.337672067e-29     7.895671458e-29      5.55799939e-29
84    -1.198287223e-29     4.019244413e-29     2.820957191e-29
85    -6.143326764e-30     2.046417958e-29     1.432085282e-29
86    -3.149995067e-30     1.042165264e-29     7.271657569e-30
87    -1.615392243e-30     5.308465779e-30     3.693073536e-30
88    -8.285263632e-31     2.704515891e-30     1.875989528e-30
89     -4.25004285e-31     1.378148847e-30     9.531445618e-31
90    -2.180406166e-31     7.024037819e-31     4.843631653e-31
91    -1.118760551e-31      3.58063294e-31     2.461872389e-31
92    -5.741047286e-32     1.825631799e-31      1.25152707e-31
93    -2.946442561e-32     9.309905007e-32     6.363462446e-32
94     -1.51236423e-32     4.748476305e-32     3.236112075e-32
95    -7.763635022e-33     2.422359636e-32     1.645996134e-32
96    -3.985867862e-33     1.235938022e-32     8.373512355e-33
97                   0                   0                   0
98                   0                   0                   0
99                   0                   0                   0
100                   0                   0                   0
101                   0                   0                   0
102                   0                   0                   0
103                   0                   0                   0
104                   0                   0                   0
105                   0                   0                   0
106                   0                   0                   0
107                   0                   0                   0
108                   0                   0                   0
109                   0                   0                   0
110                   0                   0                   0
111                   0                   0                   0
112                   0                   0                   0
113                   0                   0                   0
114                   0                   0                   0
115                   0                   0                   0
116                   0                   0                   0
117                   0                   0                   0
118                   0                   0                   0
119                   0                   0                   0
120                   0                   0                   0
121                   0                   0                   0
122                   0                   0                   0
123                   0                   0                   0
124                   0                   0                   0
125                   0                   0                   0
126                   0                   0                   0
127                   0                   0                   0
128                   0                   0                   0
129                   0                   0                   0
130                   0                   0                   0
131                   0                   0                   0
132                   0                   0                   0
133                   0                   0                   0
134                   0                   0                   0
135                   0                   0                   0
136                   0                   0                   0
137                   0                   0                   0
138                   0                   0                   0
139                   0                   0                   0
140                   0                   0                   0
141                   0                   0                   0
142                   0                   0                   0
143                   0                   0                   0
144                   0                   0                   0
145                   0                   0                   0
146                   0                   0                   0
147                   0                   0                   0
148                   0                   0                   0
149                   0                   0                   0
150                   0                   0                   0
151                   0                   0                   0
152                   0                   0                   0
153                   0                   0                   0
154                   0                   0                   0
155                   0                   0                   0
156                   0                   0                   0
157                   0                   0                   0
158                   0                   0                   0
159                   0                   0                   0
160                   0                   0                   0
161                   0                   0                   0
162                   0                   0                   0
163                   0                   0                   0
164                   0                   0                   0
165                   0                   0                   0
166                   0                   0                   0
167                   0                   0                   0
168                   0                   0                   0
169                   0                   0                   0
170                   0                   0                   0
171                   0                   0                   0
172                   0                   0                   0
173                   0                   0                   0
174                   0                   0                   0
175                   0                   0                   0
176                   0                   0                   0
177                   0                   0                   0
178                   0                   0                   0
179                   0                   0                   0
180                   0                   0                   0
181                   0                   0                   0
182                   0                   0                   0
183                   0                   0                   0
184                   0                   0                   0
185                   0                   0                   0
186                   0                   0                   0
187                   0                   0                   0
188                   0                   0                   0
189                   0                   0                   0
190                   0                   0                   0
191                   0                   0                   0
