
0                   0                   0                   0
1       0.01243985334       0.02953086094       0.04197071428
2    -0.0009433394544         0.003992826      0.003049486545
3     -0.000218442705     0.0006527585015     0.0004343157965
4    -4.386648541e-05     0.0001229586041      7.90921187e-05
5    -9.304488227e-06     2.563394135e-05     1.632945312e-05
6    -2.105855221e-06     5.742506445e-06     3.636651223e-06
7     -5.02695185e-07     1.354584344e-06     8.518891586e-07
8    -1.250046056e-07     3.318937207e-07     2.068891151e-07
9    -3.206625055e-08     8.368846972e-08     5.162221917e-08
10    -8.424914694e-09      2.15790219e-08     1.315410721e-08
11    -2.255450875e-09     5.664080451e-09     3.408629576e-09
12    -6.129345156e-10     1.508424604e-09     8.954900886e-10
13    -1.686132903e-10     4.065748619e-10     2.379615716e-10
14    -4.685395143e-11      1.10702545e-10     6.384859358e-11
15    -1.313008144e-11     3.040406365e-11     1.727398221e-11
16    -3.705938262e-12     8.412991654e-12     4.707053392e-12
17    -1.052432512e-12     2.343148468e-12     1.290715956e-12
18    -3.004667968e-13     6.563566776e-13     3.558898808e-13
19    -8.618086885e-14     1.847943403e-13     9.861347148e-14
20    -2.481955794e-14     5.226480436e-14     2.744524642e-14
21    -7.173689186e-15     1.484230225e-14     7.668613061e-15
22    -2.080102741e-15     4.230512705e-15     2.150409964e-15
23    -6.048877322e-16      1.20986467e-15      6.04976938e-16
24    -1.763548798e-16     3.470599322e-16     1.707050524e-16
25     -5.15365147e-17     9.983530309e-17     4.829878839e-17
26    -1.509259308e-17     2.879237511e-17     1.369978203e-17
27    -4.428455019e-18     8.323341873e-18     3.894886854e-18
28    -1.301692758e-18     2.411392121e-18     1.109699364e-18
29    -3.832387528e-19         7.00034e-19     3.167952473e-19
30    -1.130001598e-19     2.036057977e-19     9.060563788e-20
31    -3.336473137e-20     5.932334019e-20     2.595860882e-20
32    -9.863946362e-21     1.731313225e-20     7.449185887e-21
33                   0                   0                   0
34                   0                   0                   0
35                   0                   0                   0
36                   0                   0                   0
37                   0                   0                   0
38                   0                   0                   0
39                   0                   0                   0
40                   0                   0                   0
41                   0                   0                   0
42                   0                   0                   0
43                   0                   0                   0
44                   0                   0                   0
45                   0                   0                   0
46                   0                   0                   0
47                   0                   0                   0
48                   0                   0                   0
49                   0                   0                   0
50                   0                   0                   0
51                   0                   0                   0
52                   0                   0                   0
53                   0                   0                   0
54                   0                   0                   0
55                   0                   0                   0
56                   0                   0                   0
57                   0                   0                   0
58                   0                   0                   0
59                   0                   0                   0
60                   0                   0                   0
61                   0                   0                   0
62                   0                   0                   0
63                   0                   0                   0
