
0                   0                   0                   0
1      0.005990082661       0.04465757207       0.05064765473
2     -0.001214615606      0.007535869467       0.00632125386
3     -0.000238143009      0.002104411479       0.00186626847
4    -5.654175978e-05     0.0008391148912     0.0007825731315
5    -1.782547343e-05     0.0004150046772     0.0003971792038
6    -7.031446542e-06     0.0002342371329     0.0002272056864
7    -3.245303282e-06     0.0001442837588     0.0001410384555
8     -1.67430191e-06     9.455462952e-05     9.288032761e-05
9    -9.384096425e-07     6.489232152e-05     6.395391188e-05
10    -5.608906919e-07     4.615183745e-05     4.559094675e-05
11    -3.529509412e-07     3.376600654e-05      3.34130556e-05
12    -2.316516114e-07     2.527822575e-05     2.504657414e-05
13    -1.574582699e-07     1.928647556e-05     1.912901729e-05
14    -1.102335024e-07     1.495084287e-05     1.484060936e-05
15    -7.913730427e-08     1.174738464e-05     1.166824734e-05
16     -5.80544593e-08     9.337869448e-06     9.279814989e-06
17    -4.339320906e-08      7.49744152e-06     7.454048311e-06
18    -3.296860663e-08     6.072762595e-06     6.039793988e-06
19    -2.540989693e-08     4.956911809e-06     4.931501912e-06
20    -1.983332758e-08     4.073858587e-06     4.054025259e-06
21    -1.565509359e-08     3.368590147e-06     3.352935054e-06
22    -1.248102637e-08      2.80067941e-06     2.788198384e-06
23     -1.00397069e-08     2.340002016e-06     2.329962309e-06
24    -8.140879704e-09     1.963827925e-06     1.955687045e-06
25                   0                   0                   0
26                   0                   0                   0
27                   0                   0                   0
28                   0                   0                   0
29                   0                   0                   0
30                   0                   0                   0
31                   0                   0                   0
32                   0                   0                   0
33                   0                   0                   0
34                   0                   0                   0
35                   0                   0                   0
36                   0                   0                   0
37                   0                   0                   0
38                   0                   0                   0
39                   0                   0                   0
40                   0                   0                   0
41                   0                   0                   0
42                   0                   0                   0
43                   0                   0                   0
44                   0                   0                   0
45                   0                   0                   0
46                   0                   0                   0
47                   0                   0                   0
