
0                   0                   0                   0
1       0.01985809811        0.0308018897       0.05065998781
2    -0.0001519326151      0.006483936683      0.006332004068
3    -0.0001398493617      0.002015626577      0.001875777216
4    -4.535355848e-05     0.0008364098629     0.0007910563044
5    -1.609502544e-05     0.0004208873962     0.0004047923708
6      -6.6003249e-06      0.000240668856     0.0002340685311
7    -3.068711049e-06     0.0001503154837     0.0001472467726
8     -1.57599846e-06     0.0001000888478     9.851284932e-05
9    -8.752101408e-07     6.995179553e-05     6.907658539e-05
10    -5.172940706e-07     5.077709494e-05     5.025980087e-05
11    -3.216271187e-07     3.799784802e-05      3.76762209e-05
12    -2.085247311e-07     2.915428735e-05     2.894576262e-05
13    -1.400392061e-07     2.284067893e-05     2.270063972e-05
14    -9.690954937e-08     1.821354979e-05     1.811664024e-05
15    -6.881964962e-08      1.47457278e-05     1.467690815e-05
16     -4.99848338e-08     1.209610809e-05     1.204612326e-05
17     -3.70303604e-08     1.003729546e-05      1.00002651e-05
18    -2.791826442e-08     8.413711442e-06     8.385793177e-06
19    -2.137989612e-08     7.116458029e-06     7.095078133e-06
20     -1.66039612e-08      6.06775697e-06     6.051153009e-06
21    -1.305902245e-08     5.211047516e-06     5.197988494e-06
22    -1.038936655e-08     4.504528463e-06     4.494139096e-06
23     -8.35221179e-09     3.916852889e-06     3.908500677e-06
24    -6.778895673e-09     3.424200619e-06     3.417421723e-06
25    -5.550340334e-09     3.008251504e-06     3.002701164e-06
26    -4.581223475e-09     2.654759247e-06     2.650178023e-06
27    -3.809573272e-09     2.352532724e-06     2.348723151e-06
28    -3.189810353e-09     2.092698353e-06     2.089508543e-06
29    -2.688020776e-09     1.868159171e-06      1.86547115e-06
30    -2.278697399e-09     1.673193531e-06     1.670914834e-06
31    -1.942462863e-09      1.50315413e-06     1.501211667e-06
32    -1.664458324e-09     1.354240012e-06     1.352575553e-06
33    -1.433189813e-09     1.223322231e-06     1.221889041e-06
34    -1.239693135e-09     1.107809364e-06     1.106569671e-06
35    -1.076923101e-09     1.005542926e-06     1.004466003e-06
36    -9.393025062e-10     9.147153907e-07     9.137760882e-07
37    -8.223860284e-10     8.338054895e-07     8.329831035e-07
38    -7.226076191e-10      7.61526777e-07     7.608041693e-07
39    -6.370891035e-10     6.967864917e-07     6.961494026e-07
40    -5.634940499e-10     6.386524465e-07     6.380889524e-07
41    -4.999153888e-10     5.863262283e-07     5.858263129e-07
42    -4.447883965e-10     5.391213871e-07     5.386765987e-07
43    -3.968228745e-10      4.96445593e-07     4.960487701e-07
44    -3.549499637e-10     4.577859668e-07     4.574310168e-07
45    -3.182801897e-10     4.226969646e-07     4.223786844e-07
46    -2.860701789e-10     3.907903255e-07     3.905042553e-07
47    -2.576961127e-10     3.617266969e-07     3.614690008e-07
48    -2.326324472e-10     3.352086279e-07     3.349759954e-07
49    -2.104347694e-10     3.109746851e-07     3.107642503e-07
50    -1.907259217e-10     2.887944928e-07     2.886037669e-07
51    -1.731847198e-10     2.684645371e-07     2.682913524e-07
52    -1.575367415e-10     2.498046039e-07     2.496470672e-07
53    -1.435467735e-10     2.326547462e-07     2.325111994e-07
54    -1.310125935e-10     2.168726923e-07     2.167416797e-07
55    -1.197598327e-10     2.023316258e-07      2.02211866e-07
56    -1.096377142e-10     1.889182775e-07     1.888086398e-07
57    -1.005155063e-10     1.765312806e-07     1.764307651e-07
58    -9.227956021e-11     1.650797503e-07     1.649874707e-07
59    -8.483082815e-11     1.544820524e-07     1.543972216e-07
60    -7.808277656e-11     1.446647348e-07      1.44586652e-07
61    -7.195962711e-11     1.355615959e-07     1.354896363e-07
62     -6.63948689e-11     1.271128735e-07     1.270464786e-07
63    -6.132999676e-11     1.192645334e-07     1.192032034e-07
64    -5.671343823e-11     1.119676476e-07     1.119109342e-07
65    -5.249963855e-11     1.051778473e-07     1.051253476e-07
66    -4.864827851e-11     9.885484119e-08     9.880619292e-08
67    -4.512360388e-11     9.296199182e-08     9.291686822e-08
68    -4.189384949e-11     8.746594003e-08     8.742404618e-08
69    -3.893074308e-11     8.233627332e-08     8.229734257e-08
70    -3.620907717e-11     7.754523151e-08     7.750902243e-08
71    -3.370633862e-11     7.306744532e-08     7.303373898e-08
72     -3.14023874e-11     6.887970379e-08     6.884830141e-08
73    -2.927917783e-11     6.496074698e-08      6.49314678e-08
74    -2.732051547e-11     6.129108092e-08     6.126376041e-08
75    -2.551184536e-11     5.785281226e-08     5.782730042e-08
76     -2.38400669e-11      5.46295001e-08     5.460566003e-08
77    -2.229337171e-11     5.160602324e-08     5.158372987e-08
78    -2.086110145e-11     4.876846095e-08     4.874759985e-08
79    -1.953362289e-11     4.610398576e-08     4.608445214e-08
80    -1.830221788e-11     4.360076694e-08     4.358246472e-08
81                   0                   0                   0
82                   0                   0                   0
83                   0                   0                   0
84                   0                   0                   0
85                   0                   0                   0
86                   0                   0                   0
87                   0                   0                   0
88                   0                   0                   0
89                   0                   0                   0
90                   0                   0                   0
91                   0                   0                   0
92                   0                   0                   0
93                   0                   0                   0
94                   0                   0                   0
95                   0                   0                   0
96                   0                   0                   0
97                   0                   0                   0
98                   0                   0                   0
99                   0                   0                   0
100                   0                   0                   0
101                   0                   0                   0
102                   0                   0                   0
103                   0                   0                   0
104                   0                   0                   0
105                   0                   0                   0
106                   0                   0                   0
107                   0                   0                   0
108                   0                   0                   0
109                   0                   0                   0
110                   0                   0                   0
111                   0                   0                   0
112                   0                   0                   0
113                   0                   0                   0
114                   0                   0                   0
115                   0                   0                   0
116                   0                   0                   0
117                   0                   0                   0
118                   0                   0                   0
119                   0                   0                   0
120                   0                   0                   0
121                   0                   0                   0
122                   0                   0                   0
123                   0                   0                   0
124                   0                   0                   0
125                   0                   0                   0
126                   0                   0                   0
127                   0                   0                   0
128                   0                   0                   0
129                   0                   0                   0
130                   0                   0                   0
131                   0                   0                   0
132                   0                   0                   0
133                   0                   0                   0
134                   0                   0                   0
135                   0                   0                   0
136                   0                   0                   0
137                   0                   0                   0
138                   0                   0                   0
139                   0                   0                   0
140                   0                   0                   0
141                   0                   0                   0
142                   0                   0                   0
143                   0                   0                   0
144                   0                   0                   0
145                   0                   0                   0
146                   0                   0                   0
147                   0                   0                   0
148                   0                   0                   0
149                   0                   0                   0
150                   0                   0                   0
151                   0                   0                   0
152                   0                   0                   0
153                   0                   0                   0
154                   0                   0                   0
155                   0                   0                   0
156                   0                   0                   0
157                   0                   0                   0
158                   0                   0                   0
159                   0                   0                   0
