
0                   0                   0                   0
1      0.006014239091       0.04464574872       0.05065998781
2     -0.001209603371      0.007541607439      0.006332004068
3    -0.0002364769792      0.002112254195      0.001875777216
4    -5.581476335e-05     0.0008468710677     0.0007910563044
5    -1.745174922e-05       0.00042224412     0.0004047923708
6    -6.817086806e-06     0.0002408856179     0.0002340685311
7    -3.112421516e-06     0.0001503591941     0.0001472467726
8    -1.587097549e-06     0.0001000999469     9.851284932e-05
9    -8.786681699e-07     6.995525356e-05     6.907658539e-05
10    -5.185822774e-07     5.077838315e-05     5.025980087e-05
11    -3.221948317e-07     3.799841573e-05      3.76762209e-05
12    -2.088206194e-07     2.915458323e-05     2.894576262e-05
13    -1.402203658e-07     2.284086009e-05     2.270063972e-05
14    -9.703672344e-08     1.821367696e-05     1.811664024e-05
15    -6.891839754e-08     1.474582655e-05     1.467690815e-05
16    -5.006677898e-08     1.209619004e-05     1.204612326e-05
17    -3.710121153e-08     1.003736631e-05      1.00002651e-05
18    -2.798106034e-08     8.413774238e-06     8.385793177e-06
19     -2.14363985e-08     7.116514532e-06     7.095078133e-06
20    -1.665528418e-08     6.067808293e-06     6.051153009e-06
21    -1.310593134e-08     5.211094425e-06     5.197988494e-06
22    -1.043242609e-08     4.504571523e-06     4.494139096e-06
23    -8.391863275e-09      3.91689254e-06     3.908500677e-06
24    -6.815498931e-09     3.424237222e-06     3.417421723e-06
25    -5.584197862e-09     3.008285362e-06     3.002701164e-06
26    -4.612595058e-09     2.654790619e-06     2.650178023e-06
27    -3.838685354e-09     2.352561837e-06     2.348723151e-06
28    -3.216862408e-09     2.092725405e-06     2.089508543e-06
29    -2.713189868e-09      1.86818434e-06      1.86547115e-06
30    -2.302141599e-09     1.673216975e-06     1.670914834e-06
31    -1.964323914e-09     1.503175991e-06     1.501211667e-06
32    -1.684863786e-09     1.354260417e-06     1.352575553e-06
33    -1.452254829e-09     1.223341296e-06     1.221889041e-06
34    -1.257521904e-09     1.107827193e-06     1.106569671e-06
35    -1.093610141e-09     1.005559613e-06     1.004466003e-06
36    -9.549337289e-10     9.147310219e-07     9.137760882e-07
37     -8.37039673e-10     8.338201431e-07     8.329831035e-07
38     -7.36355064e-10     7.615405244e-07     7.608041693e-07
39     -6.49995577e-10     6.967993982e-07     6.961494026e-07
40    -5.756192535e-10     6.386645717e-07     6.380889524e-07
41    -5.113140477e-10     5.863376269e-07     5.858263129e-07
42    -4.555107455e-10     5.391321095e-07     5.386765987e-07
43    -4.069150892e-10     4.964556852e-07     4.960487701e-07
44    -3.644545439e-10     4.577954714e-07     4.574310168e-07
45    -3.272363004e-10     4.227059207e-07     4.223786844e-07
46    -2.945139552e-10     3.907987693e-07     3.905042553e-07
47    -2.656609325e-10     3.617346617e-07     3.614690008e-07
48    -2.401491754e-10     3.352161446e-07     3.349759954e-07
49    -2.175319774e-10     3.109817823e-07     3.107642503e-07
50    -1.974300846e-10      2.88801197e-07     2.886037669e-07
51    -1.795203944e-10     2.684708728e-07     2.682913524e-07
52    -1.635267267e-10     2.498105939e-07     2.496470672e-07
53    -1.492122552e-10     2.326604117e-07     2.325111994e-07
54    -1.363732762e-10      2.16878053e-07     2.167416797e-07
55    -1.248340585e-10     2.023367001e-07      2.02211866e-07
56    -1.144425707e-10     1.889230824e-07     1.888086398e-07
57     -1.05066925e-10      1.76535832e-07     1.764307651e-07
58     -9.65924062e-11     1.650840631e-07     1.649874707e-07
59    -8.891898125e-11     1.544861406e-07     1.543972216e-07
60    -8.195920602e-11     1.446686112e-07      1.44586652e-07
61    -7.563645957e-11     1.355652728e-07     1.354896363e-07
62    -6.988345062e-11     1.271163621e-07     1.270464786e-07
63    -6.464095062e-11     1.192678444e-07     1.192032034e-07
64      -5.9856716e-11     1.119707909e-07     1.119109342e-07
65    -5.548456885e-11     1.051808322e-07     1.051253476e-07
66    -5.148361088e-11     9.885767653e-08     9.880619292e-08
67    -4.781754938e-11     9.296468577e-08     9.291686822e-08
68    -4.445411795e-11      8.74685003e-08     8.742404618e-08
69    -4.136457758e-11     8.233870715e-08     8.229734257e-08
70    -3.852328573e-11     7.754754572e-08     7.750902243e-08
71    -3.590732352e-11     7.306964631e-08     7.303373898e-08
72    -3.349617226e-11     6.888179758e-08     6.884830141e-08
73    -3.127143264e-11     6.496273923e-08      6.49314678e-08
74    -2.921657975e-11     6.129297699e-08     6.126376041e-08
75    -2.731674968e-11     5.785461717e-08     5.782730042e-08
76    -2.555855275e-11     5.463121859e-08     5.460566003e-08
77    -2.392990998e-11     5.160765978e-08     5.158372987e-08
78    -2.241990958e-11     4.877001976e-08     4.874759985e-08
79    -2.101868079e-11     4.610547082e-08     4.608445214e-08
80    -1.971728277e-11       4.3602182e-08     4.358246472e-08
81                   0                   0                   0
82                   0                   0                   0
83                   0                   0                   0
84                   0                   0                   0
85                   0                   0                   0
86                   0                   0                   0
87                   0                   0                   0
88                   0                   0                   0
89                   0                   0                   0
90                   0                   0                   0
91                   0                   0                   0
92                   0                   0                   0
93                   0                   0                   0
94                   0                   0                   0
95                   0                   0                   0
96                   0                   0                   0
97                   0                   0                   0
98                   0                   0                   0
99                   0                   0                   0
100                   0                   0                   0
101                   0                   0                   0
102                   0                   0                   0
103                   0                   0                   0
104                   0                   0                   0
105                   0                   0                   0
106                   0                   0                   0
107                   0                   0                   0
108                   0                   0                   0
109                   0                   0                   0
110                   0                   0                   0
111                   0                   0                   0
112                   0                   0                   0
113                   0                   0                   0
114                   0                   0                   0
115                   0                   0                   0
116                   0                   0                   0
117                   0                   0                   0
118                   0                   0                   0
119                   0                   0                   0
120                   0                   0                   0
121                   0                   0                   0
122                   0                   0                   0
123                   0                   0                   0
124                   0                   0                   0
125                   0                   0                   0
126                   0                   0                   0
127                   0                   0                   0
128                   0                   0                   0
129                   0                   0                   0
130                   0                   0                   0
131                   0                   0                   0
132                   0                   0                   0
133                   0                   0                   0
134                   0                   0                   0
135                   0                   0                   0
136                   0                   0                   0
137                   0                   0                   0
138                   0                   0                   0
139                   0                   0                   0
140                   0                   0                   0
141                   0                   0                   0
142                   0                   0                   0
143                   0                   0                   0
144                   0                   0                   0
145                   0                   0                   0
146                   0                   0                   0
147                   0                   0                   0
148                   0                   0                   0
149                   0                   0                   0
150                   0                   0                   0
151                   0                   0                   0
152                   0                   0                   0
153                   0                   0                   0
154                   0                   0                   0
155                   0                   0                   0
156                   0                   0                   0
157                   0                   0                   0
158                   0                   0                   0
159                   0                   0                   0
