
0                   0                   0                   0
1       0.01985341195       0.03080584003       0.05065925197
2    -0.0001527501727      0.006484077483       0.00633132731
3     -0.000140069333      0.002015218707      0.001875149374
4    -4.543764489e-05     0.0008359084816     0.0007904708367
5    -1.613554559e-05     0.0004203800108     0.0004042444652
6    -6.622900604e-06     0.0002401773023     0.0002335544017
7    -3.082546719e-06     0.0001498458615     0.0001467633148
8    -1.585063806e-06     9.964250986e-05     9.805744605e-05
9    -8.814509961e-07     6.952843691e-05     6.864698592e-05
10    -5.217571396e-07     5.037579733e-05     4.985404019e-05
11    -3.249165902e-07      3.76174799e-05     3.729256331e-05
12    -2.110092554e-07      2.87936698e-05     2.858266054e-05
13    -1.419540401e-07      2.24986568e-05     2.235670276e-05
14    -9.841049518e-08     1.788902172e-05     1.779061122e-05
15    -7.001315695e-08     1.443765743e-05     1.436764428e-05
16    -5.094559239e-08     1.180352651e-05     1.175258092e-05
17    -3.781199181e-08     9.759299502e-06      9.72148751e-06
18    -2.856004211e-08      8.14946017e-06     8.120900128e-06
19     -2.19110946e-08     6.865168496e-06     6.843257402e-06
20    -1.704674388e-08      5.82869985e-06     5.811653106e-06
21    -1.343040331e-08     4.983542868e-06     4.970112464e-06
22    -1.070256986e-08     4.287941749e-06     4.277239179e-06
23     -8.61763201e-09     3.710591305e-06     3.701973673e-06
24    -7.004786157e-09      3.22770974e-06     3.220704954e-06
25    -5.743314982e-09     2.821012233e-06     2.815268918e-06
26    -4.746627066e-09     2.476285046e-06     2.471538419e-06
27    -3.951758279e-09     2.182367108e-06     2.178415349e-06
28    -3.312346228e-09      1.93041261e-06     1.927100263e-06
29    -2.793853842e-09     1.713350303e-06     1.710556449e-06
30    -2.370274203e-09     1.525482375e-06     1.523112101e-06
31    -2.021826188e-09     1.362183651e-06     1.360161825e-06
32    -1.733322561e-09     1.219673748e-06     1.217940425e-06
33    -1.493000579e-09     1.094842866e-06     1.093349866e-06
34    -1.291674783e-09     9.851174342e-07     9.838257594e-07
35    -1.122116832e-09     8.883556192e-07     8.872335023e-07
36    -9.785971435e-10     8.027654575e-07     8.017868604e-07
37    -8.565430094e-10     7.268402331e-07     7.259836901e-07
38    -7.522814115e-10      6.59307126e-07     6.585548446e-07
39    -6.628439688e-10     5.990861438e-07     5.984232999e-07
40    -5.858178769e-10      5.45257077e-07     5.446712591e-07
41    -5.192311644e-10     4.970327577e-07     4.965135265e-07
42    -4.614637582e-10     4.537373027e-07     4.532758389e-07
43    -4.111781002e-10     4.147883185e-07     4.143771404e-07
44    -3.672646814e-10     3.796822773e-07     3.793150126e-07
45    -3.287990321e-10     3.479824421e-07     3.476536431e-07
46    -2.950075676e-10     3.193088517e-07     3.190138441e-07
47     -2.65240319e-10     2.933299803e-07     2.930647399e-07
48    -2.389490505e-10     2.697557622e-07     2.695168132e-07
49    -2.156696116e-10     2.483317373e-07     2.481160677e-07
50    -1.950076379e-10     2.288341173e-07     2.286391097e-07
51    -1.766269135e-10     2.110656145e-07     2.108889876e-07
52    -1.602398579e-10     1.948519033e-07     1.946916634e-07
53    -1.455997174e-10     1.800386074e-07     1.798930077e-07
54    -1.324941307e-10     1.664887289e-07     1.663562348e-07
55    -1.207398054e-10     1.540804454e-07     1.539597056e-07
56    -1.101780987e-10     1.427052192e-07     1.425950411e-07
57    -1.006713344e-10     1.322661679e-07     1.321654966e-07
58    -9.209972443e-11      1.22676659e-07     1.225845592e-07
59    -8.435878567e-11     1.138590915e-07     1.137747327e-07
60    -7.735716699e-11     1.057438402e-07     1.056664831e-07
61    -7.101481467e-11     9.826833669e-08     9.819732188e-08
62    -6.526141946e-11     9.137626773e-08     9.131100631e-08
63    -6.003509819e-11     8.501687571e-08     8.495684061e-08
64    -5.528127132e-11     7.914434556e-08     7.908906429e-08
65                   0                   0                   0
66                   0                   0                   0
67                   0                   0                   0
68                   0                   0                   0
69                   0                   0                   0
70                   0                   0                   0
71                   0                   0                   0
72                   0                   0                   0
73                   0                   0                   0
74                   0                   0                   0
75                   0                   0                   0
76                   0                   0                   0
77                   0                   0                   0
78                   0                   0                   0
79                   0                   0                   0
80                   0                   0                   0
81                   0                   0                   0
82                   0                   0                   0
83                   0                   0                   0
84                   0                   0                   0
85                   0                   0                   0
86                   0                   0                   0
87                   0                   0                   0
88                   0                   0                   0
89                   0                   0                   0
90                   0                   0                   0
91                   0                   0                   0
92                   0                   0                   0
93                   0                   0                   0
94                   0                   0                   0
95                   0                   0                   0
96                   0                   0                   0
97                   0                   0                   0
98                   0                   0                   0
99                   0                   0                   0
100                   0                   0                   0
101                   0                   0                   0
102                   0                   0                   0
103                   0                   0                   0
104                   0                   0                   0
105                   0                   0                   0
106                   0                   0                   0
107                   0                   0                   0
108                   0                   0                   0
109                   0                   0                   0
110                   0                   0                   0
111                   0                   0                   0
112                   0                   0                   0
113                   0                   0                   0
114                   0                   0                   0
115                   0                   0                   0
116                   0                   0                   0
117                   0                   0                   0
118                   0                   0                   0
119                   0                   0                   0
120                   0                   0                   0
121                   0                   0                   0
122                   0                   0                   0
123                   0                   0                   0
124                   0                   0                   0
125                   0                   0                   0
126                   0                   0                   0
127                   0                   0                   0
