
0                   0                   0                   0
1      0.006011841751       0.04464741022       0.05065925197
2      -0.00121010088      0.007541428191       0.00633132731
3    -0.0002366426837      0.002111792058      0.001875149374
4    -5.588739642e-05     0.0008463582331     0.0007904708367
5    -1.748936351e-05     0.0004217338287     0.0004042444652
6    -6.838888892e-06     0.0002403932906     0.0002335544017
7    -3.126122711e-06     0.0001498894375     0.0001467633148
8    -1.596241678e-06     9.965368773e-05     9.805744605e-05
9    -8.850586263e-07     6.953204454e-05     6.864698592e-05
10    -5.232128646e-07     5.037725305e-05     4.985404019e-05
11    -3.256491027e-07     3.761821241e-05     3.729256331e-05
12     -2.11459337e-07     2.879411988e-05     2.858266054e-05
13    -1.422762347e-07       2.2498979e-05     2.235670276e-05
14    -9.866528008e-08      1.78892765e-05     1.779061122e-05
15    -7.022678612e-08     1.443787106e-05     1.436764428e-05
16     -5.11307461e-08     1.180371166e-05     1.175258092e-05
17    -3.797552503e-08     9.759463035e-06      9.72148751e-06
18    -2.870610692e-08     8.149606235e-06     8.120900128e-06
19    -2.204248165e-08     6.865299883e-06     6.843257402e-06
20      -1.7165495e-08     5.828818601e-06     5.811653106e-06
21    -1.353810925e-08     4.983650574e-06     4.970112464e-06
22    -1.080052482e-08     4.288039703e-06     4.277239179e-06
23    -8.706919776e-09     3.710680593e-06     3.701973673e-06
24    -7.086331862e-09     3.227791286e-06     3.220704954e-06
25    -5.817918579e-09     2.821086837e-06     2.815268918e-06
26    -4.814986523e-09     2.476353406e-06     2.471538419e-06
27    -4.014486578e-09     2.182429836e-06     2.178415349e-06
28     -3.36998442e-09     1.930470248e-06     1.927100263e-06
29    -2.846881415e-09      1.71340333e-06     1.710556449e-06
30    -2.419117516e-09     1.525531218e-06     1.523112101e-06
31    -2.066865473e-09     1.362228691e-06     1.360161825e-06
32    -1.774897795e-09     1.219715323e-06     1.217940425e-06
33     -1.53141647e-09     1.094881282e-06     1.093349866e-06
34    -1.327205025e-09     9.851529644e-07     9.838257594e-07
35    -1.155007768e-09     8.883885101e-07     8.872335023e-07
36     -1.00907092e-09     8.027959313e-07     8.017868604e-07
37    -8.848003197e-10     7.268684904e-07     7.259836901e-07
38    -7.785038787e-10     6.593333485e-07     6.585548446e-07
39    -6.871962258e-10     5.991104961e-07     5.984232999e-07
40    -6.084493878e-10     5.452797085e-07     5.446712591e-07
41    -5.402778236e-10     4.970538044e-07     4.965135265e-07
42    -4.810492972e-10     4.537568882e-07     4.532758389e-07
43    -4.294153284e-10     4.148065557e-07     4.143771404e-07
44    -3.842565832e-10     3.796992692e-07     3.793150126e-07
45     -3.44639739e-10     3.479982828e-07     3.476536431e-07
46     -3.09783221e-10     3.193236274e-07     3.190138441e-07
47    -2.790298382e-10     2.933437698e-07     2.930647399e-07
48    -2.518248165e-10      2.69768638e-07     2.695168132e-07
49    -2.276980782e-10     2.483437658e-07     2.481160677e-07
50    -2.062498782e-10     2.288453596e-07     2.286391097e-07
51    -1.871391096e-10     2.110761267e-07     2.108889876e-07
52    -1.700737401e-10     1.948617371e-07     1.946916634e-07
53    -1.548029595e-10     1.800478106e-07     1.798930077e-07
54    -1.411107055e-10     1.664973455e-07     1.663562348e-07
55    -1.288103055e-10     1.540885159e-07     1.539597056e-07
56    -1.177400257e-10     1.427127811e-07     1.425950411e-07
57     -1.07759361e-10      1.32273256e-07     1.321654966e-07
58    -9.874593118e-11     1.226833052e-07     1.225845592e-07
59    -9.059287586e-11     1.138653255e-07     1.137747327e-07
60    -8.320666155e-11     1.057496897e-07     1.056664831e-07
61    -7.650522935e-11      9.82738271e-08     9.819732188e-08
62    -7.041642602e-11     9.138142273e-08     9.131100631e-08
63    -6.487667113e-11     8.502171729e-08     8.495684061e-08
64     -5.98298217e-11     7.914889411e-08     7.908906429e-08
65                   0                   0                   0
66                   0                   0                   0
67                   0                   0                   0
68                   0                   0                   0
69                   0                   0                   0
70                   0                   0                   0
71                   0                   0                   0
72                   0                   0                   0
73                   0                   0                   0
74                   0                   0                   0
75                   0                   0                   0
76                   0                   0                   0
77                   0                   0                   0
78                   0                   0                   0
79                   0                   0                   0
80                   0                   0                   0
81                   0                   0                   0
82                   0                   0                   0
83                   0                   0                   0
84                   0                   0                   0
85                   0                   0                   0
86                   0                   0                   0
87                   0                   0                   0
88                   0                   0                   0
89                   0                   0                   0
90                   0                   0                   0
91                   0                   0                   0
92                   0                   0                   0
93                   0                   0                   0
94                   0                   0                   0
95                   0                   0                   0
96                   0                   0                   0
97                   0                   0                   0
98                   0                   0                   0
99                   0                   0                   0
100                   0                   0                   0
101                   0                   0                   0
102                   0                   0                   0
103                   0                   0                   0
104                   0                   0                   0
105                   0                   0                   0
106                   0                   0                   0
107                   0                   0                   0
108                   0                   0                   0
109                   0                   0                   0
110                   0                   0                   0
111                   0                   0                   0
112                   0                   0                   0
113                   0                   0                   0
114                   0                   0                   0
115                   0                   0                   0
116                   0                   0                   0
117                   0                   0                   0
118                   0                   0                   0
119                   0                   0                   0
120                   0                   0                   0
121                   0                   0                   0
122                   0                   0                   0
123                   0                   0                   0
124                   0                   0                   0
125                   0                   0                   0
126                   0                   0                   0
127                   0                   0                   0
