
0                             0                             0                             0
1          0.006013358060712029           0.04464638040350014           0.05065973846421216
2         -0.001209786198805613          0.007541559564302817          0.006331773365497204
3        -0.0002365378749269306          0.002112099921848716          0.001875562046921786
4        -5.584145958980279e-05         0.0008466961223984136         0.0007908546628086109
5        -1.746557847313667e-05         0.0004220683567399979         0.0004046027782668613
6        -6.825106448560893e-06         0.0002407149289724245         0.0002338898225238636
7        -3.117464835685504e-06         0.0001501954553876024         0.0001470779905519169
8        -1.590466519539244e-06          9.99436515764538e-05         9.835318505691456e-05
9        -8.810252935918269e-07         6.980636709518495e-05         6.892534180159313e-05
10        -5.202926183917248e-07         5.063666051897041e-05         5.011636790057869e-05
11        -3.234727413133773e-07         3.786353110588245e-05         3.754005836456907e-05
12        -2.097986094288829e-07         2.902618628459068e-05          2.88163876751618e-05
13        -1.409839107627721e-07          2.27186013480908e-05         2.257761743732803e-05
14        -9.764295516253609e-08         1.809721927490799e-05         1.799957631974545e-05
15        -6.940667525813953e-08         1.463484987681212e-05         1.456544320155398e-05
16        -5.046493146064165e-08           1.1990393107875e-05         1.193992817641435e-05
17        -3.742936360589596e-08         9.936466690744781e-06         9.899037327138885e-06
18        -2.825405588573991e-08         8.317507641688612e-06         8.289253585802872e-06
19        -2.166537869510459e-08         7.024633794846481e-06         7.002968416151376e-06
20        -1.684874151500882e-08         5.980082228212442e-06         5.963233486697433e-06
21        -1.327043027403298e-08          5.12730666252764e-06         5.114036232253607e-06
22        -1.057310347145505e-08         4.424519393313993e-06         4.413946289842538e-06
23        -8.512784809142413e-09         3.840386028682804e-06         3.831873243873661e-06
24        -6.919915442203947e-09         3.351097995942316e-06         3.344178080500112e-06
25        -5.674732889394372e-09         2.938345884883723e-06         2.932671151994329e-06
26        -4.691383961363243e-09         2.587893336804876e-06         2.583201952843513e-06
27        -3.907479743841253e-09         2.288558438452631e-06          2.28465095870879e-06
28        -3.277109436424735e-09         2.031476147372698e-06         2.028199037936273e-06
29        -2.766093067057196e-09         1.809557434158768e-06          1.80679134109171e-06
30        -2.348708018732388e-09         1.617088026204771e-06         1.614739318186039e-06
31        -2.005400974308375e-09         1.449427486790191e-06         1.447422085815883e-06
32        -1.721168326935494e-09         1.302781262682672e-06         1.301060094355736e-06
33        -1.484396192777548e-09         1.174026382907948e-06         1.172541986715171e-06
34        -1.286020415380506e-09         1.060577010897793e-06         1.059290990482413e-06
35        -1.118911991651719e-09         9.602798851993557e-07          9.59160973207704e-07
36        -9.774230564430151e-10          8.71332377326642e-07          8.70354954270199e-07
37        -8.570484152225465e-10         7.922178090312876e-07         7.913607606160651e-07
38        -7.541710457186492e-10         7.216540451793511e-07         7.208998741336325e-07
39        -6.658691825449328e-10         6.585523744845951e-07         6.578865053020502e-07
40        -5.897689600728685e-10         6.019844191591992e-07         6.013946501991264e-07
41         -5.23931036220955e-10         5.511553524611142e-07         5.506314214248932e-07
42        -4.667627595922112e-10          5.05382103417722e-07         5.049153406581298e-07
43        -4.169496796205347e-10         4.640755282221129e-07         4.636585785424924e-07
44        -3.734018071900509e-10         4.267257546211622e-07         4.263523528139722e-07
45        -3.352111990269681e-10         3.928900781918236e-07         3.925548669927967e-07
46        -3.016182917082629e-10         3.621829215848457e-07         3.618813032931375e-07
47        -2.719850335895573e-10         3.342674696968429e-07         3.339954846632533e-07
48        -2.457733346019277e-10         3.088486727489255e-07         3.086028994143236e-07
49        -2.225276942707599e-10         2.856673708688375e-07         2.854448431745667e-07
50        -2.018611324709132e-10         2.644953421081923e-07         2.642934809757214e-07
51        -1.834437434125362e-10          2.45131113930551e-07         2.449476701871384e-07
52        -1.669933433871884e-10         2.273964084011087e-07         2.272294150577215e-07
53        -1.522677974742698e-10         2.111331153514023e-07         2.109808475539281e-07
54        -1.390586986272137e-10         1.962007070253234e-07         1.960616483266962e-07
55        -1.271861407728506e-10         1.824740231666608e-07         1.823468370258879e-07
56         -1.16494380591138e-10         1.698413679790919e-07         1.697248735985007e-07
57        -1.068482240570693e-10         1.582028704943205e-07         1.580960222702635e-07
58          -9.8130006335198e-11         1.474690681042307e-07         1.473709380978955e-07
59        -9.023705924329313e-11         1.375596797254746e-07         1.374694426662313e-07
60         -8.30795807903056e-11         1.284025405665023e-07          1.28319460985712e-07
61        -7.657883743131175e-11         1.199326749920962e-07         1.198560961546648e-07
62        -7.066564256107664e-11         1.120914877150576e-07         1.120208220724965e-07
63         -6.52790650943634e-11         1.048260566370558e-07         1.047607775719614e-07
64        -6.036533028746382e-11         9.808851322939657e-08          9.80281478991091e-08
65        -5.587688166483972e-11         9.183549848482997e-08         9.177962160316513e-08
66        -5.177157836104059e-11         8.602768426025532e-08         8.597591268189428e-08
67        -4.801200652002819e-11         8.062935132926855e-08         8.058133932274852e-08
68        -4.456488731933445e-11         7.560801672381092e-08         7.556345183649159e-08
69        -4.140056649887962e-11         7.093410400537723e-08         7.089270343887835e-08
70        -3.849257350062547e-11         6.658065100423068e-08         6.654215843073005e-08
71        -3.581723967989609e-11         6.252305032442268e-08         6.248723308474278e-08
72        -3.335336701943666e-11         5.873881855809584e-08         5.870546519107641e-08
73        -3.108194005241618e-11          5.52073907017882e-08         5.517630876173579e-08
74        -2.898587484583488e-11         5.190993673613705e-08         5.188095086129122e-08
75        -2.704979984261417e-11         4.882919773114085e-08         4.880214793129824e-08
76        -2.525986414875184e-11         4.594933918256999e-08         4.592407931842123e-08
77        -2.360356951388144e-11         4.325581958005559e-08          4.32322160105417e-08
78        -2.206962280744818e-11         4.073527246119653e-08         4.071320283838908e-08
79        -2.064780626052727e-11         3.837540042488538e-08         3.835475261862486e-08
80        -1.932886313572555e-11         3.616487976614453e-08         3.614555090300881e-08
81        -1.810439682124492e-11         3.409327455844677e-08         3.407517016162552e-08
82        -1.696678162777804e-11         3.215095915144626e-08         3.213399236981848e-08
83        -1.590908379686927e-11         3.032904817536371e-08         3.031313909156685e-08
84        -1.492499146547772e-11         2.861933325063653e-08         2.860440825917105e-08
85        -1.400875244048189e-11         2.701422569495839e-08         2.700021694251791e-08
86        -1.315511886538878e-11         2.550670460163129e-08          2.54935494827659e-08
87        -1.235929792454835e-11         2.409026973457019e-08         2.407791043664564e-08
88        -1.161690787039425e-11         2.275889874795542e-08         2.274728184008503e-08
89        -1.092393874459375e-11         2.150700829346961e-08         2.149608435472502e-08
90        -1.027671724427918e-11         2.032941862634502e-08         2.031914190910074e-08
91        -9.671875255650722e-12         1.922132136394764e-08         1.921164948869199e-08
92        -9.106321635057237e-12         1.817825008807911e-08         1.816914376644405e-08
93        -8.577216871610377e-12         1.719605351523892e-08         1.718747629836731e-08
94         -8.08195030894993e-12         1.627087098830684e-08         1.626278903799789e-08
95        -7.618119643301027e-12         1.539911006896463e-08         1.539149194932133e-08
96        -7.183512448965906e-12         1.457742603309173e-08         1.457024252064276e-08
97                             0                             0                             0
98                             0                             0                             0
99                             0                             0                             0
100                             0                             0                             0
101                             0                             0                             0
102                             0                             0                             0
103                             0                             0                             0
104                             0                             0                             0
105                             0                             0                             0
106                             0                             0                             0
107                             0                             0                             0
108                             0                             0                             0
109                             0                             0                             0
110                             0                             0                             0
111                             0                             0                             0
112                             0                             0                             0
113                             0                             0                             0
114                             0                             0                             0
115                             0                             0                             0
116                             0                             0                             0
117                             0                             0                             0
118                             0                             0                             0
119                             0                             0                             0
120                             0                             0                             0
121                             0                             0                             0
122                             0                             0                             0
123                             0                             0                             0
124                             0                             0                             0
125                             0                             0                             0
126                             0                             0                             0
127                             0                             0                             0
128                             0                             0                             0
129                             0                             0                             0
130                             0                             0                             0
131                             0                             0                             0
132                             0                             0                             0
133                             0                             0                             0
134                             0                             0                             0
135                             0                             0                             0
136                             0                             0                             0
137                             0                             0                             0
138                             0                             0                             0
139                             0                             0                             0
140                             0                             0                             0
141                             0                             0                             0
142                             0                             0                             0
143                             0                             0                             0
144                             0                             0                             0
145                             0                             0                             0
146                             0                             0                             0
147                             0                             0                             0
148                             0                             0                             0
149                             0                             0                             0
150                             0                             0                             0
151                             0                             0                             0
152                             0                             0                             0
153                             0                             0                             0
154                             0                             0                             0
155                             0                             0                             0
156                             0                             0                             0
157                             0                             0                             0
158                             0                             0                             0
159                             0                             0                             0
160                             0                             0                             0
161                             0                             0                             0
162                             0                             0                             0
163                             0                             0                             0
164                             0                             0                             0
165                             0                             0                             0
166                             0                             0                             0
167                             0                             0                             0
168                             0                             0                             0
169                             0                             0                             0
170                             0                             0                             0
171                             0                             0                             0
172                             0                             0                             0
173                             0                             0                             0
174                             0                             0                             0
175                             0                             0                             0
176                             0                             0                             0
177                             0                             0                             0
178                             0                             0                             0
179                             0                             0                             0
180                             0                             0                             0
181                             0                             0                             0
182                             0                             0                             0
183                             0                             0                             0
184                             0                             0                             0
185                             0                             0                             0
186                             0                             0                             0
187                             0                             0                             0
188                             0                             0                             0
189                             0                             0                             0
190                             0                             0                             0
191                             0                             0                             0
