
0                   0                   0                   0
1       0.01877831491       0.03107572527       0.04985404019
2    -0.0003252852858      0.006136938392      0.005811653106
3    -0.0001793536594       0.00170246576      0.001523112101
4    -5.709811203e-05     0.0006017693711     0.0005446712591
5     -2.01708634e-05     0.0002488099731     0.0002286391097
6    -8.098734202e-06     0.0001137652173     0.0001056664831
7    -3.596760033e-06     5.562995261e-05     5.203319258e-05
8    -1.719839457e-06     2.851369522e-05     2.679385576e-05
9     -8.68076325e-07     1.512871703e-05      1.42606407e-05
10    -4.562377922e-07     8.241057084e-06     7.784819292e-06
11    -2.473338019e-07     4.582931398e-06     4.335597597e-06
12    -1.373832376e-07     2.591392082e-06     2.454008845e-06
13    -7.781086525e-08      1.48546503e-06     1.407654165e-06
14    -4.477575523e-08     8.613009396e-07     8.165251844e-07
15    -2.610707503e-08     5.042600507e-07     4.781529757e-07
16    -1.539113038e-08     2.976901614e-07      2.82299031e-07
17    -9.159233197e-09     1.770131409e-07     1.678539077e-07
18    -5.494750282e-09     1.059222826e-07     1.004275323e-07
19     -3.31948171e-09     6.373645836e-08     6.041697665e-08
20    -2.017637875e-09     3.854238555e-08     3.652474768e-08
21    -1.232960906e-09     2.341061574e-08     2.217765483e-08
22    -7.570466864e-10     1.427637766e-08     1.351933097e-08
23    -4.668083846e-10     8.737536127e-09     8.270727742e-09
24    -2.889388335e-10     5.365164172e-09     5.076225338e-09
25     -1.79456947e-10     3.304273835e-09     3.124816888e-09
26    -1.118046562e-10     2.040607375e-09     1.928802719e-09
27    -6.985242309e-11     1.263390871e-09     1.193538448e-09
28    -4.375394939e-11     7.840186103e-10      7.40264661e-10
29    -2.747087801e-11     4.875849124e-10     4.601140344e-10
30    -1.728477349e-11     3.038381836e-10     2.865534101e-10
31    -1.089724067e-11      1.89689178e-10     1.787919374e-10
32    -6.882797985e-12     1.186306192e-10     1.117478212e-10
33     -4.35461793e-12     7.431153833e-11      6.99569204e-11
34    -2.759425186e-12     4.662047359e-11      4.38610484e-11
35    -1.751148517e-12     2.928989934e-11     2.753875082e-11
36     -1.11280737e-12     1.842651471e-11     1.731370734e-11
37    -7.080608412e-13     1.160697744e-11      1.08989166e-11
38    -4.510650887e-13     7.320066166e-12     6.869001077e-12
39    -2.876693206e-13      4.62170898e-12     4.334039659e-12
40    -1.836555322e-13     2.921163982e-12      2.73750845e-12
41    -1.173663373e-13     1.848208939e-12     1.730842602e-12
42    -7.507361327e-14     1.170484914e-12     1.095411301e-12
43    -4.806317689e-14     7.419585834e-13     6.938954065e-13
44    -3.079625902e-14     4.707317909e-13     4.399355319e-13
45    -1.974805605e-14     2.989025967e-13     2.791545406e-13
46    -1.267283132e-14      1.89946642e-13     1.772738107e-13
47    -8.138215928e-15     1.207991595e-13     1.126609436e-13
48    -5.229685182e-15     7.687978473e-14     7.165009955e-14
49                   0                   0                   0
50                   0                   0                   0
51                   0                   0                   0
52                   0                   0                   0
53                   0                   0                   0
54                   0                   0                   0
55                   0                   0                   0
56                   0                   0                   0
57                   0                   0                   0
58                   0                   0                   0
59                   0                   0                   0
60                   0                   0                   0
61                   0                   0                   0
62                   0                   0                   0
63                   0                   0                   0
64                   0                   0                   0
65                   0                   0                   0
66                   0                   0                   0
67                   0                   0                   0
68                   0                   0                   0
69                   0                   0                   0
70                   0                   0                   0
71                   0                   0                   0
72                   0                   0                   0
73                   0                   0                   0
74                   0                   0                   0
75                   0                   0                   0
76                   0                   0                   0
77                   0                   0                   0
78                   0                   0                   0
79                   0                   0                   0
80                   0                   0                   0
81                   0                   0                   0
82                   0                   0                   0
83                   0                   0                   0
84                   0                   0                   0
85                   0                   0                   0
86                   0                   0                   0
87                   0                   0                   0
88                   0                   0                   0
89                   0                   0                   0
90                   0                   0                   0
91                   0                   0                   0
92                   0                   0                   0
93                   0                   0                   0
94                   0                   0                   0
95                   0                   0                   0
