
0                   0                   0                   0
1      0.005433459368       0.04442058082       0.04985404019
2     -0.001321956864      0.007133609971      0.005811653106
3    -0.0002690049799      0.001792117081      0.001523112101
4    -6.744125072e-05     0.0006121125098     0.0005446712591
5    -2.206096275e-05     0.0002507000724     0.0002286391097
6    -8.724874429e-06     0.0001143913575     0.0001056664831
7    -3.895416357e-06     5.592860893e-05     5.203319258e-05
8    -1.882133699e-06     2.867598946e-05     2.679385576e-05
9    -9.601616458e-07     1.522080235e-05      1.42606407e-05
10    -5.094674251e-07     8.294286717e-06     7.784819292e-06
11    -2.784519112e-07     4.614049508e-06     4.335597597e-06
12    -1.557309339e-07     2.609739779e-06     2.454008845e-06
13    -8.870654032e-08     1.496360705e-06     1.407654165e-06
14    -5.128652301e-08     8.678117074e-07     8.165251844e-07
15    -3.001917448e-08     5.081721502e-07     4.781529757e-07
16    -1.775343299e-08      3.00052464e-07      2.82299031e-07
17    -1.059206576e-08     1.784459734e-07     1.678539077e-07
18    -6.367330594e-09     1.067948629e-07     1.004275323e-07
19    -3.852823053e-09      6.42697997e-08     6.041697665e-08
20    -2.344718541e-09     3.886946622e-08     3.652474768e-08
21    -1.434162385e-09     2.361181722e-08     2.217765483e-08
22    -8.811620346e-10     1.440049301e-08     1.351933097e-08
23    -5.435695535e-10     8.814297296e-09     8.270727742e-09
24    -3.365264357e-10     5.412751774e-09     5.076225338e-09
25    -2.090238473e-10     3.333840735e-09     3.124816888e-09
26    -1.302127596e-10     2.059015479e-09     1.928802719e-09
27    -8.133507082e-11     1.274873519e-09     1.193538448e-09
28    -5.092940204e-11      7.91194063e-10      7.40264661e-10
29    -3.196226677e-11     4.920763012e-10     4.601140344e-10
30    -2.010050054e-11     3.066539106e-10     2.865534101e-10
31     -1.26650589e-11     1.914569963e-10     1.787919374e-10
32    -7.994232903e-12     1.197420541e-10     1.117478212e-10
33    -5.054291218e-12     7.501121162e-11      6.99569204e-11
34    -3.200426328e-12     4.706147473e-11      4.38610484e-11
35     -2.02943249e-12     2.956818331e-11     2.753875082e-11
36    -1.288605376e-12     1.860231272e-11     1.731370734e-11
37    -8.192320267e-13     1.171814862e-11      1.08989166e-11
38    -5.214371385e-13     7.390438216e-12     6.869001077e-12
39    -3.322571834e-13     4.666296843e-12     4.334039659e-12
40    -2.119317903e-13      2.94944024e-12      2.73750845e-12
41    -1.353135812e-13     1.866156183e-12     1.730842602e-12
42    -8.647419751e-14     1.181885498e-12     1.095411301e-12
43    -5.531077468e-14     7.492061812e-13     6.938954065e-13
44    -3.540713937e-14     4.753426713e-13     4.399355319e-13
45    -2.268355904e-14     3.018380997e-13     2.791545406e-13
46    -1.454298413e-14     1.918167949e-13     1.772738107e-13
47    -9.330433034e-15     1.219913766e-13     1.126609436e-13
48     -5.99019674e-15     7.764029629e-14     7.165009955e-14
49                   0                   0                   0
50                   0                   0                   0
51                   0                   0                   0
52                   0                   0                   0
53                   0                   0                   0
54                   0                   0                   0
55                   0                   0                   0
56                   0                   0                   0
57                   0                   0                   0
58                   0                   0                   0
59                   0                   0                   0
60                   0                   0                   0
61                   0                   0                   0
62                   0                   0                   0
63                   0                   0                   0
64                   0                   0                   0
65                   0                   0                   0
66                   0                   0                   0
67                   0                   0                   0
68                   0                   0                   0
69                   0                   0                   0
70                   0                   0                   0
71                   0                   0                   0
72                   0                   0                   0
73                   0                   0                   0
74                   0                   0                   0
75                   0                   0                   0
76                   0                   0                   0
77                   0                   0                   0
78                   0                   0                   0
79                   0                   0                   0
80                   0                   0                   0
81                   0                   0                   0
82                   0                   0                   0
83                   0                   0                   0
84                   0                   0                   0
85                   0                   0                   0
86                   0                   0                   0
87                   0                   0                   0
88                   0                   0                   0
89                   0                   0                   0
90                   0                   0                   0
91                   0                   0                   0
92                   0                   0                   0
93                   0                   0                   0
94                   0                   0                   0
95                   0                   0                   0
