0                   0                   0                   0
1       0.01635551423       0.03076645184       0.04712196607
2    -0.0006289393369      0.005214234089      0.004585294752
3    -0.0002192382326      0.001152755958     0.0009335177253
4     -5.88952867e-05     0.0003084994746     0.0002496041879
5    -1.716901306e-05     9.382689475e-05     7.665788169e-05
6    -5.488211226e-06     3.106682254e-05     2.557861132e-05
7    -1.884943997e-06     1.090131776e-05      9.01637376e-06
8    -6.824367799e-07     3.986695255e-06     3.304258475e-06
9    -2.568642737e-07      1.50334247e-06     1.246478196e-06
10    -9.955423808e-08     5.803978596e-07     4.808436215e-07
11    -3.946729047e-08     2.282850874e-07     1.888177969e-07
12    -1.592871352e-08      9.11541793e-08     7.522546579e-08
13    -6.522158676e-09     3.685397229e-08     3.033181362e-08
14    -2.702399726e-09     1.505685913e-08      1.23544594e-08
15    -1.130836906e-09     6.206585893e-09     5.075748987e-09
16    -4.771732581e-10     2.578130182e-09     2.100956924e-09
17    -2.027915201e-10     1.078101237e-09     8.753097169e-10
18    -8.671537477e-11     4.534864162e-10     3.667710414e-10
19    -3.727937006e-11     1.917463054e-10     1.544669353e-10
20    -1.610205588e-11     8.145225249e-11      6.53501966e-11
21    -6.983869132e-12     3.474446718e-11     2.776059805e-11
22    -3.040271017e-12     1.487640878e-11     1.183613776e-11
23    -1.327882743e-12     6.391290432e-12     5.063407689e-12
24    -5.816915884e-13     2.754389836e-12     2.172698248e-12
25    -2.554971575e-13     1.190402686e-12     9.349055284e-13
26    -1.124943988e-13     5.158142514e-13     4.033198526e-13
27    -4.964008226e-14     2.240448169e-13     1.744047347e-13
28    -2.194864821e-14     9.753036295e-14     7.558171474e-14
29    -9.722625743e-15     4.254396948e-14     3.282134374e-14
30    -4.314148535e-15     1.859373575e-14     1.427958722e-14
31    -1.917276649e-15     8.140843746e-15     6.223567096e-15
32    -8.532990526e-16     3.570224228e-15     2.716925175e-15
33    -3.802756533e-16      1.56819084e-15     1.187915186e-15
34     -1.69681775e-16     6.898234648e-16     5.201416898e-16
35    -7.580083718e-17     3.038607945e-16     2.280599573e-16
36    -3.389855609e-17      1.34021465e-16     1.001229089e-16
37    -1.517491238e-17     5.918413476e-17     4.400922238e-17
38    -6.799565256e-18     2.616606218e-17     1.936649692e-17
39    -3.049444124e-18      1.15810188e-17     8.531574677e-18
40     -1.36874199e-18      5.13104463e-18      3.76230264e-18
41     -6.14840713e-19     2.275582682e-18     1.660741969e-18
42    -2.763912165e-19     1.010150578e-18     7.337593611e-19
43    -1.243335933e-19      4.48814291e-19     3.244806977e-19
44    -5.596787218e-20     1.995795698e-19     1.436116976e-19
45    -2.520924669e-20     8.882134983e-20     6.361210314e-20
46    -1.136154886e-20     3.955985757e-20     2.819830871e-20
47     -5.12340497e-21     1.763247833e-20     1.250907336e-20
48    -2.311591625e-21     7.864651198e-21     5.553059574e-21
49     -1.04347845e-21     3.510266538e-21     2.466788088e-21
50    -4.712650592e-22     1.567772694e-21     1.096507635e-21
51    -2.129347455e-22     7.006434438e-22     4.877086984e-22
52    -9.625386073e-23     3.133078392e-22     2.170539785e-22
53    -4.352828038e-23     1.401830763e-22     9.665479597e-23
54     -1.96923946e-23      6.27567593e-23     4.306436471e-23
55    -8.912338184e-24     2.810975334e-23     1.919741516e-23
56    -4.035002414e-24     1.259727659e-23     8.562274178e-24
57      -1.8274617e-24     5.648216827e-24     3.820755127e-24
58    -8.279399456e-25      2.53369018e-24     1.705750234e-24
59    -3.752230817e-25     1.137092758e-24     7.618696758e-25
60    -1.701041222e-25     5.105422301e-25     3.404381078e-25
61    -7.713819138e-26     2.293265519e-25     1.521883605e-25
62    -3.499036047e-26     1.030523088e-25     6.806194835e-26
63    -1.587621719e-26     4.632718911e-26     3.045097192e-26
64    -7.205445663e-27     2.083451615e-26     1.362907049e-26
65    -3.271038453e-27     9.373349336e-27     6.102310883e-27
66     -1.48531115e-27     4.218567674e-27     2.733256524e-27
67    -6.746094652e-28     1.899280993e-27     1.224671528e-27
68    -3.064693273e-28     8.553872603e-28      5.48917933e-28
69    -1.392572365e-28     3.853729817e-28     2.461157452e-28
70    -6.329092553e-29     1.736762557e-28     1.103853302e-28
71    -2.877099878e-29     7.829540644e-29     4.952440766e-29
72    -1.308143226e-29     3.530733136e-29      2.22258991e-29
73    -5.948941621e-30     1.592658141e-29     9.977639793e-30
74    -2.705861019e-30      7.18630658e-30     4.480445561e-30
75    -1.230977381e-30     3.243478357e-30     2.012500977e-30
76     -5.60107026e-31     1.464316915e-30     9.042098895e-31
77     -2.54897744e-31     6.612639077e-31     4.063661636e-31
78    -1.160199707e-31     2.986944829e-31     1.826745123e-31
79    -5.281644433e-32     1.349551053e-31     8.213866101e-32
80    -2.404767933e-32     6.098996396e-32     3.694228463e-32
81                   0                   0                   0
82                   0                   0                   0
83                   0                   0                   0
84                   0                   0                   0
85                   0                   0                   0
86                   0                   0                   0
87                   0                   0                   0
88                   0                   0                   0
89                   0                   0                   0
90                   0                   0                   0
91                   0                   0                   0
92                   0                   0                   0
93                   0                   0                   0
94                   0                   0                   0
95                   0                   0                   0
96                   0                   0                   0
97                   0                   0                   0
98                   0                   0                   0
99                   0                   0                   0
100                   0                   0                   0
101                   0                   0                   0
102                   0                   0                   0
103                   0                   0                   0
104                   0                   0                   0
105                   0                   0                   0
106                   0                   0                   0
107                   0                   0                   0
108                   0                   0                   0
109                   0                   0                   0
110                   0                   0                   0
111                   0                   0                   0
112                   0                   0                   0
113                   0                   0                   0
114                   0                   0                   0
115                   0                   0                   0
116                   0                   0                   0
117                   0                   0                   0
118                   0                   0                   0
119                   0                   0                   0
120                   0                   0                   0
121                   0                   0                   0
122                   0                   0                   0
123                   0                   0                   0
124                   0                   0                   0
125                   0                   0                   0
126                   0                   0                   0
127                   0                   0                   0
128                   0                   0                   0
129                   0                   0                   0
130                   0                   0                   0
131                   0                   0                   0
132                   0                   0                   0
133                   0                   0                   0
134                   0                   0                   0
135                   0                   0                   0
136                   0                   0                   0
137                   0                   0                   0
138                   0                   0                   0
139                   0                   0                   0
140                   0                   0                   0
141                   0                   0                   0
142                   0                   0                   0
143                   0                   0                   0
144                   0                   0                   0
145                   0                   0                   0
146                   0                   0                   0
147                   0                   0                   0
148                   0                   0                   0
149                   0                   0                   0
150                   0                   0                   0
151                   0                   0                   0
152                   0                   0                   0
153                   0                   0                   0
154                   0                   0                   0
155                   0                   0                   0
156                   0                   0                   0
157                   0                   0                   0
158                   0                   0                   0
159                   0                   0                   0
