0                   0                   0                   0
1      0.004026199926       0.04309576614       0.04712196607
2     -0.001521378511      0.006106673263      0.004585294752
3    -0.0003002506248       0.00123376835     0.0009335177253
4      -6.9338675e-05     0.0003189428629     0.0002496041879
5    -1.934363044e-05     9.600151213e-05     7.665788169e-05
6    -6.149400519e-06     3.172801184e-05     2.557861132e-05
7    -2.124730966e-06     1.114110473e-05      9.01637376e-06
8    -7.753606806e-07     4.079619156e-06     3.304258475e-06
9    -2.938845103e-07     1.540362706e-06     1.246478196e-06
10    -1.145273059e-07     5.953709274e-07     4.808436215e-07
11    -4.558756199e-08     2.344053589e-07     1.888177969e-07
12    -1.845172705e-08     9.367719284e-08     7.522546579e-08
13    -7.569824477e-09     3.790163809e-08     3.033181362e-08
14    -3.140218725e-09     1.549467812e-08      1.23544594e-08
15    -1.314840845e-09     6.390589832e-09     5.075748987e-09
16    -5.548986207e-10     2.655855545e-09     2.100956924e-09
17    -2.357738646e-10     1.111083582e-09     8.753097169e-10
18    -1.007691653e-10     4.675402067e-10     3.667710414e-10
19    -4.329018676e-11     1.977571221e-10     1.544669353e-10
20    -1.868168475e-11     8.403188136e-11      6.53501966e-11
21    -8.094418842e-12     3.585501689e-11     2.776059805e-11
22    -3.519743939e-12      1.53558817e-11     1.183613776e-11
23    -1.535439352e-12     6.598847042e-12     5.063407689e-12
24    -6.717589715e-13     2.844457219e-12     2.172698248e-12
25    -2.946694143e-13     1.229574943e-12     9.349055284e-13
26    -1.295669924e-13      5.32886845e-13     4.033198526e-13
27    -5.709541775e-14     2.315001524e-13     1.744047347e-13
28    -2.521020397e-14     1.007919187e-13     7.558171474e-14
29    -1.115191768e-14     4.397326141e-14     3.282134374e-14
30      -4.9414972e-15     1.922108442e-14     1.427958722e-14
31    -2.193046329e-15     8.416613426e-15     6.223567096e-15
32    -9.746924008e-16     3.691617576e-15     2.716925175e-15
33    -4.337836578e-16     1.621698844e-15     1.187915186e-15
34    -1.932966533e-16      7.13438343e-16     5.201416898e-16
35    -8.623520158e-17     3.142951589e-16     2.280599573e-16
36    -3.851419917e-17     1.386371081e-16     1.001229089e-16
37    -1.721880975e-17     6.122803213e-17     4.400922238e-17
38    -7.705554896e-18     2.707205182e-17     1.936649692e-17
39    -3.451422791e-18     1.198299747e-17     8.531574677e-18
40    -1.547258471e-18     5.309561111e-18      3.76230264e-18
41    -6.941877092e-19     2.354929678e-18     1.660741969e-18
42    -3.116885692e-19      1.04544793e-18     7.337593611e-19
43    -1.400479652e-19     4.645286629e-19     3.244806977e-19
44    -6.296919361e-20     2.065808912e-19     1.436116976e-19
45    -2.833084437e-20     9.194294751e-20     6.361210314e-20
46    -1.275430309e-20      4.09526118e-20     2.819830871e-20
47    -5.745218583e-21     1.825429194e-20     1.250907336e-20
48    -2.589385361e-21     8.142444935e-21     5.553059574e-21
49     -1.16765802e-21     3.634446108e-21     2.466788088e-21
50    -5.268085239e-22     1.623316159e-21     1.096507635e-21
51    -2.377924559e-22     7.255011543e-22     4.877086984e-22
52    -1.073846358e-22     3.244386143e-22     2.170539785e-22
53    -4.851502464e-23     1.451698206e-22     9.665479597e-23
54    -2.192765413e-23     6.499201884e-23     4.306436471e-23
55     -9.91475925e-24     2.911217441e-23     1.919741516e-23
56    -4.484757815e-24     1.304703199e-23     8.562274178e-24
57    -2.029344608e-24     5.850099735e-24     3.820755127e-24
58    -9.185993834e-25     2.624349617e-24     1.705750234e-24
59    -4.159527119e-25     1.177822388e-24     7.618696758e-25
60    -1.884098025e-25     5.288479103e-25     3.404381078e-25
61    -8.536882957e-26     2.375571901e-25     1.521883605e-25
62     -3.86924586e-26      1.06754407e-25     6.806194835e-26
63    -1.754202126e-26     4.799299318e-26     3.045097192e-26
64    -7.955264807e-27      2.15843353e-26     1.362907049e-26
65    -3.608668437e-27      9.71097932e-27     6.102310883e-27
66    -1.637391409e-27     4.370647933e-27     2.733256524e-27
67    -7.431342536e-28     1.967805781e-27     1.224671528e-27
68    -3.373553118e-28     8.862732448e-28      5.48917933e-28
69    -1.531827147e-28     3.992984599e-28     2.461157452e-28
70    -6.957136331e-29     1.799566935e-28     1.103853302e-28
71    -3.160432909e-29     8.112873675e-29     4.952440766e-29
72      -1.4360014e-29      3.65859131e-29      2.22258991e-29
73    -6.526080651e-30     1.650372044e-29     9.977639793e-30
74    -2.966446271e-30     7.446891832e-30     4.480445561e-30
75    -1.348665758e-30     3.361166735e-30     2.012500977e-30
76    -6.132723791e-31     1.517482269e-30     9.042098895e-31
77    -2.789210274e-31     6.852871911e-31     4.063661636e-31
78    -1.268777701e-31     3.095522824e-31     1.826745123e-31
79     -5.77250078e-32     1.398636688e-31     8.213866101e-32
80      -2.6267243e-32     6.320952763e-32     3.694228463e-32
81                   0                   0                   0
82                   0                   0                   0
83                   0                   0                   0
84                   0                   0                   0
85                   0                   0                   0
86                   0                   0                   0
87                   0                   0                   0
88                   0                   0                   0
89                   0                   0                   0
90                   0                   0                   0
91                   0                   0                   0
92                   0                   0                   0
93                   0                   0                   0
94                   0                   0                   0
95                   0                   0                   0
96                   0                   0                   0
97                   0                   0                   0
98                   0                   0                   0
99                   0                   0                   0
100                   0                   0                   0
101                   0                   0                   0
102                   0                   0                   0
103                   0                   0                   0
104                   0                   0                   0
105                   0                   0                   0
106                   0                   0                   0
107                   0                   0                   0
108                   0                   0                   0
109                   0                   0                   0
110                   0                   0                   0
111                   0                   0                   0
112                   0                   0                   0
113                   0                   0                   0
114                   0                   0                   0
115                   0                   0                   0
116                   0                   0                   0
117                   0                   0                   0
118                   0                   0                   0
119                   0                   0                   0
120                   0                   0                   0
121                   0                   0                   0
122                   0                   0                   0
123                   0                   0                   0
124                   0                   0                   0
125                   0                   0                   0
126                   0                   0                   0
127                   0                   0                   0
128                   0                   0                   0
129                   0                   0                   0
130                   0                   0                   0
131                   0                   0                   0
132                   0                   0                   0
133                   0                   0                   0
134                   0                   0                   0
135                   0                   0                   0
136                   0                   0                   0
137                   0                   0                   0
138                   0                   0                   0
139                   0                   0                   0
140                   0                   0                   0
141                   0                   0                   0
142                   0                   0                   0
143                   0                   0                   0
144                   0                   0                   0
145                   0                   0                   0
146                   0                   0                   0
147                   0                   0                   0
148                   0                   0                   0
149                   0                   0                   0
150                   0                   0                   0
151                   0                   0                   0
152                   0                   0                   0
153                   0                   0                   0
154                   0                   0                   0
155                   0                   0                   0
156                   0                   0                   0
157                   0                   0                   0
158                   0                   0                   0
159                   0                   0                   0
