
0                   0                   0                   0
1       0.01784415588       0.03103252767       0.04887668355
2    -0.0004546338877      0.005770100736      0.005315466849
3    -0.0002006918731      0.001457976227      0.001257284354
4    -6.016863612e-05     0.0004582616957     0.0003980930596
5     -1.98415806e-05     0.0001661205236      0.000146278943
6    -7.306225366e-06     6.605812455e-05     5.875189919e-05
7     -2.93061911e-06     2.795428782e-05     2.502366871e-05
8    -1.251012393e-06     1.235980286e-05     1.110879047e-05
9    -5.588881748e-07     5.644165704e-06     5.085277529e-06
10    -2.583271877e-07     2.641856302e-06     2.383529114e-06
11    -1.225648841e-07     1.260856031e-06     1.138291147e-06
12    -5.935974242e-08     6.112827988e-07     5.519230564e-07
13    -2.922764127e-08     3.002189393e-07      2.70991298e-07
14     -1.45870504e-08     1.490534493e-07     1.344663989e-07
15    -7.362439148e-09     7.468731714e-08     6.732487799e-08
16    -3.751347895e-09     3.772185507e-08     3.397050717e-08
17    -1.926890781e-09     1.918361288e-08      1.72567221e-08
18    -9.966532175e-10     9.815025918e-09       8.8183727e-09
19    -5.186238383e-10     5.048616251e-09     4.529992413e-09
20    -2.713042942e-10     2.609270467e-09     2.337966173e-09
21    -1.425889343e-10     1.354307019e-09     1.211718085e-09
22    -7.525103949e-11     7.056407389e-10     6.303896994e-10
23    -3.986061877e-11     3.689449902e-10     3.290843714e-10
24    -2.118438716e-11     1.935152371e-10       1.7233085e-10
25                   0                   0                   0
26                   0                   0                   0
27                   0                   0                   0
28                   0                   0                   0
29                   0                   0                   0
30                   0                   0                   0
31                   0                   0                   0
32                   0                   0                   0
33                   0                   0                   0
34                   0                   0                   0
35                   0                   0                   0
36                   0                   0                   0
37                   0                   0                   0
38                   0                   0                   0
39                   0                   0                   0
40                   0                   0                   0
41                   0                   0                   0
42                   0                   0                   0
43                   0                   0                   0
44                   0                   0                   0
45                   0                   0                   0
46                   0                   0                   0
47                   0                   0                   0
