
0                             0                             0                             0
1           0.01887672736361925            0.0310710961295994           0.04994782349321865
2        -0.0003106270319384033          0.006175277742487184           0.00586465071054878
3        -0.0001765190229447522           0.00173098992233999          0.001554470899395237
4        -5.648822375786916e-05         0.0006201674560129752         0.0005636792322551061
5         -2.00738484503497e-05         0.0002604117844849762         0.0002403379360346265
6        -8.126154454175588e-06         0.0001210701005785322         0.0001129439461243566
7        -3.646660327374057e-06         6.024294424601291e-05         5.659628391863886e-05
8        -1.765068622581837e-06         3.143769966403893e-05         2.967263104145709e-05
9        -9.030683646900158e-07         1.698883860612362e-05          1.60857702414336e-05
10        -4.816191749527775e-07         9.428243589662899e-06         8.946624414710122e-06
11        -2.651567111563883e-07         5.342816144971068e-06          5.07765943381468e-06
12        -1.496715334228058e-07         3.079009262934038e-06         2.929337729511232e-06
13        -8.618945962391568e-08         1.799070566364239e-06         1.712881106740324e-06
14         -5.04480191755787e-08         1.063394132527074e-06         1.012946113351495e-06
15        -2.992902354568028e-08         6.347235834711044e-07         6.047945599254241e-07
16        -1.795801724555897e-08         3.820462005325947e-07         3.640881832870357e-07
17        -1.087930258367731e-08         2.316347478141324e-07         2.207554452304551e-07
18        -6.645517472255928e-09         1.413363035195843e-07         1.346907860473284e-07
19        -4.088484033367406e-09          8.67242714922274e-08         8.263578745885999e-08
20        -2.531095663344064e-09         5.348021649220531e-08         5.094912082886125e-08
21        -1.575584869531267e-09         3.312703518878138e-08         3.155145031925011e-08
22        -9.855742130705353e-10         2.060224172951698e-08         1.961666751644644e-08
23        -6.191855740053282e-10         1.285944479441977e-08         1.224025922041444e-08
24        -3.905172172527955e-10         8.053077034761904e-09         7.662559817509108e-09
25        -2.471605703052289e-10           5.0583426167083e-09         4.811182046403071e-09
26        -1.569251585407717e-10         3.186045042257798e-09         3.029119883717026e-09
27        -9.992039177547337e-11         2.011854435269464e-09         1.911934043493991e-09
28        -6.379013832494297e-11         1.273377021919415e-09         1.209586883594472e-09
29        -4.082196683287294e-11         8.077139831139014e-10         7.668920162810285e-10
30        -2.618121124524133e-11          5.13370367062286e-10         4.871891558170447e-10
31        -1.682538922910011e-11         3.269008653188535e-10         3.100754760897534e-10
32        -1.083309456482024e-11         2.085254054542807e-10         1.976923108894605e-10
33        -6.987013669212245e-12         1.332325535187542e-10         1.262455398495419e-10
34        -4.513652433028231e-12         8.525614131538514e-11         8.074248888235691e-11
35        -2.920204826744038e-12         5.463418557758526e-11         5.171398075084122e-11
36        -1.891921584322695e-12         3.505822116081253e-11         3.316629957648983e-11
37        -1.227319533027153e-12         2.252517524674519e-11         2.129785571371804e-11
38        -7.971509847255912e-13         1.449000375942162e-11         1.369285277469603e-11
39        -5.183449978201219e-13          9.33173653908681e-12         8.813391541266688e-12
40        -3.374134903434793e-13         6.016223670993384e-12         5.678810180649905e-12
41        -2.198586463261309e-13         3.882656005546887e-12         3.662797359220756e-12
42        -1.433959485585809e-13         2.508158673631716e-12         2.364762725073135e-12
43        -9.360932700431826e-14         1.621741415877912e-12         1.528132088873594e-12
44        -6.116018519383158e-14         1.049517176530761e-12         9.883569913369291e-13
45        -3.999134887027918e-14         6.797684678217745e-13         6.397771189514953e-13
46        -2.616932726656928e-14         4.406354161848842e-13         4.144660889183149e-13
47        -1.713686231665951e-14         2.858440904254365e-13          2.68707228108777e-13
48        -1.122965771927249e-14         1.855649685252176e-13         1.743353108059451e-13
49         -7.36348695482825e-15         1.205497119112734e-13         1.131862249564451e-13
50        -4.831351706029443e-15         7.836589087233121e-14         7.353453916630176e-14
51        -3.171824690009086e-15           5.0976119355087e-14         4.780429466507791e-14
52        -2.083498486481878e-15         3.317982311915362e-14         3.109632463267174e-14
53        -1.369334562171117e-15         2.160918685569969e-14         2.023985229352857e-14
54        -9.004257364948799e-16         1.408153243288418e-14          1.31811066963893e-14
55        -5.923773054418497e-16         9.181194522613942e-15         8.588817217172093e-15
56         -3.89898835853645e-16          5.98931827272889e-15         5.599419436875245e-15
57        -2.567437402628473e-16         3.909094535740631e-15         3.652350795477784e-15
58        -1.691352313565085e-16         2.552628570351569e-15          2.38349333899506e-15
59        -1.114671656596738e-16         1.667647514048484e-15          1.55618034838881e-15
60        -7.349051570423313e-17         1.089981123820157e-15         1.016490608115924e-15
61        -4.847081239586142e-17         7.127299968754473e-16         6.642591844795859e-16
62        -3.198066956296569e-17         4.662469911042201e-16         4.342663215412544e-16
63        -2.110799519205359e-17         3.051307011454688e-16         2.840227059534152e-16
64        -1.393647239407657e-17         1.997693439693017e-16         1.858328715752251e-16
65        -9.204489961730422e-18         1.308396396835256e-16         1.216351497217952e-16
66        -6.081104088764042e-18         8.572591758215789e-17         7.964481349339385e-17
67         -4.01879719849294e-18         5.618782777867583e-17         5.216903058018289e-17
68        -2.656660396221383e-18          3.68404442921516e-17         3.418378389593022e-17
69        -1.756701096981756e-18          2.41632543579198e-17         2.240655326093804e-17
70        -1.161923090861048e-18         1.585366137990733e-17         1.469173828904628e-17
71        -7.687242356818946e-19         1.040502533297604e-17         9.636301097294144e-18
72        -5.087139380195357e-19         6.831123286577747e-18         6.322409348558212e-18
73        -3.367308784937502e-19         4.486138705386126e-18         4.149407826892376e-18
74         -2.22943611114008e-19         2.947007207598745e-18         2.724063596484737e-18
75        -1.476408704341476e-19         1.936484885030889e-18         1.788844014596741e-18
76        -9.779451235867412e-20         1.272823152177939e-18         1.175028639819265e-18
77        -6.479114906279207e-20         8.368349817366245e-19         7.720438326738324e-19
78        -4.293458848665089e-20         5.503339228966296e-19         5.073993344099787e-19
79        -2.845683498561986e-20         3.620132378059234e-19         3.335564028203036e-19
80        -1.886474395629367e-20         2.381943517381792e-19         2.193296077818855e-19
81        -1.250828405713236e-20         1.567633527162965e-19         1.442550686591641e-19
82          -8.2951574475772e-21          1.03195568144197e-19         9.490041069661975e-20
83        -5.502110236368973e-21           6.7948270801707e-20         6.244616056533802e-20
84        -3.650139549057021e-21         4.475011598174975e-20         4.109997643269273e-20
85        -2.421938094214922e-21         2.947853788052271e-20         2.705659978630779e-20
86        -1.607266687387404e-21         1.942278214137722e-20         1.781551545398982e-20
87        -1.066798046252801e-21         1.279995535347444e-20         1.173315730722164e-20
88        -7.081804715111646e-22         8.437132198212949e-21         7.728951726701785e-21
89        -4.701877666569618e-22         5.562481468263409e-21         5.092293701606447e-21
90        -3.122213478555791e-22         3.667985713912348e-21         3.355764366056769e-21
91        -2.073557414965329e-22         2.419190718185172e-21          2.21183497668864e-21
92        -1.377304964454254e-22         1.595857598639389e-21         1.458127102193964e-21
93        -9.149622419030278e-23          1.05292618050205e-21         9.614299563117472e-22
94         -6.07902227452704e-23         6.948318790221707e-22         6.340416562769003e-22
95        -4.039432414676031e-23         4.586040533299393e-22          4.18209729183179e-22
96        -2.684488848958312e-23         3.027406620670479e-22         2.758957735774648e-22
97        -1.784251851821877e-23         1.998834157071081e-22         1.820408971888893e-22
98        -1.186049175929118e-23         1.319940577448348e-22         1.201335659855436e-22
99        -7.884968514710684e-24         8.717704233697353e-23         7.929207382226284e-23
100        -5.242600213445712e-24         5.758622103686115e-23         5.234362082341544e-23
101        -3.486116142721458e-24          3.80454160455419e-23         3.455929990282045e-23
102        -2.318377534352456e-24         2.513923486753323e-23         2.282085733318078e-23
103        -1.541958073666796e-24         1.661370232668252e-23         1.507174425301573e-23
104        -1.025666109273775e-24         1.098105775886367e-23         9.955391649589895e-24
105        -6.823126954757898e-25         7.259121674295009e-24         6.576808978819219e-24
106        -4.539457032639334e-25         4.799377683634749e-24         4.345431980370816e-24
107        -3.020413585697594e-25         3.173551632761816e-24         2.871510274192057e-24
108        -2.009879567136204e-25         2.098770099637083e-24         1.897782142923463e-24
109         -1.33756182804629e-25         1.388167041535615e-24         1.254410858730986e-24
110        -8.902193556240022e-26         9.182799096986654e-25         8.292579741362652e-25
111        -5.925413819686541e-26         6.075246330113427e-25         5.482704948144773e-25
112        -3.944373237252695e-26         4.019824991582103e-25         3.625387667856833e-25
113                             0                             0                             0
114                             0                             0                             0
115                             0                             0                             0
116                             0                             0                             0
117                             0                             0                             0
118                             0                             0                             0
119                             0                             0                             0
120                             0                             0                             0
121                             0                             0                             0
122                             0                             0                             0
123                             0                             0                             0
124                             0                             0                             0
125                             0                             0                             0
126                             0                             0                             0
127                             0                             0                             0
128                             0                             0                             0
129                             0                             0                             0
130                             0                             0                             0
131                             0                             0                             0
132                             0                             0                             0
133                             0                             0                             0
134                             0                             0                             0
135                             0                             0                             0
136                             0                             0                             0
137                             0                             0                             0
138                             0                             0                             0
139                             0                             0                             0
140                             0                             0                             0
141                             0                             0                             0
142                             0                             0                             0
143                             0                             0                             0
144                             0                             0                             0
145                             0                             0                             0
146                             0                             0                             0
147                             0                             0                             0
148                             0                             0                             0
149                             0                             0                             0
150                             0                             0                             0
151                             0                             0                             0
152                             0                             0                             0
153                             0                             0                             0
154                             0                             0                             0
155                             0                             0                             0
156                             0                             0                             0
157                             0                             0                             0
158                             0                             0                             0
159                             0                             0                             0
160                             0                             0                             0
161                             0                             0                             0
162                             0                             0                             0
163                             0                             0                             0
164                             0                             0                             0
165                             0                             0                             0
166                             0                             0                             0
167                             0                             0                             0
168                             0                             0                             0
169                             0                             0                             0
170                             0                             0                             0
171                             0                             0                             0
172                             0                             0                             0
173                             0                             0                             0
174                             0                             0                             0
175                             0                             0                             0
176                             0                             0                             0
177                             0                             0                             0
178                             0                             0                             0
179                             0                             0                             0
180                             0                             0                             0
181                             0                             0                             0
182                             0                             0                             0
183                             0                             0                             0
184                             0                             0                             0
185                             0                             0                             0
186                             0                             0                             0
187                             0                             0                             0
188                             0                             0                             0
189                             0                             0                             0
190                             0                             0                             0
191                             0                             0                             0
192                             0                             0                             0
193                             0                             0                             0
194                             0                             0                             0
195                             0                             0                             0
196                             0                             0                             0
197                             0                             0                             0
198                             0                             0                             0
199                             0                             0                             0
200                             0                             0                             0
201                             0                             0                             0
202                             0                             0                             0
203                             0                             0                             0
204                             0                             0                             0
205                             0                             0                             0
206                             0                             0                             0
207                             0                             0                             0
208                             0                             0                             0
209                             0                             0                             0
210                             0                             0                             0
211                             0                             0                             0
212                             0                             0                             0
213                             0                             0                             0
214                             0                             0                             0
215                             0                             0                             0
216                             0                             0                             0
217                             0                             0                             0
218                             0                             0                             0
219                             0                             0                             0
220                             0                             0                             0
221                             0                             0                             0
222                             0                             0                             0
223                             0                             0                             0
