
0                             0                             0                             0
1           0.00548811836859097           0.04445970512462768           0.04994782349321865
2         -0.001312208107908372          0.007176858818457152           0.00586465071054878
3        -0.0002666033189958202          0.001821074218391058          0.001554470899395237
4        -6.679145324751251e-05         0.0006304706855026186         0.0005636792322551061
5        -2.191313028244047e-05          0.000262251066317067         0.0002403379360346265
6        -8.725955855162134e-06         0.0001216699019795187         0.0001129439461243566
7        -3.934546959266527e-06         6.053083087790538e-05         5.659628391863886e-05
8        -1.924105801505585e-06         3.159673684296268e-05         2.967263104145709e-05
9        -9.950636541810741e-07         1.708083389561468e-05          1.60857702414336e-05
10        -5.358715185222657e-07         9.482495933232388e-06         8.946624414710122e-06
11        -2.975191361039929e-07         5.375178569918673e-06          5.07765943381468e-06
12        -1.691422584930706e-07         3.098479988004303e-06         2.929337729511232e-06
13        -9.798778503165405e-08         1.810868891771978e-06         1.712881106740324e-06
14        -5.764173265864188e-08         1.070587846010137e-06         1.012946113351495e-06
15        -3.433938915600249e-08         6.391339490814266e-07         6.047945599254241e-07
16        -2.067529578165993e-08         3.847634790686956e-07         3.640881832870357e-07
17        -1.256088977861743e-08         2.333163350090725e-07         2.207554452304551e-07
18        -7.690351305412302e-09         1.423811373527407e-07         1.346907860473284e-07
19         -4.74005013385631e-09          8.73758375927163e-08         8.263578745885999e-08
20        -2.938770489014279e-09         5.388789131787552e-08         5.094912082886125e-08
21         -1.83143818803193e-09         3.338288850728204e-08         3.155145031925011e-08
22        -1.146594983130112e-09         2.076326249957655e-08         1.961666751644644e-08
23        -7.207848604771891e-10         1.296104408089163e-08         1.224025922041444e-08
24        -4.547759463039224e-10         8.117335763813031e-09         7.662559817509108e-09
25        -2.878920560475548e-10         5.099074102450626e-09         4.811182046403071e-09
26        -1.827963759675589e-10         3.211916259684585e-09         3.029119883717026e-09
27        -1.163842154878577e-10         2.028318258981849e-09         1.911934043493991e-09
28        -7.428596194266526e-11         1.283872845537138e-09         1.209586883594472e-09
29        -4.752427409762141e-11         8.144162903786499e-10         7.668920162810285e-10
30        -3.046777010351068e-11         5.176569259205553e-10         4.871891558170447e-10
31        -1.957093468881703e-11         3.296464107785704e-10         3.100754760897534e-10
32        -1.259404138524288e-11         2.102863522747033e-10         1.976923108894605e-10
33        -8.117921407166708e-12         1.343634612567086e-10         1.262455398495419e-10
34        -5.240829019167086e-12         8.598331790152399e-11         8.074248888235691e-11
35        -3.388322865037297e-12         5.510230361587851e-11         5.171398075084122e-11
36        -2.193601875413791e-12         3.535990145190362e-11         3.316629957648983e-11
37        -1.421940634723322e-12         2.271979634844136e-11         2.129785571371804e-11
38        -9.228296469894554e-13         1.461568242168549e-11         1.369285277469603e-11
39        -5.995795311197361e-13         9.412971072386424e-12         8.813391541266688e-12
40        -3.899677287186297e-13         6.068777909368535e-12         5.678810180649905e-12
41        -2.538872786124285e-13         3.916684637833185e-12         3.662797359220756e-12
42        -1.654472362605804e-13         2.530209961333716e-12         2.364762725073135e-12
43        -1.079101257425222e-13         1.636042214616116e-12         1.528132088873594e-12
44        -7.044148313335646e-14         1.058798474470286e-12         9.883569913369291e-13
45        -4.601923956099593e-14         6.857963585124912e-13         6.397771189514953e-13
46        -3.008690193321793e-14         4.445529908515329e-13         4.144660889183149e-13
47        -1.968458576070241e-14         2.883918138694794e-13          2.68707228108777e-13
48        -1.288756001536183e-14         1.872228708213069e-13         1.743353108059451e-13
49        -8.442996462360543e-15         1.216292214188057e-13         1.131862249564451e-13
50        -5.534658423271798e-15         7.906919758957356e-14         7.353453916630176e-14
51        -3.630287654685944e-15         5.143458231976386e-14         4.780429466507791e-14
52        -2.382515521251764e-15         3.347884015392351e-14         3.109632463267174e-14
53        -1.564458816696223e-15         2.180431111022479e-14         2.023985229352857e-14
54        -1.027817741686766e-15         1.420892443807606e-14          1.31811066963893e-14
55        -6.755883635654532e-16         9.264405580737546e-15         8.588817217172093e-15
56        -4.442765105012273e-16         6.043695947376473e-15         5.599419436875245e-15
57         -2.92294924231777e-16         3.944645719709561e-15         3.652350795477784e-15
58        -1.923880087668967e-16         2.575881347761957e-15          2.38349333899506e-15
59        -1.266823329335306e-16         1.682862681322341e-15          1.55618034838881e-15
60        -8.345039017145057e-17         1.099940998287374e-15         1.016490608115924e-15
61        -5.499311016702499e-17         7.192522946466109e-16         6.642591844795859e-16
62        -3.625346063444899e-17         4.705197821757034e-16         4.342663215412544e-16
63        -2.390814890193566e-17         3.079308548553509e-16         2.840227059534152e-16
64        -1.577219223162726e-17         2.016050638068524e-16         1.858328715752251e-16
65         -1.04083627559317e-17         1.320435124777269e-16         1.216351497217952e-16
66        -6.870872993632797e-18         8.651568648702664e-17         7.964481349339385e-17
67        -4.537072422774017e-18         5.670610300295691e-17         5.216903058018289e-17
68        -2.996878792198093e-18         3.718066268812831e-17         3.418378389593022e-17
69        -1.980103672712123e-18         2.438665693365016e-17         2.240655326093804e-17
70        -1.308662874270314e-18          1.60004011633166e-17         1.469173828904628e-17
71        -8.651367292493346e-19         1.050143782654348e-17         9.636301097294144e-18
72        -5.720777178928726e-19         6.894487066451084e-18         6.322409348558212e-18
73         -3.78385948689544e-19          4.52779377558192e-18         4.149407826892376e-18
74        -2.503347785007742e-19         2.974398374985511e-18         2.724063596484737e-18
75        -1.656571892387459e-19         1.954501203835487e-18         1.788844014596741e-18
76        -1.096476002608577e-19         1.284676240080122e-18         1.175028639819265e-18
77        -7.259131927039093e-20         8.446351519442233e-19         7.720438326738324e-19
78        -4.806888663160338e-20         5.554682210415821e-19         5.073993344099787e-19
79        -3.183717139025757e-20         3.653935742105611e-19         3.335564028203036e-19
80        -2.109081024936186e-20         2.404204180312474e-19         2.193296077818855e-19
81         -1.39745514860604e-20         1.582296201452245e-19         1.442550686591641e-19
82        -9.261170246861116e-21         1.041615809434809e-19         9.490041069661975e-20
83        -6.138678426314804e-21         6.858483899165283e-20         6.244616056533802e-20
84        -4.069702548206678e-21         4.516967898089941e-20         4.109997643269273e-20
85        -2.698528772538139e-21         2.975512855884593e-20         2.705659978630779e-20
86        -1.789641135973112e-21         1.960515658996293e-20         1.781551545398982e-20
87         -1.18707283184412e-21         1.292023013906576e-20         1.173315730722164e-20
88        -7.875159520099291e-22         8.516467678711714e-21         7.728951726701785e-21
89        -5.225286162254023e-22         5.614822317831849e-21         5.092293701606447e-21
90        -3.467589963636388e-22         3.702523362420408e-21         3.355764366056769e-21
91        -2.301498046487347e-22         2.441984781337374e-21          2.21183497668864e-21
92        -1.527766699395909e-22         1.610903772133555e-21         1.458127102193964e-21
93        -1.014297660026224e-22          1.06285972231437e-21         9.614299563117472e-22
94        -6.734947568379377e-23         7.013911319606941e-22         6.340416562769003e-22
95         -4.47261933113891e-23         4.629359224945681e-22          4.18209729183179e-22
96        -2.970620256285313e-23         3.056019761403179e-22         2.758957735774648e-22
97        -1.973278733919293e-23         2.017736845280822e-22         1.820408971888893e-22
98        -1.310945048562168e-23         1.332430164711653e-22         1.201335659855436e-22
99        -8.710317752600408e-24         8.800239157486325e-23         7.929207382226284e-23
100        -5.788095861386763e-24          5.81317166848022e-23         5.234362082341544e-23
101         -3.84670096808033e-24         3.840600087090078e-23         3.455929990282045e-23
102        -2.556765875854454e-24         2.537762320903523e-23         2.282085733318078e-23
103        -1.699582243470913e-24         1.677132649648664e-23         1.507174425301573e-23
104        -1.129902581239609e-24          1.10852942308295e-23         9.955391649589895e-24
105        -7.512532188702948e-25         7.328062197689514e-24         6.576808978819219e-24
106         -4.99547961620601e-25         4.844979941991417e-24         4.345431980370816e-24
107        -3.322098766586935e-25          3.20372015085075e-24         2.871510274192057e-24
108        -2.209486874604791e-25         2.118730830383942e-24         1.897782142923463e-24
109        -1.469646594936061e-25         1.401375518224592e-24         1.254410858730986e-24
110        -9.776335389294304e-26         9.270213280292082e-25         8.292579741362652e-25
111        -6.503993273282399e-26         6.133104275473012e-25         5.482704948144773e-25
112        -4.327370020476279e-26         4.058124669904461e-25         3.625387667856833e-25
113                             0                             0                             0
114                             0                             0                             0
115                             0                             0                             0
116                             0                             0                             0
117                             0                             0                             0
118                             0                             0                             0
119                             0                             0                             0
120                             0                             0                             0
121                             0                             0                             0
122                             0                             0                             0
123                             0                             0                             0
124                             0                             0                             0
125                             0                             0                             0
126                             0                             0                             0
127                             0                             0                             0
128                             0                             0                             0
129                             0                             0                             0
130                             0                             0                             0
131                             0                             0                             0
132                             0                             0                             0
133                             0                             0                             0
134                             0                             0                             0
135                             0                             0                             0
136                             0                             0                             0
137                             0                             0                             0
138                             0                             0                             0
139                             0                             0                             0
140                             0                             0                             0
141                             0                             0                             0
142                             0                             0                             0
143                             0                             0                             0
144                             0                             0                             0
145                             0                             0                             0
146                             0                             0                             0
147                             0                             0                             0
148                             0                             0                             0
149                             0                             0                             0
150                             0                             0                             0
151                             0                             0                             0
152                             0                             0                             0
153                             0                             0                             0
154                             0                             0                             0
155                             0                             0                             0
156                             0                             0                             0
157                             0                             0                             0
158                             0                             0                             0
159                             0                             0                             0
160                             0                             0                             0
161                             0                             0                             0
162                             0                             0                             0
163                             0                             0                             0
164                             0                             0                             0
165                             0                             0                             0
166                             0                             0                             0
167                             0                             0                             0
168                             0                             0                             0
169                             0                             0                             0
170                             0                             0                             0
171                             0                             0                             0
172                             0                             0                             0
173                             0                             0                             0
174                             0                             0                             0
175                             0                             0                             0
176                             0                             0                             0
177                             0                             0                             0
178                             0                             0                             0
179                             0                             0                             0
180                             0                             0                             0
181                             0                             0                             0
182                             0                             0                             0
183                             0                             0                             0
184                             0                             0                             0
185                             0                             0                             0
186                             0                             0                             0
187                             0                             0                             0
188                             0                             0                             0
189                             0                             0                             0
190                             0                             0                             0
191                             0                             0                             0
192                             0                             0                             0
193                             0                             0                             0
194                             0                             0                             0
195                             0                             0                             0
196                             0                             0                             0
197                             0                             0                             0
198                             0                             0                             0
199                             0                             0                             0
200                             0                             0                             0
201                             0                             0                             0
202                             0                             0                             0
203                             0                             0                             0
204                             0                             0                             0
205                             0                             0                             0
206                             0                             0                             0
207                             0                             0                             0
208                             0                             0                             0
209                             0                             0                             0
210                             0                             0                             0
211                             0                             0                             0
212                             0                             0                             0
213                             0                             0                             0
214                             0                             0                             0
215                             0                             0                             0
216                             0                             0                             0
217                             0                             0                             0
218                             0                             0                             0
219                             0                             0                             0
220                             0                             0                             0
221                             0                             0                             0
222                             0                             0                             0
223                             0                             0                             0
