
0                   0                   0                   0
1       0.01771020102       0.03101657173       0.04872677275
2    -0.0004718300259      0.005718169311      0.005246339285
3      -0.00020304224       0.00142662317       0.00122358093
4    -6.029695855e-05     0.0004414827767     0.0003811858182
5    -1.966988984e-05     0.0001573156805     0.0001376457907
6    -7.150501672e-06     6.143997624e-05     5.428947456e-05
7    -2.826949101e-06     2.552321526e-05     2.269626616e-05
8    -1.188041286e-06     1.107455612e-05     9.886514837e-06
9    -5.220925312e-07     4.961941974e-06     4.439849443e-06
10    -2.372382867e-07     2.278419926e-06      2.04118164e-06
11     -1.10605983e-07     1.066633322e-06     9.560273387e-07
12     -5.26203889e-08     5.072017918e-07     4.545814029e-07
13    -2.544422937e-08     2.443079624e-07      2.18863733e-07
14    -1.246820749e-08     1.189543523e-07     1.064861448e-07
15    -6.177662993e-09     5.845290915e-08     5.227524615e-08
16    -3.089540834e-09     2.895068022e-08     2.586113938e-08
17    -1.557457174e-09     1.443745448e-08     1.287999731e-08
18    -7.905180353e-10     7.243295432e-09     6.452777397e-09
19    -4.036374833e-10     3.653366448e-09     3.249728965e-09
20    -2.071737376e-10     1.851437139e-09     1.644263401e-09
21    -1.068254552e-10     9.422581377e-10     8.354326825e-10
22    -5.530795986e-11     4.813866569e-10      4.26078697e-10
23    -2.873978743e-11     2.467885975e-10       2.1804881e-10
24    -1.498305526e-11     1.269193163e-10     1.119362611e-10
25    -7.834272679e-12     6.546121814e-11     5.762694546e-11
26    -4.107312279e-12     3.385250873e-11     2.974519645e-11
27    -2.158600823e-12     1.754918714e-11     1.539058632e-11
28     -1.13697371e-12     9.118047907e-12     7.981074197e-12
29    -6.000824114e-13     4.747376451e-12      4.14729404e-12
30    -3.173087546e-13     2.476556531e-12     2.159247776e-12
31     -1.68073868e-13     1.294279302e-12     1.126205434e-12
32    -8.916789345e-14     6.775495674e-13      5.88381674e-13
33                   0                   0                   0
34                   0                   0                   0
35                   0                   0                   0
36                   0                   0                   0
37                   0                   0                   0
38                   0                   0                   0
39                   0                   0                   0
40                   0                   0                   0
41                   0                   0                   0
42                   0                   0                   0
43                   0                   0                   0
44                   0                   0                   0
45                   0                   0                   0
46                   0                   0                   0
47                   0                   0                   0
48                   0                   0                   0
49                   0                   0                   0
50                   0                   0                   0
51                   0                   0                   0
52                   0                   0                   0
53                   0                   0                   0
54                   0                   0                   0
55                   0                   0                   0
56                   0                   0                   0
57                   0                   0                   0
58                   0                   0                   0
59                   0                   0                   0
60                   0                   0                   0
61                   0                   0                   0
62                   0                   0                   0
63                   0                   0                   0
