
0                   0                   0                   0
1       0.01816298308       0.03106197919       0.04922496228
2    -0.0004123900851       0.00589478571      0.005482395625
3    -0.0001944371956      0.001536189962      0.001341752766
4    -5.959001972e-05     0.0005016364018     0.0004420463821
5     -2.01510772e-05     0.0001897048981     0.0001695538209
6    -7.649446123e-06      7.88767453e-05     7.122729917e-05
7    -3.176803493e-06      3.49476624e-05      3.17708589e-05
8    -1.408505958e-06     1.619191299e-05     1.478340703e-05
9    -6.550531542e-07     7.752753734e-06      7.09770058e-06
10    -3.157183303e-07     3.806414808e-06     3.490696478e-06
11    -1.563924059e-07     1.906151607e-06     1.749759201e-06
12    -7.915470979e-08     9.698877342e-07     8.907330244e-07
13     -4.07604215e-08     5.000165646e-07     4.592561431e-07
14    -2.128784904e-08      2.60626453e-07      2.39338604e-07
15    -1.124904821e-08     1.371211078e-07     1.258720596e-07
16    -6.003222753e-09     7.272319816e-08     6.671997541e-08
17     -3.23073975e-09     3.883891259e-08     3.560817284e-08
18    -1.751293774e-09     2.086956702e-08     1.911827325e-08
19    -9.553047514e-10     1.127466831e-08     1.031936356e-08
20    -5.239752656e-10     6.120408622e-09     5.596433356e-09
21    -2.887905763e-10     3.336767133e-09     3.047976556e-09
22    -1.598532775e-10     1.826228015e-09     1.666374737e-09
23    -8.882304632e-11     1.003017934e-09     9.141948879e-10
24    -4.952495698e-11     5.526490808e-10     5.031241238e-10
25    -2.769935571e-11     3.053918964e-10     2.776925407e-10
26    -1.553584854e-11     1.692107568e-10     1.536749082e-10
27    -8.735930538e-12     9.398713789e-11     8.525120735e-11
28    -4.923741013e-12     5.232353346e-11     4.739979244e-11
29     -2.78104285e-12     2.919047123e-11     2.640942838e-11
30    -1.573878231e-12     1.631681985e-11     1.474294162e-11
31    -8.923156758e-13     9.137385792e-12     8.245070117e-12
32     -5.06745742e-13     5.125637608e-12     4.618891866e-12
33    -2.882255032e-13     2.879823337e-12     2.591597834e-12
34    -1.641713549e-13     1.620439272e-12     1.456267917e-12
35    -9.363576209e-14     9.130813733e-13     8.194456112e-13
36     -5.34719934e-14     5.151815511e-13     4.617095577e-13
37     -3.05714316e-14     2.910399122e-13     2.604684806e-13
38    -1.749756818e-14     1.646100222e-13      1.47112454e-13
39    -1.002496166e-14     9.320601383e-14     8.318105217e-14
40    -5.749154485e-15     5.283116214e-14     4.708200765e-14
41    -3.300022117e-15     2.997585198e-14     2.667582986e-14
42    -1.895827133e-15     1.702418671e-14     1.512835958e-14
43    -1.090005872e-15      9.67730845e-15     8.587302578e-15
44    -6.271739205e-16     5.505762853e-15     4.878588932e-15
45    -3.611257777e-16     3.135001549e-15     2.773875771e-15
46    -2.080769402e-16     1.786484172e-15     1.578407232e-15
47    -1.199690429e-16     1.018794589e-15     8.988255465e-16
48    -6.921179536e-17      5.81414693e-16     5.122028976e-16
49                   0                   0                   0
50                   0                   0                   0
51                   0                   0                   0
52                   0                   0                   0
53                   0                   0                   0
54                   0                   0                   0
55                   0                   0                   0
56                   0                   0                   0
57                   0                   0                   0
58                   0                   0                   0
59                   0                   0                   0
60                   0                   0                   0
61                   0                   0                   0
62                   0                   0                   0
63                   0                   0                   0
64                   0                   0                   0
65                   0                   0                   0
66                   0                   0                   0
67                   0                   0                   0
68                   0                   0                   0
69                   0                   0                   0
70                   0                   0                   0
71                   0                   0                   0
72                   0                   0                   0
73                   0                   0                   0
74                   0                   0                   0
75                   0                   0                   0
76                   0                   0                   0
77                   0                   0                   0
78                   0                   0                   0
79                   0                   0                   0
80                   0                   0                   0
81                   0                   0                   0
82                   0                   0                   0
83                   0                   0                   0
84                   0                   0                   0
85                   0                   0                   0
86                   0                   0                   0
87                   0                   0                   0
88                   0                   0                   0
89                   0                   0                   0
90                   0                   0                   0
91                   0                   0                   0
92                   0                   0                   0
93                   0                   0                   0
94                   0                   0                   0
95                   0                   0                   0
