
0                   0                   0                   0
1      0.005086180447       0.04413878183       0.04922496228
2     -0.001380039356      0.006862434981      0.005482395625
3     -0.000281679679      0.001623432445      0.001341752766
4    -7.014142721e-05     0.0005121878093     0.0004420463821
5    -2.227133398e-05     0.0001918251549     0.0001695538209
6    -8.372516115e-06     7.959981529e-05     7.122729917e-05
7    -3.500773586e-06     3.527163249e-05      3.17708589e-05
8    -1.568064119e-06     1.635147115e-05     1.478340703e-05
9    -7.363436062e-07     7.834044186e-06      7.09770058e-06
10    -3.578166044e-07     3.848513083e-06     3.490696478e-06
11    -1.784305757e-07     1.928189777e-06     1.749759201e-06
12    -9.079008662e-08      9.81523111e-07     8.907330244e-07
13    -4.694805388e-08      5.06204197e-07     4.592561431e-07
14    -2.459930078e-08     2.639379047e-07      2.39338604e-07
15    -1.303124046e-08        1.389033e-07     1.258720596e-07
16    -6.967221627e-09     7.368719704e-08     6.671997541e-08
17    -3.754540062e-09     3.936271291e-08     3.560817284e-08
18    -2.037074944e-09     2.115534819e-08     1.911827325e-08
19    -1.111805412e-09     1.143116897e-08     1.031936356e-08
20    -6.099696753e-10     6.206403031e-09     5.596433356e-09
21    -3.361896675e-10     3.384166224e-09     3.047976556e-09
22    -1.860534843e-10     1.852428221e-09     1.666374737e-09
23    -1.033433674e-10     1.017538255e-09     9.141948879e-10
24    -5.759168334e-11     5.607158071e-10     5.031241238e-10
25    -3.219084395e-11     3.098833846e-10     2.776925407e-10
26     -1.80418737e-11     1.717167819e-10     1.536749082e-10
27    -1.013687288e-11     9.538808023e-11     8.525120735e-11
28    -5.708323142e-12     5.310811559e-11     4.739979244e-11
29    -3.221180905e-12     2.963060929e-11     2.640942838e-11
30    -1.821179062e-12     1.656412068e-11     1.474294162e-11
31    -1.031473094e-12     9.276543211e-12     8.245070117e-12
32    -5.851596253e-13     5.204051492e-12     4.618891866e-12
33    -3.324690917e-13     2.924066926e-12     2.591597834e-12
34    -1.891659672e-13     1.645433885e-12     1.456267917e-12
35    -1.077725797e-13     9.272181909e-13     8.194456112e-13
36    -6.147658062e-14     5.231861383e-13     4.617095577e-13
37    -3.510858241e-14      2.95577063e-13     2.604684806e-13
38    -2.007188099e-14      1.67184335e-13      1.47112454e-13
39    -1.148697656e-14     9.466802872e-14     8.318105217e-14
40    -6.580219011e-15     5.366222667e-14     4.708200765e-14
41    -3.772837563e-15     3.044866742e-14     2.667582986e-14
42    -2.165045879e-15     1.729340546e-14     1.512835958e-14
43    -1.243417965e-15     9.830720542e-15     8.587302578e-15
44    -7.146601164e-16     5.593249049e-15     4.878588932e-15
45    -4.110522712e-16     3.184928043e-15     2.773875771e-15
46    -2.365885035e-16     1.814995736e-15     1.578407232e-15
47    -1.362618938e-16      1.03508744e-15     8.988255465e-16
48    -7.852818458e-17     5.907310822e-16     5.122028976e-16
49                   0                   0                   0
50                   0                   0                   0
51                   0                   0                   0
52                   0                   0                   0
53                   0                   0                   0
54                   0                   0                   0
55                   0                   0                   0
56                   0                   0                   0
57                   0                   0                   0
58                   0                   0                   0
59                   0                   0                   0
60                   0                   0                   0
61                   0                   0                   0
62                   0                   0                   0
63                   0                   0                   0
64                   0                   0                   0
65                   0                   0                   0
66                   0                   0                   0
67                   0                   0                   0
68                   0                   0                   0
69                   0                   0                   0
70                   0                   0                   0
71                   0                   0                   0
72                   0                   0                   0
73                   0                   0                   0
74                   0                   0                   0
75                   0                   0                   0
76                   0                   0                   0
77                   0                   0                   0
78                   0                   0                   0
79                   0                   0                   0
80                   0                   0                   0
81                   0                   0                   0
82                   0                   0                   0
83                   0                   0                   0
84                   0                   0                   0
85                   0                   0                   0
86                   0                   0                   0
87                   0                   0                   0
88                   0                   0                   0
89                   0                   0                   0
90                   0                   0                   0
91                   0                   0                   0
92                   0                   0                   0
93                   0                   0                   0
94                   0                   0                   0
95                   0                   0                   0
