
0                   0                   0                   0
1       0.01983865133       0.03081738122       0.05065603254
2    -0.0001553212673      0.006483771702      0.006328450435
3    -0.0001407587467      0.002013306996      0.001872548249
4    -4.569975049e-05      0.000833802545     0.0007881027945
5    -1.626094316e-05     0.0004183393501      0.000402078407
6    -6.692153204e-06     0.0002382582541     0.0002315661009
7    -3.124552886e-06     0.0001480576748     0.0001449331219
8    -1.612264094e-06     9.798125016e-05     9.636898607e-05
9    -8.999300318e-07     6.798627545e-05     6.708634542e-05
10    -5.347795914e-07     4.894400366e-05     4.840922407e-05
11    -3.343613569e-07     3.628747413e-05     3.595311277e-05
12    -2.180188986e-07     2.755739268e-05     2.733937378e-05
13    -1.472549171e-07      2.13486791e-05     2.120142419e-05
14    -1.024815913e-07     1.681854993e-05     1.671606834e-05
15    -7.318017506e-08     1.344049885e-05     1.336731867e-05
16    -5.343585586e-08     1.087404028e-05     1.082060443e-05
17    -3.978775492e-08     8.892345125e-06      8.85255737e-06
18    -3.013938788e-08     7.340348094e-06     7.310208706e-06
19    -2.318143228e-08     6.109614787e-06     6.086433355e-06
20    -1.807375191e-08     5.122785371e-06     5.104711619e-06
21    -1.426408964e-08      4.32367688e-06      4.30941279e-06
22    -1.138146214e-08     3.670829597e-06     3.659448135e-06
23    -9.171727265e-09      3.13320577e-06     3.124034043e-06
24    -7.457661141e-09     2.687265625e-06     2.679807964e-06
25    -6.113658308e-09     2.314943794e-06     2.308830135e-06
26    -5.049366488e-09     2.002225904e-06     1.997176538e-06
27    -4.198900227e-09     1.738132338e-06     1.733933438e-06
28    -3.513608061e-09     1.513982726e-06     1.510469118e-06
29    -2.957144885e-09     1.322856911e-06     1.319899766e-06
30    -2.502065192e-09     1.159195281e-06     1.156693216e-06
31    -2.127435499e-09     1.018499264e-06     1.016371829e-06
32    -1.817139749e-09     8.971046133e-07     8.952874736e-07
33    -1.558662268e-09     7.920082056e-07     7.904495433e-07
34    -1.342204023e-09     7.007345735e-07     6.993923694e-07
35    -1.160034233e-09     6.212322137e-07     6.200721794e-07
36    -1.006010024e-09     5.517924213e-07     5.507864112e-07
37    -8.752173229e-10     4.909853006e-07     4.901100833e-07
38    -7.637000712e-10     4.376089803e-07     4.368452803e-07
39    -6.682543819e-10     3.906490532e-07     3.899807988e-07
40    -5.862708583e-10     3.492459886e-07     3.486597178e-07
41    -5.156129318e-10     3.126688045e-07     3.121531916e-07
42    -4.545223426e-10     2.802936821e-07     2.798391598e-07
43    -4.015452292e-10     2.515865093e-07     2.511849641e-07
44    -3.554739745e-10      2.26088562e-07      2.25733088e-07
45    -3.153011803e-10     2.034047065e-07     2.030894053e-07
46    -2.801830343e-10      1.83193638e-07      1.82913455e-07
47    -2.494099993e-10     1.651597695e-07     1.649103595e-07
48    -2.223832399e-10      1.49046467e-07     1.488240837e-07
49    -1.985955711e-10     1.346303857e-07     1.344317902e-07
50    -1.776159907e-10     1.217167127e-07     1.215390967e-07
51    -1.590770651e-10     1.101351555e-07     1.099760785e-07
52    -1.426645974e-10     9.973655062e-08     9.959388602e-08
53    -1.281091317e-10     9.038998631e-08     9.026187718e-08
54    -1.151789392e-10     8.198035502e-08     8.186517608e-08
55    -1.036742057e-10     7.440626501e-08      7.43025908e-08
56    -9.342219843e-11       6.7578254e-08     6.748483181e-08
57    -8.427323186e-11     6.141725715e-08     6.133298392e-08
58    -7.609729058e-11     5.585328977e-08     5.577719248e-08
59    -6.878119231e-11     5.082431221e-08     5.075553102e-08
60    -6.222619785e-11     4.627524931e-08     4.621302312e-08
61    -5.634599135e-11     4.215714164e-08     4.210079565e-08
62    -5.106496872e-11     3.842640922e-08     3.837534425e-08
63    -4.631678336e-11     3.504421156e-08     3.499789478e-08
64      -4.2043107e-11     3.197589032e-08     3.193384721e-08
65    -3.819257137e-11     2.919048301e-08     2.915229044e-08
66    -3.471986202e-11     2.666029797e-08      2.66255781e-08
67    -3.158494051e-11     2.436054218e-08     2.432895724e-08
68    -2.875237545e-11     2.226899491e-08     2.224024254e-08
69    -2.619076562e-11     2.036572095e-08     2.033953018e-08
70    -2.387224177e-11     1.863281837e-08     1.860894613e-08
71    -2.177203512e-11     1.705419629e-08     1.703242425e-08
72    -1.986810323e-11     1.561537872e-08     1.559551062e-08
73    -1.814080477e-11     1.430333131e-08      1.42851905e-08
74    -1.657261633e-11       1.3106308e-08     1.308973539e-08
75    -1.514788544e-11     1.201371523e-08     1.199856734e-08
76    -1.385261473e-11      1.10159914e-08     1.100213879e-08
77    -1.267427308e-11     1.010449996e-08     1.009182568e-08
78    -1.160162998e-11     9.271434175e-09     9.259832545e-09
79    -1.062461015e-11     8.509732529e-09     8.499107919e-09
80    -9.734165669e-12     7.813003214e-09     7.803269048e-09
81                   0                   0                   0
82                   0                   0                   0
83                   0                   0                   0
84                   0                   0                   0
85                   0                   0                   0
86                   0                   0                   0
87                   0                   0                   0
88                   0                   0                   0
89                   0                   0                   0
90                   0                   0                   0
91                   0                   0                   0
92                   0                   0                   0
93                   0                   0                   0
94                   0                   0                   0
95                   0                   0                   0
96                   0                   0                   0
97                   0                   0                   0
98                   0                   0                   0
99                   0                   0                   0
100                   0                   0                   0
101                   0                   0                   0
102                   0                   0                   0
103                   0                   0                   0
104                   0                   0                   0
105                   0                   0                   0
106                   0                   0                   0
107                   0                   0                   0
108                   0                   0                   0
109                   0                   0                   0
110                   0                   0                   0
111                   0                   0                   0
112                   0                   0                   0
113                   0                   0                   0
114                   0                   0                   0
115                   0                   0                   0
116                   0                   0                   0
117                   0                   0                   0
118                   0                   0                   0
119                   0                   0                   0
120                   0                   0                   0
121                   0                   0                   0
122                   0                   0                   0
123                   0                   0                   0
124                   0                   0                   0
125                   0                   0                   0
126                   0                   0                   0
127                   0                   0                   0
128                   0                   0                   0
129                   0                   0                   0
130                   0                   0                   0
131                   0                   0                   0
132                   0                   0                   0
133                   0                   0                   0
134                   0                   0                   0
135                   0                   0                   0
136                   0                   0                   0
137                   0                   0                   0
138                   0                   0                   0
139                   0                   0                   0
140                   0                   0                   0
141                   0                   0                   0
142                   0                   0                   0
143                   0                   0                   0
144                   0                   0                   0
145                   0                   0                   0
146                   0                   0                   0
147                   0                   0                   0
148                   0                   0                   0
149                   0                   0                   0
150                   0                   0                   0
151                   0                   0                   0
152                   0                   0                   0
153                   0                   0                   0
154                   0                   0                   0
155                   0                   0                   0
156                   0                   0                   0
157                   0                   0                   0
158                   0                   0                   0
159                   0                   0                   0
