
0                   0                   0                   0
1      0.006004278692       0.04465175385       0.05065603254
2      -0.00121167059      0.007540121025      0.006328450435
3    -0.0002371652079      0.002109713457      0.001872548249
4    -5.611608106e-05     0.0008442188756     0.0007881027945
5    -1.760746675e-05     0.0004196858737      0.000402078407
6    -6.907062542e-06     0.0002384731635     0.0002315661009
7    -3.168726625e-06     0.0001481018486     0.0001449331219
8    -1.624474325e-06     9.799346039e-05     9.636898607e-05
9    -9.046200655e-07     6.799096548e-05     6.708634542e-05
10    -5.372445277e-07      4.89464686e-05     4.840922407e-05
11    -3.359953947e-07     3.628910817e-05     3.595311277e-05
12    -2.192600687e-07     2.755863385e-05     2.733937378e-05
13    -1.482661138e-07      2.13496903e-05     2.120142419e-05
14    -1.033348547e-07     1.681940319e-05     1.671606834e-05
15    -7.391348208e-08     1.344123215e-05     1.336731867e-05
16    -5.407264998e-08     1.087467708e-05     1.082060443e-05
17    -4.034436564e-08     8.892901736e-06      8.85255737e-06
18    -3.062814512e-08     7.340836851e-06     7.310208706e-06
19    -2.361212103e-08     6.110045476e-06     6.086433355e-06
20    -1.845437379e-08     5.123165993e-06     5.104711619e-06
21    -1.460130962e-08       4.3240141e-06      4.30941279e-06
22    -1.168089828e-08     3.671129033e-06     3.659448135e-06
23    -9.438154369e-09     3.133472197e-06     3.124034043e-06
24    -7.695162236e-09     2.687503126e-06     2.679807964e-06
25    -6.325741952e-09     2.315155877e-06     2.308830135e-06
26    -5.239059942e-09     2.002415598e-06     1.997176538e-06
27    -4.368824829e-09     1.738302262e-06     1.733933438e-06
28    -3.666040938e-09     1.514135159e-06     1.510469118e-06
29    -3.094069956e-09     1.322993836e-06     1.319899766e-06
30    -2.625215612e-09     1.159318431e-06     1.156693216e-06
31    -2.238329187e-09     1.018610158e-06     1.016371829e-06
32    -1.917109265e-09     8.972045829e-07     8.952874736e-07
33    -1.648880061e-09     7.920984234e-07     7.904495433e-07
34    -1.423703834e-09     7.008160733e-07     6.993923694e-07
35    -1.233729317e-09     6.213059088e-07     6.200721794e-07
36    -1.072708706e-09     5.518591199e-07     5.507864112e-07
37    -9.356363274e-10     4.910457196e-07     4.901100833e-07
38    -8.184759751e-10     4.376637562e-07     4.368452803e-07
39    -7.179534807e-10     3.906987523e-07     3.899807988e-07
40    -6.313976915e-10     3.492911154e-07     3.486597178e-07
41     -5.56617667e-10     3.127098092e-07     3.121531916e-07
42     -4.91807187e-10      2.80330967e-07     2.798391598e-07
43    -4.354700096e-10     2.516204341e-07     2.511849641e-07
44    -3.863610049e-10      2.26119449e-07      2.25733088e-07
45    -3.434395153e-10     2.034328449e-07     2.030894053e-07
46    -3.058321962e-10     1.832192872e-07      1.82913455e-07
47    -2.728032478e-10     1.651831628e-07     1.649103595e-07
48     -2.43730447e-10     1.490678142e-07     1.488240837e-07
49    -2.180857534e-10     1.346498759e-07     1.344317902e-07
50    -1.954195437e-10     1.217345163e-07     1.215390967e-07
51    -1.753477369e-10     1.101514262e-07     1.099760785e-07
52    -1.575412366e-10     9.975142726e-08     9.959388602e-08
53    -1.417172359e-10     9.040359442e-08     9.026187718e-08
54    -1.276320298e-10     8.199280811e-08     8.186517608e-08
55    -1.150750502e-10     7.441766585e-08      7.43025908e-08
56    -1.038638979e-10      6.75886957e-08     6.748483181e-08
57    -9.384019056e-11     6.142682411e-08     6.133298392e-08
58    -8.486608062e-11     5.586205856e-08     5.577719248e-08
59    -7.682132651e-11     5.083235235e-08     5.075553102e-08
60    -6.960082067e-11     4.628262394e-08     4.621302312e-08
61    -6.311249753e-11     4.216390815e-08     4.210079565e-08
62    -5.727555776e-11     3.843261981e-08     3.837534425e-08
63    -5.201895689e-11     3.504991374e-08     3.499789478e-08
64    -4.728011545e-11     3.198112733e-08     3.193384721e-08
65    -4.300381544e-11     2.919529425e-08     2.915229044e-08
66    -3.914125384e-11     2.666471936e-08      2.66255781e-08
67    -3.564922887e-11     2.436460647e-08     2.432895724e-08
68    -3.248943881e-11     2.227273197e-08     2.224024254e-08
69    -2.962787645e-11     2.036915806e-08     2.033953018e-08
70    -2.703430508e-11     1.863598043e-08     1.860894613e-08
71    -2.468180395e-11     1.705710606e-08     1.703242425e-08
72    -2.254637345e-11     1.561805699e-08     1.559551062e-08
73    -2.060659121e-11      1.43057971e-08      1.42851905e-08
74     -1.88433123e-11      1.31085787e-08     1.308973539e-08
75    -1.723940717e-11     1.201580675e-08     1.199856734e-08
76    -1.577953231e-11     1.101791832e-08     1.100213879e-08
77    -1.444992916e-11     1.010627561e-08     1.009182568e-08
78    -1.323824753e-11     9.273070792e-09     9.259832545e-09
79    -1.213339029e-11     8.511241309e-09     8.499107919e-09
80    -1.112537656e-11     7.814394425e-09     7.803269048e-09
81                   0                   0                   0
82                   0                   0                   0
83                   0                   0                   0
84                   0                   0                   0
85                   0                   0                   0
86                   0                   0                   0
87                   0                   0                   0
88                   0                   0                   0
89                   0                   0                   0
90                   0                   0                   0
91                   0                   0                   0
92                   0                   0                   0
93                   0                   0                   0
94                   0                   0                   0
95                   0                   0                   0
96                   0                   0                   0
97                   0                   0                   0
98                   0                   0                   0
99                   0                   0                   0
100                   0                   0                   0
101                   0                   0                   0
102                   0                   0                   0
103                   0                   0                   0
104                   0                   0                   0
105                   0                   0                   0
106                   0                   0                   0
107                   0                   0                   0
108                   0                   0                   0
109                   0                   0                   0
110                   0                   0                   0
111                   0                   0                   0
112                   0                   0                   0
113                   0                   0                   0
114                   0                   0                   0
115                   0                   0                   0
116                   0                   0                   0
117                   0                   0                   0
118                   0                   0                   0
119                   0                   0                   0
120                   0                   0                   0
121                   0                   0                   0
122                   0                   0                   0
123                   0                   0                   0
124                   0                   0                   0
125                   0                   0                   0
126                   0                   0                   0
127                   0                   0                   0
128                   0                   0                   0
129                   0                   0                   0
130                   0                   0                   0
131                   0                   0                   0
132                   0                   0                   0
133                   0                   0                   0
134                   0                   0                   0
135                   0                   0                   0
136                   0                   0                   0
137                   0                   0                   0
138                   0                   0                   0
139                   0                   0                   0
140                   0                   0                   0
141                   0                   0                   0
142                   0                   0                   0
143                   0                   0                   0
144                   0                   0                   0
145                   0                   0                   0
146                   0                   0                   0
147                   0                   0                   0
148                   0                   0                   0
149                   0                   0                   0
150                   0                   0                   0
151                   0                   0                   0
152                   0                   0                   0
153                   0                   0                   0
154                   0                   0                   0
155                   0                   0                   0
156                   0                   0                   0
157                   0                   0                   0
158                   0                   0                   0
159                   0                   0                   0
