
0                             0                             0                             0
1           0.01922647886191668           0.03103332200791963           0.05025980086983631
2        -0.0002567819140641796          0.006307934923076565          0.006051153009012386
3        -0.0001653431491499069          0.001836257982937515          0.001670914833787608
4        -5.371154586696514e-05         0.0006918004982942656         0.0006380889524273004
5         -1.94027279793166e-05         0.0003080064948939309         0.0002886037669146143
6        -8.053660215859385e-06         0.0001526403121986603          0.000144586651982801
7         -3.73962293260845e-06         8.124864536359419e-05         7.750902243098575e-05
8        -1.887605824501524e-06         4.547007054422238e-05         4.358246471972085e-05
9         -1.01350713700193e-06         2.639968280550742e-05         2.538617566850549e-05
10        -5.700843691199443e-07         1.576247146234598e-05         1.519238709322603e-05
11        -3.323450004345262e-07         9.620168850759544e-06         9.287823850325018e-06
12        -1.992736864940959e-07         5.975901575905425e-06         5.776627889411329e-06
13        -1.222063616391808e-07         3.766242666549497e-06         3.644036304910317e-06
14        -7.633267322069979e-08         2.402450939053753e-06         2.326118265833054e-06
15        -4.840863515033344e-08         1.548229552660085e-06         1.499820917509751e-06
16        -3.109311378277588e-08         1.006501744800949e-06         9.754086310181736e-07
17        -2.018806991392489e-08         6.592982641077379e-07          6.39110194193813e-07
18        -1.322950810929063e-08         4.347329753946242e-07         4.215034672853336e-07
19        -8.739123458655271e-09         2.883331694046345e-07         2.795940459459792e-07
20        -5.813297744533695e-09          1.92226447587496e-07         1.864131498429623e-07
21        -3.890805992536451e-09         1.287473907191496e-07         1.248565847266132e-07
22         -2.61825005535724e-09         8.658982782958423e-08         8.397157777422699e-08
23        -1.770425466512291e-09         5.845532939591768e-08         5.668490392940539e-08
24        -1.202315654099109e-09          3.95967688876376e-08         3.839445323353849e-08
25        -8.196807045243595e-10         2.690563056890133e-08         2.608594986437697e-08
26        -5.607810701489167e-10          1.83341279668094e-08         1.777334689666048e-08
27        -3.848779589203469e-10         1.252595079328777e-08         1.214107283436742e-08
28        -2.649173784413451e-10         8.578392275734329e-09         8.313474897292984e-09
29        -1.828299588194992e-10         5.887992014416174e-09         5.705162055596675e-09
30        -1.264848139939137e-10         4.049715440558578e-09         3.923230626564664e-09
31        -8.769988879064348e-11         2.790711897330047e-09         2.703012008539404e-09
32        -6.093322894963389e-11         1.926558802409883e-09         1.865625573460249e-09
33        -4.241668682981012e-11         1.332218315297617e-09         1.289801628467807e-09
34        -2.957920913075489e-11         9.226740874564449e-10         8.930948783256901e-10
35        -2.066091505947444e-11         6.399693994598448e-10         6.193084844003703e-10
36        -1.445362957820843e-11         4.444981499369908e-10         4.300445203587824e-10
37        -1.012568670453268e-11         3.091332943969886e-10          2.99007607692456e-10
38        -7.103168985178184e-12         2.152557825733468e-10         2.081526135881686e-10
39        -4.989113668353274e-12         1.500610056440545e-10         1.450718919757012e-10
40        -3.508366271575179e-12          1.04726829446979e-10         1.012184631754038e-10
41        -2.469825404922049e-12         7.316448637601903e-11         7.069466097109698e-11
42        -1.740521646957043e-12         5.116489002561049e-11         4.942436837865344e-11
43        -1.227774949701693e-12         3.581392163076727e-11         3.458614668106557e-11
44        -8.668832597220976e-13         2.509112517781123e-11         2.422424191808914e-11
45        -6.126086792968763e-13         1.759375406245968e-11          1.69811453831628e-11
46        -4.332775378209228e-13         1.234667390667402e-11         1.191339636885309e-11
47         -3.06683924898182e-13         8.671188546884975e-12         8.364504621986793e-12
48        -2.172402617470069e-13         6.094381392077553e-12         5.877141130330546e-12
49        -1.539919336924765e-13         4.286364431115806e-12          4.13237249742333e-12
50        -1.092317714555211e-13         3.016782583948277e-12         2.907550812492756e-12
51        -7.753170708074212e-14         2.124624508040014e-12         2.047092800959272e-12
52        -5.506504848516376e-14         1.497242529502358e-12         1.442177481017195e-12
53        -3.913152844663839e-14         1.055754973782672e-12         1.016623445336034e-12
54        -2.782404571902508e-14         7.448777112186054e-13         7.170536654995803e-13
55        -1.979455388659178e-14         5.258333334510996e-13         5.060387795645079e-13
56        -1.408941894639896e-14         3.714013729996361e-13         3.573119540532371e-13
57        -1.003351098417165e-14         2.624596941094317e-13           2.5242618312526e-13
58        -7.148524004781469e-15         1.855655613706919e-13         1.784170373659104e-13
59        -5.095362288258926e-15         1.312623407725537e-13         1.261669784842948e-13
60        -3.633466102847936e-15         9.289314523549192e-14         8.925967913264399e-14
61        -2.592072082387179e-15         6.576897534467801e-14         6.317690326229083e-14
62        -1.849890095056534e-15         4.658497239471477e-14         4.473508229965823e-14
63        -1.320720829714652e-15         3.301047439213494e-14         3.168975356242028e-14
64        -9.432701453269868e-16         2.340092075171966e-14         2.245765060639267e-14
65        -6.739305722778037e-16         1.659524878420575e-14         1.592131821192795e-14
66        -4.816622278171134e-16         1.177331815254414e-14         1.129165592472703e-14
67         -3.44360261899502e-16         8.355514230023183e-15         8.011153968123681e-15
68        -2.462756031214513e-16          5.93200911023509e-15         5.685733507113639e-15
69        -1.761825305247416e-16         4.212889920127454e-15         4.036707389602713e-15
70        -1.260761071352013e-16         2.992978858815331e-15          2.86690275168013e-15
71        -9.024577090331418e-17         2.127003364074252e-15         2.036757593170938e-15
72         -6.46161211245768e-17         1.512062114735819e-15         1.447445993611242e-15
73        -4.627760719431016e-17         1.075236815833319e-15         1.028959208639009e-15
74        -3.315225756634758e-17         7.648353157423989e-16         7.316830581760514e-16
75        -2.375548537463886e-17         5.441986767299926e-16         5.204431913553537e-16
76        -1.702628297930423e-17         3.873194852538056e-16         3.702932022745014e-16
77        -1.220611978778509e-17         2.757402972608335e-16         2.635341774730484e-16
78         -8.75253988191549e-18         1.963572789679543e-16         1.876047390860388e-16
79        -6.277493100607961e-18         1.398642145352146e-16         1.335867214346066e-16
80        -4.503303102136958e-18          9.96497333486524e-17         9.514643024651544e-17
81        -3.231217101262954e-18         7.101544164705043e-17         6.778422454578748e-17
82        -2.318934463244755e-18          5.06213668099964e-17         4.830243234675165e-17
83        -1.664545413078576e-18         3.609248367940819e-17         3.442793826632961e-17
84        -1.195047651815786e-18         2.573943417585204e-17         2.454438652403625e-17
85        -8.581335086523573e-19         1.836023086336866e-17          1.75020973547163e-17
86        -6.163144031529073e-19         1.309941410607365e-17         1.248309970292074e-17
87        -4.427162220903694e-19         9.347983906332833e-18         8.905267684242464e-18
88        -3.180695860976329e-19         6.672279478564209e-18         6.354209892466576e-18
89        -2.285548534600397e-19         4.763417014357283e-18         4.534862160897243e-18
90          -1.6425871908789e-19         3.401332305549701e-18         3.237073586461811e-18
91        -1.180685554066781e-19         2.429202185731972e-18         2.311133630325294e-18
92        -8.488014737354983e-20         1.735243872531829e-18         1.650363725158279e-18
93        -6.102985620232185e-20          1.23976055234275e-18         1.178730696140428e-18
94        -4.388754278759426e-20         8.859185302165484e-19         8.420309874289541e-19
95          -3.1564672887993e-20         6.331793364754579e-19         6.016146635874649e-19
96        -2.270496804839789e-20         4.526213222473681e-19         4.299163541989703e-19
97                             0                             0                             0
98                             0                             0                             0
99                             0                             0                             0
100                             0                             0                             0
101                             0                             0                             0
102                             0                             0                             0
103                             0                             0                             0
104                             0                             0                             0
105                             0                             0                             0
106                             0                             0                             0
107                             0                             0                             0
108                             0                             0                             0
109                             0                             0                             0
110                             0                             0                             0
111                             0                             0                             0
112                             0                             0                             0
113                             0                             0                             0
114                             0                             0                             0
115                             0                             0                             0
116                             0                             0                             0
117                             0                             0                             0
118                             0                             0                             0
119                             0                             0                             0
120                             0                             0                             0
121                             0                             0                             0
122                             0                             0                             0
123                             0                             0                             0
124                             0                             0                             0
125                             0                             0                             0
126                             0                             0                             0
127                             0                             0                             0
128                             0                             0                             0
129                             0                             0                             0
130                             0                             0                             0
131                             0                             0                             0
132                             0                             0                             0
133                             0                             0                             0
134                             0                             0                             0
135                             0                             0                             0
136                             0                             0                             0
137                             0                             0                             0
138                             0                             0                             0
139                             0                             0                             0
140                             0                             0                             0
141                             0                             0                             0
142                             0                             0                             0
143                             0                             0                             0
144                             0                             0                             0
145                             0                             0                             0
146                             0                             0                             0
147                             0                             0                             0
148                             0                             0                             0
149                             0                             0                             0
150                             0                             0                             0
151                             0                             0                             0
152                             0                             0                             0
153                             0                             0                             0
154                             0                             0                             0
155                             0                             0                             0
156                             0                             0                             0
157                             0                             0                             0
158                             0                             0                             0
159                             0                             0                             0
160                             0                             0                             0
161                             0                             0                             0
162                             0                             0                             0
163                             0                             0                             0
164                             0                             0                             0
165                             0                             0                             0
166                             0                             0                             0
167                             0                             0                             0
168                             0                             0                             0
169                             0                             0                             0
170                             0                             0                             0
171                             0                             0                             0
172                             0                             0                             0
173                             0                             0                             0
174                             0                             0                             0
175                             0                             0                             0
176                             0                             0                             0
177                             0                             0                             0
178                             0                             0                             0
179                             0                             0                             0
180                             0                             0                             0
181                             0                             0                             0
182                             0                             0                             0
183                             0                             0                             0
184                             0                             0                             0
185                             0                             0                             0
186                             0                             0                             0
187                             0                             0                             0
188                             0                             0                             0
189                             0                             0                             0
190                             0                             0                             0
191                             0                             0                             0
