
0                             0                             0                             0
1          0.005680006238104614           0.04457979463173169           0.05025980086983631
2         -0.001276610279318502          0.007327763288330888          0.006051153009012386
3        -0.0002571572270960065          0.001928072060883615          0.001670914833787608
4         -6.38854254030334e-05         0.0007019743778303338         0.0006380889524273004
5         -2.10329104405085e-05         0.0003096366773551228         0.0002886037669146143
6        -8.529834052518469e-06         0.0001531164860353194          0.000144586651982801
7        -3.966715890901202e-06         8.147573832188695e-05         7.750902243098575e-05
8        -2.020238470970961e-06         4.560270319069181e-05         4.358246471972085e-05
9        -1.096174568741371e-06         2.648235023724686e-05         2.538617566850549e-05
10        -6.228788949866827e-07         1.581526598821271e-05         1.519238709322603e-05
11        -3.664934264218117e-07         9.654317276746829e-06         9.287823850325018e-06
12        -2.215570768709704e-07         5.998184966282299e-06         5.776627889411329e-06
13        -1.368507782579087e-07         3.780887083168225e-06         3.644036304910317e-06
14        -8.601560544395439e-08         2.412133871277008e-06         2.326118265833054e-06
15        -5.484551075648979e-08         1.554666428266241e-06         1.499820917509751e-06
16        -3.539273354892088e-08         1.010801364567094e-06         9.754086310181736e-07
17        -2.307253456720612e-08         6.621827287610191e-07          6.39110194193813e-07
18        -1.517219796604502e-08         4.366756652513786e-07         4.215034672853336e-07
19        -1.005220244163817e-08         2.896462483876174e-07         2.795940459459792e-07
20         -6.70371290022203e-09         1.931168627431843e-07         1.864131498429623e-07
21         -4.49641157914652e-09         1.293529963057597e-07         1.248565847266132e-07
22        -3.031276541611016e-09         8.700285431583801e-08         8.397157777422699e-08
23        -2.052824684166262e-09         5.873772861357165e-08         5.668490392940539e-08
24        -1.395852497896892e-09         3.979030573143539e-08         3.839445323353849e-08
25        -9.526049546057592e-10         2.703855481898273e-08         2.608594986437697e-08
26        -6.522594887617255e-10         1.842560638542221e-08         1.777334689666048e-08
27        -4.479514795293936e-10         1.258902431389681e-08         1.214107283436742e-08
28        -3.084821511770706e-10         8.621957048470055e-09         8.313474897292984e-09
29        -2.129693770843253e-10            5.918131432681e-09         5.705162055596675e-09
30         -1.47368198995387e-10         4.070598825560051e-09         3.923230626564664e-09
31          -1.0219071362175e-10         2.805202722161154e-09         2.703012008539404e-09
32        -7.100195658862558e-11         1.936627530048875e-09         1.865625573460249e-09
33        -4.942174239324891e-11         1.339223370861056e-09         1.289801628467807e-09
34        -3.445868422196109e-11         9.275535625476512e-10         8.930948783256901e-10
35        -2.406367006138386e-11         6.433721544617542e-10         6.193084844003703e-10
36        -1.682914622146328e-11         4.468736665802457e-10         4.300445203587824e-10
37        -1.178577456997063e-11         3.107933822624266e-10          2.99007607692456e-10
38         -8.26442310935959e-12         2.164170366975282e-10         2.081526135881686e-10
39        -5.802179847107826e-12          1.50874071822809e-10         1.450718919757012e-10
40        -4.078146894099462e-12         1.052966100695033e-10         1.012184631754038e-10
41        -2.869452269430877e-12         7.356411324052785e-11         7.069466097109698e-11
42        -2.021032836724032e-12         5.144540121537748e-11         4.942436837865344e-11
43        -1.424825943862904e-12         3.601097262492848e-11         3.458614668106557e-11
44        -1.005407388329726e-12         2.522964930641886e-11         2.422424191808914e-11
45        -7.100575800572515e-13         1.769120296322006e-11          1.69811453831628e-11
46         -5.01876951487947e-13         1.241527332034104e-11         1.191339636885309e-11
47        -3.550058035784998e-13         8.719510425565293e-12         8.364504621986793e-12
48        -2.512995756043884e-13         6.128440705934934e-12         5.877141130330546e-12
49        -1.780126553696255e-13         4.310385152792955e-12          4.13237249742333e-12
50        -1.261823408236791e-13         3.033733153316435e-12         2.907550812492756e-12
51        -8.949969637259309e-14         2.136592497331865e-12         2.047092800959272e-12
52        -6.351954714921073e-14         1.505697028166405e-12         1.442177481017195e-12
53         -4.51070509619221e-14         1.061730496297956e-12         1.016623445336034e-12
54        -3.204953806459104e-14         7.491032035641714e-13         7.170536654995803e-13
55         -2.27839579667247e-14         5.288227375312326e-13         5.060387795645079e-13
56        -1.620529710862385e-14         3.735172511618609e-13         3.573119540532371e-13
57        -1.153177601320786e-14         2.639579591384679e-13           2.5242618312526e-13
58        -8.209907051894598e-15          1.86626944417805e-13         1.784170373659104e-13
59        -5.847565269165675e-15         1.320145437534605e-13         1.261669784842948e-13
60        -4.166766041231688e-15         9.342644517387567e-14         8.925967913264399e-14
61         -2.97031957290344e-15         6.614722283519427e-14         6.317690326229083e-14
62        -2.118265884944496e-15         4.685334818460273e-14         4.473508229965823e-14
63        -1.511209144326818e-15          3.32009627067471e-14         3.168975356242028e-14
64        -1.078522944293657e-15         2.353617355068633e-14         2.245765060639267e-14
65        -7.699971927701403e-16         1.669131540469809e-14         1.592131821192795e-14
66        -5.499185225829802e-16         1.184157444731001e-14         1.129165592472703e-14
67        -3.928726502933544e-16         8.404026618417035e-15         8.011153968123681e-15
68         -2.80766011947199e-16         5.966499519060838e-15         5.685733507113639e-15
69        -2.007113091514111e-16         4.237418698754124e-15         4.036707389602713e-15
70        -1.435255562068292e-16         3.010428307886959e-15          2.86690275168013e-15
71        -1.026626427984126e-16          2.13942023596935e-15         2.036757593170938e-15
72        -7.345432429645169e-17         1.520900317907694e-15         1.447445993611242e-15
73        -5.257026059009136e-17           1.0815294692291e-15         1.028959208639009e-15
74        -3.763370772527137e-17         7.693167659013227e-16         7.316830581760514e-16
75        -2.694787037225958e-17         5.473910617276133e-16         5.204431913553537e-16
76         -1.93009665981086e-17           3.8959416887261e-16         3.702932022745014e-16
77         -1.38273064223533e-17         2.773614838954017e-16         2.635341774730484e-16
78        -9.908249258805785e-18         1.975129883448446e-16         1.876047390860388e-16
79        -7.101565366238902e-18         1.406882868008455e-16         1.335867214346066e-16
80         -5.09103670774794e-18         1.002374669542634e-16         9.514643024651544e-17
81        -3.650485306164332e-18         7.143470985195181e-17         6.778422454578748e-17
82        -2.618090117155932e-18         5.092052246390758e-17         4.830243234675165e-17
83        -1.878043586942833e-18         3.630598185327244e-17         3.442793826632961e-17
84        -1.347446132554287e-18         2.589183265659054e-17         2.454438652403625e-17
85        -9.669399403997432e-19         1.846903729511604e-17          1.75020973547163e-17
86        -6.940131404859284e-19         1.317711284340667e-17         1.248309970292074e-17
87        -4.982116097559426e-19         9.403479293998406e-18         8.905267684242464e-18
88        -3.577139532898904e-19         6.711923845756467e-18         6.354209892466576e-18
89        -2.568808997993583e-19         4.791743060696602e-18         4.534862160897243e-18
90        -1.845014247858533e-19         3.421575011247664e-18         3.237073586461811e-18
91        -1.325371918270493e-19         2.443670822152343e-18         2.311133630325294e-18
92        -9.522350299134608e-20         1.745587228149626e-18         1.650363725158279e-18
93         -6.84253732092529e-20         1.247156069349681e-18         1.178730696140428e-18
94        -4.917622319522716e-20         8.912072106241813e-19         8.420309874289541e-19
95        -3.534732432558776e-20         6.369619879130526e-19         6.016146635874649e-19
96        -2.541088275817156e-20         4.553272369571418e-19         4.299163541989703e-19
97                             0                             0                             0
98                             0                             0                             0
99                             0                             0                             0
100                             0                             0                             0
101                             0                             0                             0
102                             0                             0                             0
103                             0                             0                             0
104                             0                             0                             0
105                             0                             0                             0
106                             0                             0                             0
107                             0                             0                             0
108                             0                             0                             0
109                             0                             0                             0
110                             0                             0                             0
111                             0                             0                             0
112                             0                             0                             0
113                             0                             0                             0
114                             0                             0                             0
115                             0                             0                             0
116                             0                             0                             0
117                             0                             0                             0
118                             0                             0                             0
119                             0                             0                             0
120                             0                             0                             0
121                             0                             0                             0
122                             0                             0                             0
123                             0                             0                             0
124                             0                             0                             0
125                             0                             0                             0
126                             0                             0                             0
127                             0                             0                             0
128                             0                             0                             0
129                             0                             0                             0
130                             0                             0                             0
131                             0                             0                             0
132                             0                             0                             0
133                             0                             0                             0
134                             0                             0                             0
135                             0                             0                             0
136                             0                             0                             0
137                             0                             0                             0
138                             0                             0                             0
139                             0                             0                             0
140                             0                             0                             0
141                             0                             0                             0
142                             0                             0                             0
143                             0                             0                             0
144                             0                             0                             0
145                             0                             0                             0
146                             0                             0                             0
147                             0                             0                             0
148                             0                             0                             0
149                             0                             0                             0
150                             0                             0                             0
151                             0                             0                             0
152                             0                             0                             0
153                             0                             0                             0
154                             0                             0                             0
155                             0                             0                             0
156                             0                             0                             0
157                             0                             0                             0
158                             0                             0                             0
159                             0                             0                             0
160                             0                             0                             0
161                             0                             0                             0
162                             0                             0                             0
163                             0                             0                             0
164                             0                             0                             0
165                             0                             0                             0
166                             0                             0                             0
167                             0                             0                             0
168                             0                             0                             0
169                             0                             0                             0
170                             0                             0                             0
171                             0                             0                             0
172                             0                             0                             0
173                             0                             0                             0
174                             0                             0                             0
175                             0                             0                             0
176                             0                             0                             0
177                             0                             0                             0
178                             0                             0                             0
179                             0                             0                             0
180                             0                             0                             0
181                             0                             0                             0
182                             0                             0                             0
183                             0                             0                             0
184                             0                             0                             0
185                             0                             0                             0
186                             0                             0                             0
187                             0                             0                             0
188                             0                             0                             0
189                             0                             0                             0
190                             0                             0                             0
191                             0                             0                             0
