
0                   0                   0                   0
1       0.01981103305       0.03083662168       0.05064765473
2    -0.0001601153254      0.006481369186       0.00632125386
3    -0.0001420346826      0.002008303153       0.00186626847
4     -4.61791649e-05     0.0008287522964     0.0007825731315
5    -1.648677709e-05     0.0004136659809     0.0003971792038
6    -6.814546606e-06      0.000234020233     0.0002272056864
7    -3.197176303e-06     0.0001442356318     0.0001410384555
8    -1.658121838e-06     9.453844945e-05     9.288032761e-05
9    -9.302141668e-07     6.488412604e-05     6.395391188e-05
10    -5.554576114e-07     4.614640437e-05     4.559094675e-05
11    -3.488425996e-07      3.37618982e-05      3.34130556e-05
12    -2.283590894e-07     2.527493323e-05     2.504657414e-05
13    -1.547483327e-07     1.928376562e-05     1.912901729e-05
14    -1.079724058e-07     1.494858177e-05     1.484060936e-05
15    -7.723537692e-08     1.174548272e-05     1.166824734e-05
16    -5.644576237e-08     9.336260751e-06     9.279814989e-06
17    -4.202673606e-08     7.496075047e-06     7.454048311e-06
18    -3.180378248e-08      6.07159777e-06     6.039793988e-06
19    -2.441390933e-08     4.955915821e-06     4.931501912e-06
20    -1.897935838e-08     4.073004618e-06     4.054025259e-06
21    -1.492105665e-08     3.367856111e-06     3.352935054e-06
22    -1.184862444e-08     2.800047008e-06     2.788198384e-06
23    -9.493706419e-09     2.339456016e-06     2.329962309e-06
24    -7.668542992e-09     1.963355588e-06     1.955687045e-06
25    -6.239638679e-09      1.65440175e-06     1.648162111e-06
26    -5.110678573e-09     1.399222122e-06     1.394111444e-06
27    -4.211234683e-09     1.187409483e-06     1.183198248e-06
28    -3.489170069e-09     1.010794684e-06     1.007305514e-06
29    -2.905448332e-09     8.629148844e-07     8.600094361e-07
30    -2.430534374e-09      7.38620182e-07     7.361896477e-07
31    -2.041864496e-09     6.337795645e-07        6.317377e-07
32    -1.722045556e-09     5.450589613e-07     5.433369158e-07
33                   0                   0                   0
34                   0                   0                   0
35                   0                   0                   0
36                   0                   0                   0
37                   0                   0                   0
38                   0                   0                   0
39                   0                   0                   0
40                   0                   0                   0
41                   0                   0                   0
42                   0                   0                   0
43                   0                   0                   0
44                   0                   0                   0
45                   0                   0                   0
46                   0                   0                   0
47                   0                   0                   0
48                   0                   0                   0
49                   0                   0                   0
50                   0                   0                   0
51                   0                   0                   0
52                   0                   0                   0
53                   0                   0                   0
54                   0                   0                   0
55                   0                   0                   0
56                   0                   0                   0
57                   0                   0                   0
58                   0                   0                   0
59                   0                   0                   0
60                   0                   0                   0
61                   0                   0                   0
62                   0                   0                   0
63                   0                   0                   0
