0                   0                   0                   0
1       0.01284276034       0.02968097445       0.04252373479
2    -0.0009191219834       0.00410386646      0.003184744477
3    -0.0002205836734     0.0006905988669     0.0004700151935
4    -4.561933707e-05     0.0001344896608     8.887032375e-05
5    -9.989789184e-06     2.905802209e-05     1.906823291e-05
6    -2.339434698e-06     6.754819149e-06     4.415384451e-06
7    -5.786856331e-07     1.654416824e-06     1.075731191e-06
8    -1.492497764e-07     4.210138338e-07     2.717640574e-07
9    -3.973141897e-08     1.102784006e-07      7.05469816e-08
10    -1.083712745e-08     2.954085683e-08     1.870372939e-08
11    -3.012727471e-09     8.055845066e-09     5.043117595e-09
12    -8.503597625e-10     2.229006562e-09       1.3786468e-09
13    -2.430003047e-10     6.242308744e-10     3.812305697e-10
14    -7.015167176e-11     1.765986097e-10      1.06446938e-10
15    -2.042567697e-11     5.039555974e-11     2.996988277e-11
16    -5.990423403e-12     1.448927716e-11     8.498853758e-12
17    -1.767792623e-12     4.193101498e-12     2.425308874e-12
18    -5.244864711e-13     1.220443691e-12     6.959572198e-13
19     -1.56339577e-13     3.570353344e-13     2.006957574e-13
20    -4.679388016e-14     1.049248992e-13     5.813101904e-14
21    -1.405687874e-14     3.096127802e-14     1.690439928e-14
22    -4.236379982e-15     9.169811432e-15      4.93343145e-15
23    -1.280440844e-15     2.724929041e-15     1.444488196e-15
24    -3.880219793e-16     8.122223183e-16      4.24200339e-16
25    -1.178626802e-16     2.427769876e-16     1.249143074e-16
26     -3.58777232e-17     7.275361663e-17     3.687589344e-17
27    -1.094257296e-17     2.185391408e-17     1.091134112e-17
28    -3.343394382e-18     6.578915996e-18     3.235521614e-18
29    -1.023211685e-18     1.984546029e-18     9.613343437e-19
30    -3.136148008e-19     5.997747744e-19     2.861599736e-19
31    -9.625659608e-20     1.815850493e-19     8.532845321e-20
32    -2.958165329e-20     5.506643426e-20     2.548478097e-20
33                   0                   0                   0
34                   0                   0                   0
35                   0                   0                   0
36                   0                   0                   0
37                   0                   0                   0
38                   0                   0                   0
39                   0                   0                   0
40                   0                   0                   0
41                   0                   0                   0
42                   0                   0                   0
43                   0                   0                   0
44                   0                   0                   0
45                   0                   0                   0
46                   0                   0                   0
47                   0                   0                   0
48                   0                   0                   0
49                   0                   0                   0
50                   0                   0                   0
51                   0                   0                   0
52                   0                   0                   0
53                   0                   0                   0
54                   0                   0                   0
55                   0                   0                   0
56                   0                   0                   0
57                   0                   0                   0
58                   0                   0                   0
59                   0                   0                   0
60                   0                   0                   0
61                   0                   0                   0
62                   0                   0                   0
63                   0                   0                   0
