
0                   0                   0                   0
1        0.0198417899       0.03081501935       0.05065680925
2    -0.0001547750909      0.006483910959      0.006329135868
3    -0.0001406125948      0.002013773605       0.00187316101
4     -4.56443664e-05     0.0008342990891     0.0007886547227
5    -1.623456035e-05      0.000418812658     0.0004025780977
6    -6.677659666e-06     0.0002386978814     0.0002320202218
7    -3.115816017e-06      0.000148462872     0.0001453470559
8    -1.606646866e-06     9.835384417e-05     9.674719731e-05
9    -8.961444465e-07     6.832875186e-05     6.743260741e-05
10    -5.321356944e-07     4.925890845e-05     4.872677275e-05
11    -3.324628054e-07     3.657721688e-05     3.624475407e-05
12     -2.16625195e-07     2.782418763e-05     2.760756244e-05
13     -1.46213545e-07     2.159453674e-05      2.14483232e-05
14    -1.016922549e-07     1.704528732e-05     1.694359506e-05
15    -7.257488629e-08     1.364975615e-05     1.357718126e-05
16    -5.296732696e-08     1.106729851e-05     1.101433118e-05
17    -3.942236321e-08     9.070943063e-06       9.0315207e-06
18    -2.985276743e-08     7.505497759e-06     7.475644992e-06
19    -2.295563031e-08      6.26241518e-06     6.239459549e-06
20     -1.78953474e-08     5.264234633e-06     5.246339285e-06
21    -1.412292029e-08     4.454682981e-06     4.440560061e-06
22    -1.126974574e-08     3.792219732e-06     3.780949987e-06
23    -9.083444215e-09     3.245734613e-06     3.236651168e-06
24    -7.388113603e-09     2.791622605e-06     2.784234492e-06
25    -6.059150822e-09     2.411759524e-06     2.405700373e-06
26    -5.006971519e-09     2.092077865e-06     2.087070893e-06
27    -4.166283999e-09     1.821549927e-06     1.817383643e-06
28    -3.488899743e-09     1.591451754e-06     1.587962854e-06
29    -2.938837356e-09     1.394823604e-06     1.391884766e-06
30    -2.488939059e-09      1.22606987e-06      1.22358093e-06
31    -2.118500433e-09     1.080659193e-06     1.078540693e-06
32    -1.811588829e-09     9.548974295e-07     9.530858407e-07
33    -1.555836199e-09     8.457541558e-07     8.441983196e-07
34    -1.341562901e-09     7.507289472e-07     7.493873843e-07
35    -1.161135126e-09     6.677474607e-07     6.665863256e-07
36    -1.008489077e-09     5.950800677e-07     5.940715786e-07
37    -8.787753891e-10     5.312776861e-07     5.303989107e-07
38    -7.680911233e-10      4.75120835e-07     4.743527439e-07
39    -6.732761223e-10     4.255789317e-07     4.249056556e-07
40    -5.917570787e-10     3.817775752e-07     3.811858182e-07
41    -5.214272715e-10      3.42972103e-07     3.424506757e-07
42    -4.605531726e-10     3.085261015e-07     3.080655483e-07
43    -4.077014436e-10     2.778938554e-07      2.77486154e-07
44    -3.616815194e-10     2.506059448e-07     2.502442633e-07
45    -3.215001812e-10     2.262573702e-07     2.259358701e-07
46    -2.863254147e-10     2.044977219e-07     2.042113965e-07
47    -2.554575007e-10     1.850230053e-07     1.847675478e-07
48     -2.28305772e-10     1.675688192e-07     1.673405134e-07
49     -2.04369836e-10     1.519046397e-07     1.517002699e-07
50    -1.832243324e-10      1.37829015e-07     1.376457907e-07
51    -1.645065064e-10     1.251655109e-07     1.250010044e-07
52    -1.479060333e-10     1.137592797e-07     1.136113737e-07
53    -1.331566526e-10      1.03474147e-07     1.033409904e-07
54    -1.200292628e-10     9.419013069e-08     9.407010143e-08
55    -1.083262003e-10     8.580132253e-08     8.569299633e-08
56    -9.787648217e-11     7.821407404e-08     7.811619756e-08
57    -8.853183637e-11     7.134543901e-08     7.125690717e-08
58    -8.016337869e-11      6.51218329e-08     6.504166953e-08
59    -7.265882122e-11     5.947787631e-08     5.940521749e-08
60    -6.592012059e-11     5.435539469e-08     5.428947456e-08
61    -5.986149072e-11     4.970255153e-08     4.964269004e-08
62    -5.440771865e-11     4.547309541e-08     4.541868769e-08
63    -4.949273331e-11      4.16257047e-08     4.157621196e-08
64    -4.505838605e-11     3.812341606e-08     3.807835767e-08
65    -4.105340882e-11     3.493312518e-08     3.489207177e-08
66    -3.743252199e-11     3.202514974e-08     3.198771722e-08
67    -3.415566848e-11     2.937284612e-08     2.933869045e-08
68    -3.118735471e-11     2.695227282e-08     2.692108547e-08
69    -2.849608231e-11     2.474189431e-08     2.471339823e-08
70    -2.605385694e-11     2.272232001e-08     2.269626616e-08
71    -2.383576297e-11     2.087607403e-08     2.085223827e-08
72    -2.181959429e-11     1.918739153e-08     1.916557194e-08
73     -1.99855334e-11     1.764203862e-08     1.762205308e-08
74    -1.831587181e-11     1.622715258e-08      1.62088367e-08
75      -1.6794766e-11      1.49311002e-08     1.491430543e-08
76    -1.540802408e-11     1.374335179e-08     1.372794377e-08
77      -1.4142919e-11     1.265436915e-08     1.264022623e-08
78     -1.29880246e-11     1.165550569e-08     1.164251767e-08
79     -1.19330716e-11     1.073891747e-08      1.07269844e-08
80    -1.096882087e-11     9.897483658e-09     9.886514837e-09
81    -1.008695174e-11     9.124735487e-09     9.114648535e-09
82    -9.279963393e-12     8.414792699e-09     8.405512736e-09
83    -8.541087709e-12     7.762306589e-09     7.753765501e-09
84    -7.864212143e-12     7.162408949e-09     7.154544736e-09
85    -7.243811345e-12     6.610666256e-09     6.603422445e-09
86    -6.674886489e-12     6.103038514e-09     6.096363628e-09
87    -6.152911354e-12      5.63584225e-09     5.629689339e-09
88    -5.673784357e-12     5.205717215e-09     5.200043431e-09
89    -5.233785827e-12     4.809596396e-09      4.80436261e-09
90    -4.829539899e-12     4.444678983e-09     4.439849443e-09
91    -4.457980501e-12     4.108405982e-09     4.103948002e-09
92     -4.11632095e-12     3.798438204e-09     3.794321883e-09
93    -3.802026753e-12     3.512636368e-09     3.508834341e-09
94    -3.512791241e-12     3.249043121e-09      3.24553033e-09
95    -3.246513735e-12     3.005866764e-09      3.00262025e-09
96    -3.001279946e-12     2.781466518e-09     2.778465238e-09
97                   0                   0                   0
98                   0                   0                   0
99                   0                   0                   0
100                   0                   0                   0
101                   0                   0                   0
102                   0                   0                   0
103                   0                   0                   0
104                   0                   0                   0
105                   0                   0                   0
106                   0                   0                   0
107                   0                   0                   0
108                   0                   0                   0
109                   0                   0                   0
110                   0                   0                   0
111                   0                   0                   0
112                   0                   0                   0
113                   0                   0                   0
114                   0                   0                   0
115                   0                   0                   0
116                   0                   0                   0
117                   0                   0                   0
118                   0                   0                   0
119                   0                   0                   0
120                   0                   0                   0
121                   0                   0                   0
122                   0                   0                   0
123                   0                   0                   0
124                   0                   0                   0
125                   0                   0                   0
126                   0                   0                   0
127                   0                   0                   0
128                   0                   0                   0
129                   0                   0                   0
130                   0                   0                   0
131                   0                   0                   0
132                   0                   0                   0
133                   0                   0                   0
134                   0                   0                   0
135                   0                   0                   0
136                   0                   0                   0
137                   0                   0                   0
138                   0                   0                   0
139                   0                   0                   0
140                   0                   0                   0
141                   0                   0                   0
142                   0                   0                   0
143                   0                   0                   0
144                   0                   0                   0
145                   0                   0                   0
146                   0                   0                   0
147                   0                   0                   0
148                   0                   0                   0
149                   0                   0                   0
150                   0                   0                   0
151                   0                   0                   0
152                   0                   0                   0
153                   0                   0                   0
154                   0                   0                   0
155                   0                   0                   0
156                   0                   0                   0
157                   0                   0                   0
158                   0                   0                   0
159                   0                   0                   0
160                   0                   0                   0
161                   0                   0                   0
162                   0                   0                   0
163                   0                   0                   0
164                   0                   0                   0
165                   0                   0                   0
166                   0                   0                   0
167                   0                   0                   0
168                   0                   0                   0
169                   0                   0                   0
170                   0                   0                   0
171                   0                   0                   0
172                   0                   0                   0
173                   0                   0                   0
174                   0                   0                   0
175                   0                   0                   0
176                   0                   0                   0
177                   0                   0                   0
178                   0                   0                   0
179                   0                   0                   0
180                   0                   0                   0
181                   0                   0                   0
182                   0                   0                   0
183                   0                   0                   0
184                   0                   0                   0
185                   0                   0                   0
186                   0                   0                   0
187                   0                   0                   0
188                   0                   0                   0
189                   0                   0                   0
190                   0                   0                   0
191                   0                   0                   0
