
0                   0                   0                   0
1      0.006005888296       0.04465092095       0.05065680925
2     -0.001211336523      0.007540472391      0.006329135868
3    -0.0002370540605      0.002110215071       0.00187316101
4    -5.606749418e-05     0.0008447222169     0.0007886547227
5    -1.758242367e-05     0.0004201605214     0.0004025780977
6    -6.892647907e-06     0.0002389128697     0.0002320202218
7    -3.159752386e-06     0.0001485068083     0.0001453470559
8    -1.618555243e-06     9.836575255e-05     9.674719731e-05
9     -9.00542035e-07     6.833314945e-05     6.743260741e-05
10      -5.3433851e-07     4.926111126e-05     4.872677275e-05
11    -3.338687004e-07     3.657862278e-05     3.624475407e-05
12    -2.176701468e-07     2.782523259e-05     2.760756244e-05
13    -1.470567379e-07     2.159537994e-05      2.14483232e-05
14    -1.024018246e-07     1.704599689e-05     1.694359506e-05
15     -7.31852199e-08     1.365036648e-05     1.357718126e-05
16    -5.349873594e-08     1.106782992e-05     1.101433118e-05
17    -3.988850719e-08     9.071409207e-06       9.0315207e-06
18    -3.026372377e-08     7.505908715e-06     7.475644992e-06
19    -2.331929108e-08     6.262778841e-06     6.239459549e-06
20    -1.821812457e-08      5.26455741e-06     5.246339285e-06
21    -1.441014238e-08     4.454970204e-06     4.440560061e-06
22    -1.152590489e-08     3.792475891e-06     3.780949987e-06
23    -9.312364235e-09     3.245963533e-06     3.236651168e-06
24    -7.593072057e-09     2.791827564e-06     2.784234492e-06
25     -6.24297211e-09     2.411943345e-06     2.405700373e-06
26    -5.172100159e-09     2.092242993e-06     2.087070893e-06
27    -4.314843611e-09     1.821698487e-06     1.817383643e-06
28    -3.622741263e-09     1.591585596e-06     1.587962854e-06
29    -3.059578856e-09     1.394944345e-06     1.391884766e-06
30    -2.597998929e-09     1.226178929e-06      1.22358093e-06
31    -2.217125186e-09     1.080757818e-06     1.078540693e-06
32    -1.900876538e-09     9.549867172e-07     9.530858407e-07
33    -1.636756339e-09     8.458350759e-07     8.441983196e-07
34    -1.414973213e-09     7.508023575e-07     7.493873843e-07
35    -1.227796009e-09     6.678141216e-07     6.665863256e-07
36    -1.069075901e-09     5.951406545e-07     5.940715786e-07
37    -9.338890787e-10     5.313327997e-07     5.303989107e-07
38    -8.182672666e-10     4.751710112e-07     4.743527439e-07
39    -7.189928437e-10     4.256246484e-07     4.249056556e-07
40    -6.334418561e-10       3.8181926e-07     3.811858182e-07
41    -5.594628572e-10     3.430101386e-07     3.424506757e-07
42    -4.952827467e-10      3.08560831e-07     3.080655483e-07
43    -4.394331113e-10     2.779255871e-07      2.77486154e-07
44    -3.906922433e-10     2.506349555e-07     2.502442633e-07
45    -3.480392279e-10     2.262839093e-07     2.259358701e-07
46    -3.106173813e-10     2.045220139e-07     2.042113965e-07
47    -2.777049773e-10     1.850452528e-07     1.847675478e-07
48    -2.486916899e-10     1.675892051e-07     1.673405134e-07
49    -2.230595403e-10     1.519233294e-07     1.517002699e-07
50    -2.003674161e-10     1.378461581e-07     1.376457907e-07
51    -1.802384353e-10     1.251812428e-07     1.250010044e-07
52    -1.623495884e-10     1.137737233e-07     1.136113737e-07
53    -1.464232118e-10     1.034874136e-07     1.033409904e-07
54    -1.322199419e-10     9.420232137e-08     9.407010143e-08
55    -1.195328703e-10      8.58125292e-08     8.569299633e-08
56     -1.08182677e-10     7.822438024e-08     7.811619756e-08
57    -9.801356422e-11     7.135492074e-08     7.125690717e-08
58    -8.888984803e-11     6.513055937e-08     6.504166953e-08
59    -8.069309122e-11     5.948591058e-08     5.940521749e-08
60    -7.331968455e-11     5.436279425e-08     5.428947456e-08
61    -6.667879988e-11     4.970936884e-08     4.964269004e-08
62    -6.069065305e-11     4.547937835e-08     4.541868769e-08
63    -5.528502546e-11     4.163149699e-08     4.157621196e-08
64    -5.040000251e-11     3.812875767e-08     3.807835767e-08
65    -4.598089421e-11     3.493805267e-08     3.489207177e-08
66    -4.197930945e-11     3.202969653e-08     3.198771722e-08
67    -3.835235997e-11     2.937704281e-08     2.933869045e-08
68    -3.506197447e-11     2.695614744e-08     2.692108547e-08
69    -3.207430611e-11     2.474547253e-08     2.471339823e-08
70    -2.935921969e-11     2.272562538e-08     2.269626616e-08
71    -2.688984673e-11     2.087912811e-08     2.085223827e-08
72    -2.464219889e-11     1.919021414e-08     1.916557194e-08
73    -2.259483116e-11     1.764464791e-08     1.762205308e-08
74    -2.072854806e-11     1.622956525e-08      1.62088367e-08
75    -1.902614678e-11     1.493333158e-08     1.491430543e-08
76    -1.747219226e-11     1.374541596e-08     1.372794377e-08
77    -1.605281989e-11     1.265627905e-08     1.264022623e-08
78    -1.475556212e-11     1.165727323e-08     1.164251767e-08
79     -1.35691959e-11      1.07405536e-08      1.07269844e-08
80    -1.248360816e-11     9.898998445e-09     9.886514837e-09
81    -1.148967712e-11     9.126138212e-09     9.114648535e-09
82    -1.057916727e-11     8.416091903e-09     8.405512736e-09
83    -9.744636491e-12     7.763510138e-09     7.753765501e-09
84    -8.979353611e-12      7.16352409e-09     7.154544736e-09
85    -8.277225301e-12      6.61169967e-09     6.603422445e-09
86    -7.632731046e-12     6.103996359e-09     6.096363628e-09
87    -7.040865281e-12     5.636730204e-09     5.629689339e-09
88    -6.497085831e-12     5.206540517e-09     5.200043431e-09
89    -5.997267913e-12     4.810359878e-09      4.80436261e-09
90    -5.537663047e-12     4.445387106e-09     4.439849443e-09
91    -5.114862326e-12     4.109062864e-09     4.103948002e-09
92    -4.725763527e-12     3.799047646e-09     3.794321883e-09
93    -4.367541652e-12     3.513201883e-09     3.508834341e-09
94    -4.037622495e-12     3.249567952e-09      3.24553033e-09
95    -3.733658918e-12     3.006353909e-09      3.00262025e-09
96    -3.453509523e-12     2.781918748e-09     2.778465238e-09
97                   0                   0                   0
98                   0                   0                   0
99                   0                   0                   0
100                   0                   0                   0
101                   0                   0                   0
102                   0                   0                   0
103                   0                   0                   0
104                   0                   0                   0
105                   0                   0                   0
106                   0                   0                   0
107                   0                   0                   0
108                   0                   0                   0
109                   0                   0                   0
110                   0                   0                   0
111                   0                   0                   0
112                   0                   0                   0
113                   0                   0                   0
114                   0                   0                   0
115                   0                   0                   0
116                   0                   0                   0
117                   0                   0                   0
118                   0                   0                   0
119                   0                   0                   0
120                   0                   0                   0
121                   0                   0                   0
122                   0                   0                   0
123                   0                   0                   0
124                   0                   0                   0
125                   0                   0                   0
126                   0                   0                   0
127                   0                   0                   0
128                   0                   0                   0
129                   0                   0                   0
130                   0                   0                   0
131                   0                   0                   0
132                   0                   0                   0
133                   0                   0                   0
134                   0                   0                   0
135                   0                   0                   0
136                   0                   0                   0
137                   0                   0                   0
138                   0                   0                   0
139                   0                   0                   0
140                   0                   0                   0
141                   0                   0                   0
142                   0                   0                   0
143                   0                   0                   0
144                   0                   0                   0
145                   0                   0                   0
146                   0                   0                   0
147                   0                   0                   0
148                   0                   0                   0
149                   0                   0                   0
150                   0                   0                   0
151                   0                   0                   0
152                   0                   0                   0
153                   0                   0                   0
154                   0                   0                   0
155                   0                   0                   0
156                   0                   0                   0
157                   0                   0                   0
158                   0                   0                   0
159                   0                   0                   0
160                   0                   0                   0
161                   0                   0                   0
162                   0                   0                   0
163                   0                   0                   0
164                   0                   0                   0
165                   0                   0                   0
166                   0                   0                   0
167                   0                   0                   0
168                   0                   0                   0
169                   0                   0                   0
170                   0                   0                   0
171                   0                   0                   0
172                   0                   0                   0
173                   0                   0                   0
174                   0                   0                   0
175                   0                   0                   0
176                   0                   0                   0
177                   0                   0                   0
178                   0                   0                   0
179                   0                   0                   0
180                   0                   0                   0
181                   0                   0                   0
182                   0                   0                   0
183                   0                   0                   0
184                   0                   0                   0
185                   0                   0                   0
186                   0                   0                   0
187                   0                   0                   0
188                   0                   0                   0
189                   0                   0                   0
190                   0                   0                   0
191                   0                   0                   0
