#a[fm] a_mu[tm]  Da_mu[tm] a_mu[OS]   Da_mu[OS]
0                0.01     3.669401043e-09    -1.093172977e-11     3.673430787e-09    -1.496147459e-11
1       0.01081618788     3.744151939e-09    -1.230314109e-11     3.748856146e-09     -1.70073478e-11
2       0.01163237576     3.805934021e-09    -1.371370118e-11     3.811365594e-09    -1.914527453e-11
3       0.01244856364     3.857524827e-09    -1.515923197e-11     3.863736657e-09    -2.137106247e-11
4       0.01326475152     3.900996263e-09    -1.663576327e-11     3.908041207e-09     -2.36807071e-11
5       0.01408093939     3.937927769e-09     -1.81395295e-11     3.945858635e-09    -2.607039525e-11
6       0.01489712727     3.969542379e-09    -1.966695798e-11     3.978411918e-09    -2.853649743e-11
7       0.01571331515     3.996798596e-09    -2.121465484e-11     4.006659498e-09    -3.107555604e-11
8       0.01652950303      4.02045506e-09    -2.277939111e-11     4.031359942e-09    -3.368427277e-11
9       0.01734569091     4.041117393e-09    -2.435808977e-11       4.0531188e-09    -3.635949646e-11
10       0.01816187879     4.059272808e-09     -2.59478139e-11     4.072423206e-09    -3.909821167e-11
11       0.01897806667     4.075316063e-09    -2.754575619e-11     4.089667835e-09     -4.18975284e-11
12       0.01979425455     4.089569116e-09    -2.914922915e-11     4.105174559e-09    -4.475467228e-11
13       0.02061044242     4.102296198e-09    -3.075565682e-11     4.119207517e-09    -4.766697625e-11
14        0.0214266303     4.113715427e-09    -3.236256692e-11     4.131984733e-09    -5.063187256e-11
15       0.02224281818     4.124007833e-09    -3.396758394e-11     4.143687135e-09    -5.364688571e-11
16       0.02305900606     4.133324452e-09    -3.556842285e-11     4.154465655e-09    -5.670962593e-11
17       0.02387519394     4.141791909e-09    -3.716288357e-11     4.164446809e-09    -5.981778343e-11
18       0.02469138182     4.149516847e-09    -3.874884581e-11     4.173737124e-09    -6.296912297e-11
19        0.0255075697     4.156589469e-09     -4.03242644e-11     4.182426684e-09    -6.616147908e-11
20       0.02632375758     4.163086386e-09    -4.188716524e-11     4.190591972e-09    -6.939275155e-11
21       0.02713994545     4.169072927e-09    -4.343564156e-11     4.198298187e-09    -7.266090152e-11
22       0.02795613333     4.174604921e-09    -4.496784943e-11     4.205601018e-09    -7.596394676e-11
23       0.02877232121     4.179730369e-09    -4.648200647e-11     4.212548323e-09    -7.929996011e-11
24       0.02958850909     4.184490661e-09    -4.797638852e-11     4.219181338e-09    -8.266706579e-11
25       0.03040469697      4.18892141e-09    -4.944932449e-11     4.225535519e-09    -8.606343416e-11
26       0.03122088485     4.193053565e-09    -5.089919732e-11      4.23164165e-09     -8.94872822e-11
27       0.03203707273     4.196913997e-09    -5.232444019e-11     4.237526427e-09    -9.293686973e-11
28       0.03285326061     4.200526089e-09    -5.372353434e-11     4.243213051e-09    -9.641049665e-11
29       0.03366944848     4.203910253e-09    -5.509500773e-11     4.248721747e-09    -9.990650167e-11
30       0.03448563636     4.207084372e-09    -5.643743325e-11     4.254070199e-09      -1.0342326e-10
31       0.03530182424     4.210064079e-09    -5.774942673e-11     4.259273833e-09    -1.069591811e-10
32       0.03611801212     4.212863129e-09    -5.902964579e-11     4.264346191e-09    -1.105127078e-10
33           0.0369342     4.215493622e-09    -6.027678875e-11     4.269299147e-09    -1.140823143e-10
34       0.03775038788     4.217966217e-09    -6.148959291e-11     4.274143128e-09    -1.176665044e-10
35       0.03856657576     4.220290326e-09    -6.266683364e-11     4.278887303e-09    -1.212638107e-10
36       0.03938276364     4.222474265e-09    -6.380732329e-11     4.283539734e-09    -1.248727929e-10
37       0.04019895152     4.224525396e-09    -6.490991023e-11     4.288107523e-09    -1.284920369e-10
38       0.04101513939     4.226450245e-09    -6.597347796e-11     4.292596921e-09    -1.321201536e-10
39       0.04183132727     4.228254602e-09    -6.699694417e-11     4.297013435e-09    -1.357557775e-10
40       0.04264751515     4.229943653e-09    -6.797926069e-11      4.30136196e-09    -1.393975672e-10
41       0.04346370303     4.231521827e-09    -6.891940962e-11     4.305646618e-09    -1.430442006e-10
42       0.04427989091     4.232993341e-09    -6.981640885e-11     4.309871313e-09    -1.466943808e-10
43       0.04509607879     4.234361752e-09    -7.066930492e-11     4.314039276e-09    -1.503468284e-10
44       0.04591226667     4.235630301e-09    -7.147717632e-11      4.31815341e-09     -1.54000285e-10
45       0.04672845455     4.236801863e-09    -7.223913155e-11     4.322216242e-09     -1.57653511e-10
46       0.04754464242     4.237879011e-09    -7.295430894e-11     4.326229988e-09    -1.613052853e-10
47        0.0483608303     4.238864032e-09    -7.362187593e-11     4.330196561e-09    -1.649544049e-10
48       0.04917701818     4.239758975e-09    -7.424102892e-11      4.33411763e-09    -1.685996838e-10
49       0.04999320606     4.240565673e-09    -7.481099268e-11     4.337994634e-09    -1.722399534e-10
50       0.05080939394     4.241285765e-09    -7.533102003e-11     4.341828806e-09    -1.758740614e-10
51       0.05162558182     4.241920712e-09    -7.580039081e-11     4.345621192e-09     -1.79500871e-10
52        0.0524417697     4.242471833e-09    -7.621841307e-11     4.349372683e-09    -1.831192626e-10
53       0.05325795758       4.2429403e-09    -7.658442077e-11     4.353084009e-09    -1.867281301e-10
54       0.05407414545     4.243327168e-09    -7.689777479e-11     4.356755777e-09     -1.90326384e-10
55       0.05489033333     4.243633384e-09    -7.715786219e-11     4.360388471e-09     -1.93912949e-10
56       0.05570652121     4.243859799e-09    -7.736409584e-11     4.363982468e-09    -1.974867643e-10
57       0.05652270909     4.244007176e-09    -7.751591404e-11     4.367538046e-09    -2.010467833e-10
58       0.05733889697     4.244076204e-09    -7.761278024e-11     4.371055397e-09    -2.045919738e-10
59       0.05815508485      4.24406751e-09    -7.765418392e-11     4.374534645e-09    -2.081213182e-10
60       0.05897127273     4.243981648e-09    -7.763963722e-11     4.377975822e-09    -2.116338114e-10
61       0.05978746061     4.243819131e-09    -7.756867861e-11     4.381378916e-09    -2.151284631e-10
62       0.06060364848     4.243580425e-09     -7.74408695e-11     4.384743852e-09    -2.186042965e-10
63       0.06141983636     4.243265949e-09    -7.725579574e-11     4.388070502e-09     -2.22060348e-10
64       0.06223602424     4.242876093e-09    -7.701306649e-11     4.391358694e-09    -2.254956677e-10
65       0.06305221212      4.24241121e-09    -7.671231431e-11     4.394608215e-09    -2.289093192e-10
66           0.0638684     4.241871632e-09    -7.635319475e-11     4.397818817e-09    -2.323003795e-10
67       0.06468458788     4.241257662e-09    -7.593538609e-11     4.400990214e-09    -2.356679388e-10
68       0.06550077576     4.240569585e-09    -7.545858948e-11     4.404122097e-09     -2.39011101e-10
69       0.06631696364     4.239807674e-09    -7.492252782e-11      4.40721413e-09    -2.423289834e-10
70       0.06713315152     4.238972175e-09    -7.432694594e-11     4.410265945e-09    -2.456207157e-10
71       0.06794933939     4.238063339e-09    -7.367161071e-11     4.413277171e-09    -2.488854427e-10
72       0.06876552727     4.237081397e-09    -7.295631112e-11     4.416247408e-09    -2.521223219e-10
73       0.06958171515     4.236026575e-09    -7.218085566e-11     4.419176243e-09    -2.553305236e-10
74       0.07039790303     4.234899097e-09    -7.134507496e-11     4.422063254e-09    -2.585092327e-10
75       0.07121409091     4.233699181e-09     -7.04488199e-11     4.424908009e-09    -2.616576475e-10
76       0.07203027879     4.232427043e-09    -6.949196196e-11      4.42771006e-09    -2.647749796e-10
77       0.07284646667     4.231082897e-09    -6.847439171e-11     4.430468959e-09    -2.678604542e-10
78       0.07366265455     4.229666962e-09    -6.739602039e-11     4.433184253e-09    -2.709133109e-10
79       0.07447884242     4.228179451e-09    -6.625677872e-11     4.435855475e-09    -2.739328026e-10
80        0.0752950303     4.226620581e-09    -6.505661632e-11     4.438482161e-09    -2.769181964e-10
81       0.07611121818      4.22499057e-09     -6.37955011e-11     4.441063842e-09    -2.798687728e-10
82       0.07692740606     4.223289637e-09     -6.24734202e-11     4.443600044e-09    -2.827838268e-10
83       0.07774359394     4.221518013e-09    -6.109037942e-11     4.446090302e-09    -2.856626681e-10
84       0.07855978182      4.21967592e-09    -5.964640157e-11     4.448534138e-09    -2.885046192e-10
85        0.0793759697     4.217763594e-09    -5.814152772e-11     4.450931084e-09    -2.913090178e-10
86       0.08019215758     4.215781276e-09    -5.657581677e-11     4.453280676e-09    -2.940752159e-10
87       0.08100834545     4.213729214e-09    -5.494934425e-11      4.45558245e-09    -2.968025797e-10
88       0.08182453333      4.21160767e-09    -5.326220254e-11     4.457835957e-09    -2.994904903e-10
89       0.08264072121     4.209416912e-09    -5.151450108e-11     4.460040754e-09    -3.021383433e-10
90       0.08345690909     4.207157219e-09    -4.970636526e-11     4.462196402e-09    -3.047455483e-10
91       0.08427309697     4.204828885e-09    -4.783793609e-11     4.464302479e-09    -3.073115301e-10
92       0.08508928485     4.202432215e-09    -4.590937049e-11     4.466358572e-09     -3.09835728e-10
93       0.08590547273     4.199967526e-09    -4.392084048e-11     4.468364281e-09    -3.123175958e-10
94       0.08672166061     4.197435144e-09    -4.187253284e-11     4.470319213e-09     -3.14756602e-10
95       0.08753784848     4.194835372e-09    -3.976464744e-11     4.472222952e-09    -3.171522277e-10
96       0.08835403636     4.192168651e-09    -3.759740324e-11     4.474075223e-09    -3.195039756e-10
97       0.08917022424     4.189435234e-09    -3.537102549e-11     4.475875561e-09    -3.218113527e-10
98       0.08998641212     4.186635501e-09    -3.308575726e-11      4.47762363e-09    -3.240738864e-10
99           0.0908026     4.183769806e-09    -3.074185349e-11      4.47931907e-09    -3.262911176e-10
