#a[fm] a_mu[tm]  Da_mu[tm] a_mu[OS]   Da_mu[OS]
0                0.01     2.131764602e-10    -8.383424851e-12     2.175864019e-10    -1.279336654e-11
1       0.01081618788     2.483842994e-10    -9.771938496e-12     2.535381308e-10    -1.492576993e-11
2       0.01163237576     2.859471068e-10    -1.125519692e-11     2.919010822e-10    -1.720917229e-11
3       0.01244856364     3.257450328e-10    -1.282908892e-11     3.325548167e-10    -1.963887281e-11
4       0.01326475152     3.676458088e-10    -1.448907803e-11     3.753664234e-10    -2.220969267e-11
5       0.01408093939     4.115065593e-10    -1.623025641e-11     4.201923426e-10    -2.491603972e-11
6       0.01489712727     4.571759446e-10    -1.804740838e-11     4.668805201e-10    -2.775198386e-11
7       0.01571331515     5.044964699e-10    -1.993507843e-11      5.15272729e-10    -3.071133751e-11
8       0.01652950303     5.533068228e-10    -2.188764013e-11      5.65206919e-10    -3.378773631e-11
9       0.01734569091     6.034441217e-10    -2.389936232e-11     6.165194758e-10    -3.697471644e-11
10       0.01816187879     6.547459921e-10    -2.596447045e-11     6.690473072e-10     -4.02657856e-11
11       0.01897806667     7.070524168e-10    -2.807720162e-11     7.226297014e-10    -4.365448619e-11
12       0.01979425455     7.602073205e-10     -3.02318522e-11     7.771099177e-10    -4.713444944e-11
13       0.02061044242     8.140598935e-10    -3.242281833e-11      8.32336516e-10    -5.069944085e-11
14        0.0214266303     8.684656456e-10    -3.464462898e-11     8.881644134e-10    -5.434339679e-11
15       0.02224281818     9.232872108e-10    -3.689197222e-11     9.444556913e-10    -5.806045275e-11
16       0.02305900606     9.783949251e-10    -3.915971519e-11     1.001080174e-09    -6.184496439e-11
17       0.02387519394     1.033667206e-09    -4.144291877e-11      1.05791581e-09    -6.569152213e-11
18       0.02469138182     1.088990753e-09    -4.373684722e-11     1.114848865e-09    -6.959495986e-11
19        0.0255075697     1.144260601e-09    -4.603697381e-11     1.171773986e-09    -7.355035928e-11
20       0.02632375758     1.199380059e-09    -4.833898317e-11     1.228594126e-09    -7.755305001e-11
21       0.02713994545     1.254260546e-09    -5.063877082e-11     1.285220382e-09    -8.159860683e-11
22       0.02795613333      1.30882132e-09    -5.293243915e-11     1.341571724e-09    -8.568284306e-11
23       0.02877232121     1.362989231e-09    -5.521629507e-11     1.397574741e-09    -8.980180541e-11
24       0.02958850909     1.416698356e-09    -5.748684345e-11     1.453163277e-09    -9.395176455e-11
25       0.03040469697     1.469889571e-09    -5.974077746e-11     1.508277995e-09    -9.812920244e-11
26       0.03122088485     1.522510238e-09    -6.197497474e-11     1.562866069e-09    -1.023308057e-10
27       0.03203707273     1.574513771e-09    -6.418648759e-11     1.616880736e-09    -1.065534531e-10
28       0.03285326061     1.625859223e-09    -6.637253442e-11     1.670280892e-09     -1.10794204e-10
29       0.03366944848     1.676510905e-09    -6.853049207e-11     1.723030701e-09    -1.150502885e-10
30       0.03448563636     1.726437996e-09    -7.065788723e-11     1.775099205e-09    -1.193190961e-10
31       0.03530182424     1.775614156e-09    -7.275238801e-11     1.826459933e-09    -1.235981649e-10
32       0.03611801212     1.824017175e-09     -7.48117961e-11     1.877090551e-09    -1.278851718e-10
33           0.0369342     1.871628631e-09    -7.683403946e-11     1.926972515e-09    -1.321779232e-10
34       0.03775038788     1.918433553e-09    -7.881716436e-11     1.976090733e-09    -1.364743447e-10
35       0.03856657576     1.964420125e-09    -8.075932868e-11      2.02443327e-09    -1.407724735e-10
36       0.03938276364      2.00957939e-09    -8.265879517e-11     2.071991044e-09    -1.450704492e-10
37       0.04019895152     2.053904988e-09    -8.451392516e-11     2.118757569e-09    -1.493665065e-10
38       0.04101513939     2.097392897e-09    -8.632317269e-11     2.164728693e-09    -1.536589681e-10
39       0.04183132727     2.140041209e-09    -8.808507884e-11     2.209902367e-09    -1.579462374e-10
40       0.04264751515     2.181849923e-09    -8.979826735e-11     2.254278449e-09    -1.622267935e-10
41       0.04346370303     2.222820667e-09    -9.146143623e-11     2.297858412e-09    -1.664991815e-10
42       0.04427989091     2.262956684e-09    -9.307336022e-11     2.340645338e-09    -1.707620143e-10
43       0.04509607879     2.302262485e-09    -9.463287925e-11     2.382643566e-09    -1.750139599e-10
44       0.04591226667     2.340743797e-09    -9.613889894e-11      2.42385864e-09    -1.792537418e-10
45       0.04672845455     2.378407389e-09    -9.759038538e-11     2.464297136e-09    -1.834801324e-10
46       0.04754464242      2.41526095e-09    -9.898636223e-11     2.503966538e-09    -1.876919503e-10
47        0.0483608303     2.451312967e-09    -1.003259073e-10     2.542875115e-09     -1.91888056e-10
48       0.04917701818      2.48657262e-09      -1.0160815e-10     2.581031819e-09    -1.960673488e-10
49       0.04999320606      2.52104969e-09    -1.028322686e-10     2.618446185e-09    -2.002287643e-10
50       0.05080939394     2.554754461e-09    -1.039974878e-10     2.655128244e-09    -2.043712711e-10
51       0.05162558182     2.587697643e-09     -1.05103076e-10     2.691088435e-09    -2.084938679e-10
52        0.0524417697     2.619890311e-09    -1.061483446e-10      2.72633755e-09    -2.125955833e-10
53       0.05325795758     2.651343817e-09     -1.07132644e-10     2.760886644e-09    -2.166754704e-10
54       0.05407414545     2.682069754e-09    -1.080553635e-10     2.794746999e-09    -2.207326084e-10
55       0.05489033333     2.712079889e-09    -1.089159292e-10     2.827930059e-09    -2.247660987e-10
56       0.05570652121     2.741386121e-09    -1.097138022e-10     2.860447383e-09    -2.287750639e-10
57       0.05652270909     2.770000436e-09    -1.104484773e-10     2.892310605e-09    -2.327586463e-10
58       0.05733889697     2.797934871e-09    -1.111194818e-10     2.923531397e-09    -2.367160072e-10
59       0.05815508485     2.825201487e-09    -1.117263752e-10     2.954121438e-09    -2.406463264e-10
60       0.05897127273     2.851812317e-09    -1.122687454e-10      2.98409237e-09    -2.445487984e-10
61       0.05978746061     2.877779366e-09    -1.127462112e-10      3.01345579e-09    -2.484226351e-10
62       0.06060364848     2.903114576e-09    -1.131584186e-10      3.04222322e-09    -2.522670626e-10
63       0.06141983636     2.927829798e-09    -1.135050414e-10     3.070406078e-09    -2.560813214e-10
64       0.06223602424     2.951936787e-09    -1.137857798e-10     3.098015673e-09    -2.598646658e-10
65       0.06305221212     2.975447179e-09    -1.140003595e-10     3.125063182e-09    -2.636163631e-10
66           0.0638684     2.998372477e-09    -1.141485317e-10     3.151559639e-09    -2.673356933e-10
67       0.06468458788     3.020724044e-09    -1.142300714e-10     3.177515921e-09    -2.710219487e-10
68       0.06550077576     3.042513086e-09     -1.14244778e-10     3.202942742e-09    -2.746744336e-10
69       0.06631696364     3.063750656e-09    -1.141924733e-10     3.227850647e-09    -2.782924641e-10
70       0.06713315152     3.084447624e-09    -1.140730016e-10     3.252249989e-09    -2.818753667e-10
71       0.06794933939     3.104614704e-09    -1.138862299e-10     3.276150954e-09    -2.854224807e-10
72       0.06876552727     3.124262418e-09    -1.136320471e-10     3.299563527e-09    -2.889331558e-10
73       0.06958171515     3.143401111e-09    -1.133103614e-10     3.322497501e-09    -2.924067519e-10
74       0.07039790303     3.162040943e-09     -1.12921103e-10     3.344962481e-09    -2.958426407e-10
75       0.07121409091     3.180191888e-09    -1.124642219e-10      3.36696787e-09    -2.992402045e-10
76       0.07203027879     3.197863728e-09     -1.11939688e-10     3.388522876e-09    -3.025988362e-10
77       0.07284646667     3.215066057e-09    -1.113474894e-10     3.409636507e-09    -3.059179388e-10
78       0.07366265455     3.231808286e-09    -1.106876342e-10     3.430317578e-09    -3.091969269e-10
79       0.07447884242     3.248099626e-09    -1.099601489e-10     3.450574702e-09    -3.124352254e-10
80        0.0752950303     3.263949106e-09    -1.091650778e-10     3.470416299e-09    -3.156322699e-10
81       0.07611121818     3.279365568e-09    -1.083024826e-10     3.489850592e-09    -3.187875065e-10
82       0.07692740606     3.294357665e-09    -1.073724426e-10     3.508885615e-09    -3.219003922e-10
83       0.07774359394     3.308933876e-09    -1.063750552e-10     3.527529216e-09    -3.249703959e-10
84       0.07855978182     3.323102485e-09    -1.053104328e-10     3.545789048e-09    -3.279969956e-10
85        0.0793759697      3.33687161e-09    -1.041787052e-10     3.563672586e-09    -3.309796819e-10
86       0.08019215758      3.35024919e-09    -1.029800187e-10     3.581187127e-09     -3.33917956e-10
87       0.08100834545     3.363242992e-09    -1.017145348e-10     3.598339788e-09    -3.368113304e-10
88       0.08182453333     3.375860622e-09    -1.003824304e-10     3.615137521e-09    -3.396593294e-10
89       0.08264072121     3.388109517e-09    -9.898389851e-11     3.631587107e-09    -3.424614886e-10
90       0.08345690909     3.399996949e-09    -9.751914627e-11     3.647695157e-09    -3.452173546e-10
91       0.08427309697      3.41153004e-09    -9.598839537e-11     3.663468131e-09    -3.479264863e-10
92       0.08508928485     3.422715754e-09    -9.439188199e-11     3.678912326e-09     -3.50588454e-10
93       0.08590547273     3.433560903e-09    -9.272985602e-11     3.694033886e-09    -3.532028397e-10
94       0.08672166061     3.444072146e-09    -9.100258079e-11     3.708838803e-09    -3.557692371e-10
95       0.08753784848     3.454255973e-09    -8.921033101e-11     3.723332891e-09    -3.582872492e-10
96       0.08835403636     3.464118823e-09    -8.735340029e-11     3.737521922e-09    -3.607564992e-10
97       0.08917022424     3.473666845e-09    -8.543208546e-11      3.75141137e-09    -3.631766098e-10
98       0.08998641212      3.48290614e-09    -8.344670084e-11     3.765006662e-09    -3.655472226e-10
99           0.0908026     3.491842645e-09    -8.139757108e-11     3.778313064e-09    -3.678679896e-10
