#a[fm] a_mu[tm]  Da_mu[tm] a_mu[OS]   Da_mu[OS]
0                0.01      3.39504499e-09    -1.108783278e-11     3.399107081e-09    -1.514992356e-11
1       0.01081618788      3.49724748e-09    -1.247229222e-11      3.50198326e-09    -1.720807175e-11
2       0.01163237576      3.58354117e-09    -1.389433985e-11     3.589003288e-09    -1.935645758e-11
3       0.01244856364     3.656893795e-09    -1.535000561e-11     3.663134962e-09    -2.159117246e-11
4       0.01326475152     3.719639753e-09    -1.683550654e-11     3.726712702e-09    -2.390845562e-11
5       0.01408093939     3.773634576e-09    -1.834724033e-11     3.781592035e-09    -2.630469913e-11
6       0.01489712727     3.820364877e-09    -1.988177453e-11     3.829259548e-09    -2.877644464e-11
7       0.01571331515       3.8610296e-09    -2.143583478e-11     3.870914141e-09    -3.132037663e-11
8       0.01652950303     3.896601472e-09    -2.300629358e-11     3.907528493e-09    -3.393331469e-11
9       0.01734569091     3.927874167e-09    -2.459016006e-11     3.939896213e-09    -3.661220553e-11
10       0.01816187879     3.955498784e-09    -2.618457047e-11     3.968668328e-09    -3.935411516e-11
11       0.01897806667     3.980012284e-09    -2.778677972e-11     3.994381725e-09    -4.215622149e-11
12       0.01979425455     4.001859743e-09    -2.939415342e-11     4.017481397e-09    -4.501580704e-11
13       0.02061044242      4.02141191e-09    -3.100416095e-11     4.038338001e-09    -4.793025243e-11
14        0.0214266303     4.038979072e-09    -3.261436893e-11     4.057261733e-09    -5.089703015e-11
15       0.02224281818     4.054822087e-09    -3.422243527e-11      4.07451335e-09    -5.391369865e-11
16       0.02305900606     4.069161222e-09    -3.582610378e-11     4.090313015e-09    -5.697789703e-11
17       0.02387519394     4.082183243e-09    -3.742319931e-11     4.104847384e-09    -6.008734002e-11
18       0.02469138182     4.094047135e-09    -3.901162318e-11     4.118275325e-09    -6.323981334e-11
19        0.0255075697     4.104888749e-09    -4.058934903e-11      4.13073257e-09    -6.643316949e-11
20       0.02632375758     4.114824593e-09    -4.215441918e-11     4.142335497e-09    -6.966532369e-11
21       0.02713994545     4.123954937e-09    -4.370494121e-11     4.153184246e-09     -7.29342504e-11
22       0.02795613333     4.132366285e-09    -4.523908375e-11      4.16336518e-09    -7.623797893e-11
23       0.02877232121     4.140133625e-09    -4.675507551e-11     4.172953141e-09    -7.957459209e-11
24       0.02958850909     4.147322136e-09    -4.825120207e-11     4.182013157e-09    -8.294222281e-11
25       0.03040469697     4.153988458e-09    -4.972580094e-11     4.190601706e-09    -8.633904903e-11
26       0.03122088485     4.160182158e-09    -5.117726269e-11      4.19876819e-09    -8.976329438e-11
27       0.03203707273     4.165946627e-09    -5.260402727e-11     4.206555824e-09     -9.32132245e-11
28       0.03285326061     4.171319938e-09    -5.400458195e-11       4.2140025e-09    -9.668714442e-11
29       0.03366944848     4.176335596e-09    -5.537746002e-11     4.221141533e-09    -1.001833973e-10
30       0.03448563636     4.181023169e-09    -5.672123915e-11     4.228002293e-09    -1.037003625e-10
31       0.03530182424     4.185408746e-09    -5.803453947e-11     4.234610659e-09    -1.072364529e-10
32       0.03611801212     4.189515451e-09     -5.93160224e-11     4.240989543e-09    -1.107901144e-10
33           0.0369342     4.193363795e-09    -6.056438971e-11      4.24715923e-09    -1.143598241e-10
34       0.03775038788     4.196972006e-09    -6.177838177e-11     4.253137713e-09    -1.179440883e-10
35       0.03856657576     4.200356312e-09    -6.295677673e-11     4.258940977e-09    -1.215414418e-10
36       0.03938276364     4.203531181e-09    -6.409838943e-11     4.264583238e-09    -1.251504463e-10
37       0.04019895152      4.20650954e-09    -6.520207051e-11     4.270077159e-09    -1.287696895e-10
38       0.04101513939     4.209302951e-09    -6.626670549e-11      4.27543403e-09    -1.323977839e-10
39       0.04183132727      4.21192177e-09    -6.729121389e-11     4.280663921e-09    -1.360333654e-10
40       0.04264751515     4.214375333e-09    -6.827454921e-11     4.285775878e-09     -1.39675094e-10
41       0.04346370303     4.216671842e-09    -6.921569506e-11     4.290777796e-09    -1.433216488e-10
42       0.04427989091      4.21881895e-09    -7.011367068e-11     4.295677013e-09    -1.469717338e-10
43       0.04509607879     4.220823351e-09    -7.096752387e-11     4.300479898e-09    -1.506240708e-10
44       0.04591226667     4.222691149e-09    -7.177633422e-11     4.305192217e-09    -1.542774021e-10
45       0.04672845455     4.224427836e-09    -7.253921125e-11     4.309819114e-09     -1.57930489e-10
46       0.04754464242     4.226038387e-09    -7.325529424e-11     4.314365204e-09    -1.615821113e-10
47        0.0483608303     4.227527285e-09    -7.392375144e-11       4.3188346e-09    -1.652310663e-10
48       0.04917701818     4.228898598e-09    -7.454378004e-11     4.323230987e-09     -1.68876169e-10
49       0.04999320606     4.230156017e-09    -7.511460549e-11     4.327557662e-09    -1.725162512e-10
50       0.05080939394     4.231302885e-09    -7.563548125e-11     4.331817565e-09    -1.761501611e-10
51       0.05162558182     4.232342237e-09    -7.610568773e-11     4.336013312e-09    -1.797767625e-10
52        0.0524417697     4.233276844e-09    -7.652453352e-11     4.340147247e-09    -1.833949361e-10
53       0.05325795758     4.234109214e-09    -7.689135303e-11     4.344221438e-09    -1.870035764e-10
54       0.05407414545     4.234841642e-09    -7.720550758e-11     4.348237729e-09    -1.906015941e-10
55       0.05489033333     4.235476219e-09    -7.746638464e-11     4.352197749e-09    -1.941879143e-10
56       0.05570652121     4.236014856e-09    -7.767339742e-11     4.356102935e-09    -1.977614767e-10
57       0.05652270909     4.236459297e-09    -7.782598455e-11     4.359954548e-09    -2.013212349e-10
58       0.05733889697     4.236811144e-09    -7.792360978e-11     4.363753691e-09    -2.048661568e-10
59       0.05815508485     4.237071872e-09    -7.796576284e-11     4.367501334e-09    -2.083952255e-10
60       0.05897127273     4.237242818e-09    -7.795195613e-11     4.371198298e-09    -2.119074358e-10
61       0.05978746061     4.237325231e-09    -7.788172832e-11       4.3748453e-09    -2.154017979e-10
62       0.06060364848     4.237320255e-09    -7.775464105e-11     4.378442949e-09    -2.188773349e-10
63       0.06141983636     4.237228946e-09    -7.757028031e-11      4.38199175e-09    -2.223330838e-10
64       0.06223602424     4.237052286e-09    -7.732825545e-11     4.385492125e-09    -2.257680946e-10
65       0.06305221212     4.236791181e-09    -7.702819915e-11     4.388944413e-09    -2.291814314e-10
66           0.0638684     4.236446478e-09     -7.66697671e-11     4.392348882e-09     -2.32572171e-10
67       0.06468458788     4.236018964e-09    -7.625263771e-11     4.395705731e-09    -2.359394041e-10
68       0.06550077576     4.235509376e-09    -7.577651221e-11     4.399015099e-09    -2.392822347e-10
69       0.06631696364     4.234918409e-09     -7.52411136e-11     4.402277076e-09    -2.425997801e-10
70       0.06713315152     4.234246705e-09     -7.46461868e-11     4.405491688e-09    -2.458911703e-10
71       0.06794933939     4.233494886e-09    -7.399149875e-11     4.408658938e-09    -2.491555502e-10
72       0.06876552727     4.232663532e-09    -7.327683848e-11     4.411778771e-09    -2.523920774e-10
73       0.06958171515     4.231753196e-09    -7.250201457e-11     4.414851104e-09    -2.555999225e-10
74       0.07039790303     4.230764409e-09    -7.166685767e-11     4.417875821e-09    -2.587782704e-10
75       0.07121409091     4.229697678e-09    -7.077121871e-11     4.420852779e-09    -2.619263195e-10
76       0.07203027879      4.22855349e-09    -6.981496922e-11     4.423781803e-09    -2.650432816e-10
77       0.07284646667     4.227332317e-09    -6.879799978e-11     4.426662699e-09     -2.68128382e-10
78       0.07366265455     4.226034616e-09    -6.772022167e-11     4.429495255e-09    -2.711808604e-10
79       0.07447884242     4.224660828e-09    -6.658156562e-11     4.432279232e-09    -2.741999698e-10
80        0.0752950303     4.223211384e-09    -6.538198126e-11      4.43501438e-09    -2.771849774e-10
81       0.07611121818     4.221686704e-09    -6.412143652e-11     4.437700431e-09     -2.80135164e-10
82       0.07692740606     4.220087197e-09    -6.279991856e-11     4.440337103e-09    -2.830498243e-10
83       0.07774359394     4.218413275e-09    -6.141743317e-11     4.442924111e-09    -2.859282685e-10
84       0.07855978182     4.216665329e-09    -5.997400316e-11     4.445461145e-09    -2.887698189e-10
85        0.0793759697     4.214843757e-09    -5.846966963e-11     4.447947901e-09    -2.915738134e-10
86       0.08019215758     4.212948951e-09    -5.690449143e-11     4.450384064e-09    -2.943396042e-10
87       0.08100834545     4.210981303e-09    -5.527854413e-11     4.452769317e-09    -2.970665574e-10
88       0.08182453333     4.208941212e-09    -5.359192008e-11     4.455103346e-09    -2.997540543e-10
89       0.08264072121     4.206829075e-09    -5.184472874e-11     4.457385837e-09    -3.024014905e-10
90       0.08345690909     4.204645293e-09    -5.003709546e-11     4.459616473e-09    -3.050082758e-10
91       0.08427309697     4.202390277e-09    -4.816916127e-11     4.461794951e-09     -3.07573835e-10
92       0.08508928485     4.200064442e-09    -4.624108307e-11     4.463920966e-09    -3.100976075e-10
93       0.08590547273     4.197668208e-09    -4.425303287e-11     4.465994223e-09    -3.125790473e-10
94       0.08672166061     4.195202003e-09    -4.220519746e-11     4.468014428e-09    -3.150176227e-10
95       0.08753784848     4.192666222e-09    -4.009777668e-11     4.469981261e-09    -3.174128151e-10
96       0.08835403636     4.190061397e-09    -3.793098949e-11     4.471894535e-09    -3.197641273e-10
97       0.08917022424     4.187387865e-09    -3.570506114e-11      4.47375387e-09    -3.220710661e-10
98       0.08998641212     4.184646089e-09    -3.342023467e-11     4.475559014e-09    -3.243331592e-10
99           0.0908026     4.181836499e-09    -3.107676503e-11     4.477309681e-09    -3.265499475e-10
