#a[fm] a_mu[tm]  Da_mu[tm] a_mu[OS]   Da_mu[OS]
0                0.01     3.461121053e-09    -1.104714365e-11     3.465174088e-09    -1.510017893e-11
1       0.01081618788     3.559066949e-09    -1.242892893e-11     3.563793895e-09    -1.715587438e-11
2       0.01163237576     3.640499868e-09    -1.384815062e-11     3.645953403e-09    -1.930168526e-11
3       0.01244856364     3.709012978e-09    -1.530109077e-11      3.71524585e-09    -2.153396197e-11
4       0.01326475152     3.767207344e-09    -1.678406429e-11     3.774272318e-09    -2.384903841e-11
5       0.01408093939     3.817033081e-09    -1.829349487e-11     3.824982912e-09     -2.62433261e-11
6       0.01489712727     3.859992231e-09    -1.982594464e-11     3.868879641e-09    -2.871335436e-11
7       0.01571331515     3.897264942e-09    -2.137812161e-11     3.907142605e-09    -3.125578395e-11
8       0.01652950303     3.929792134e-09    -2.294687721e-11     3.940712665e-09    -3.386740835e-11
9       0.01734569091     3.958332391e-09    -2.452919973e-11     3.970348341e-09    -3.654514953e-11
10       0.01816187879     3.983502713e-09    -2.612220629e-11     3.996666558e-09    -3.928605139e-11
11       0.01897806667      4.00580866e-09    -2.772313487e-11     4.020172798e-09    -4.208727269e-11
12       0.01979425455     4.025667127e-09    -2.932933622e-11     4.041283871e-09    -4.494607947e-11
13       0.02061044242     4.043423896e-09    -3.093826684e-11     4.060345467e-09    -4.785983832e-11
14        0.0214266303     4.059367281e-09    -3.254748219e-11     4.077645809e-09    -5.082600979e-11
15       0.02224281818     4.073738859e-09    -3.415463048e-11     4.093426371e-09    -5.384214214e-11
16       0.02305900606        4.086742e-09    -3.575744713e-11     4.107890419e-09    -5.690586572e-11
17       0.02387519394     4.098548657e-09    -3.735374966e-11     4.121209796e-09    -6.001488785e-11
18       0.02469138182     4.109304821e-09    -3.894143305e-11     4.133530376e-09    -6.316698783e-11
19        0.0255075697     4.119134934e-09    -4.051846535e-11     4.144976481e-09    -6.636001265e-11
20       0.02632375758     4.128145466e-09    -4.208288402e-11     4.155654454e-09    -6.959187277e-11
21       0.02713994545     4.136427849e-09    -4.363279236e-11     4.165655595e-09    -7.286053852e-11
22       0.02795613333     4.144060785e-09    -4.516635524e-11     4.175058465e-09    -7.616403564e-11
23       0.02877232121     4.151112366e-09    -4.668179803e-11     4.183931012e-09    -7.950044382e-11
24       0.02958850909     4.157641665e-09     -4.81774034e-11     4.192332155e-09    -8.286789328e-11
25       0.03040469697     4.163699901e-09    -4.965150624e-11     4.200312954e-09    -8.626455957e-11
26       0.03122088485     4.169331824e-09    -5.110249484e-11     4.207917993e-09    -8.968866423e-11
27       0.03203707273     4.174576534e-09    -5.252880707e-11     4.215186198e-09    -9.313847107e-11
28       0.03285326061     4.179468277e-09    -5.392892837e-11     4.222151632e-09    -9.661228348e-11
29       0.03366944848     4.184037134e-09    -5.530139041e-11     4.228844187e-09    -1.001084432e-10
30       0.03448563636      4.18830961e-09    -5.664476941e-11     4.235290169e-09    -1.036253283e-10
31       0.03530182424     4.192309043e-09    -5.795768415e-11      4.24151271e-09    -1.071613506e-10
32       0.03611801212     4.196056089e-09    -5.923879492e-11     4.247532249e-09    -1.107149549e-10
33           0.0369342     4.199569034e-09     -6.04868024e-11     4.253366849e-09    -1.142846176e-10
34       0.03775038788       4.2028641e-09    -6.170044602e-11     4.259032498e-09    -1.178688439e-10
35       0.03856657576     4.205955705e-09    -6.287850307e-11      4.26454337e-09    -1.214661681e-10
36       0.03938276364     4.208856681e-09    -6.401978764e-11     4.269912044e-09    -1.250751512e-10
37       0.04019895152     4.211578469e-09    -6.512314963e-11       4.2751497e-09    -1.286943803e-10
38       0.04101513939     4.214131286e-09    -6.618747395e-11     4.280266279e-09    -1.323224673e-10
39       0.04183132727     4.216524264e-09    -6.721167955e-11     4.285270632e-09    -1.359580479e-10
40       0.04264751515     4.218765627e-09     -6.81947194e-11     4.290170689e-09    -1.395997815e-10
41       0.04346370303     4.220862563e-09    -6.913557665e-11     4.294973333e-09    -1.432463467e-10
42       0.04427989091       4.2228218e-09     -7.00332701e-11     4.299684977e-09    -1.468964474e-10
43       0.04509607879     4.224649187e-09    -7.088684716e-11     4.304311144e-09    -1.505488048e-10
44       0.04591226667     4.226350053e-09    -7.169538708e-11     4.308856827e-09    -1.542021613e-10
45       0.04672845455     4.227929184e-09    -7.245799904e-11     4.313326462e-09    -1.578552776e-10
46       0.04754464242     4.229390903e-09    -7.317382203e-11     4.317724014e-09    -1.615069333e-10
47        0.0483608303     4.230739099e-09    -7.384202403e-11        4.322053e-09    -1.651559256e-10
48       0.04917701818     4.231977291e-09      -7.4461802e-11     4.326316559e-09    -1.688010692e-10
49       0.04999320606     4.233108665e-09    -7.503238116e-11      4.33051748e-09    -1.724411958e-10
50       0.05080939394       4.2341361e-09    -7.555301475e-11     4.334658239e-09    -1.760751533e-10
51       0.05162558182     4.235062203e-09    -7.602298302e-11     4.338741026e-09    -1.797018055e-10
52        0.0524417697     4.235889348e-09    -7.644159436e-11     4.342767786e-09    -1.833200328e-10
53       0.05325795758     4.236619677e-09    -7.680818305e-11     4.346740224e-09    -1.869287297e-10
54       0.05407414545     4.237255148e-09    -7.712211027e-11     4.350659844e-09    -1.905268068e-10
55       0.05489033333     4.237797537e-09    -7.738276335e-11     4.354527963e-09    -1.941131889e-10
56       0.05570652121     4.238248466e-09    -7.758955538e-11     4.358345726e-09    -1.976868157e-10
57       0.05652270909     4.238609409e-09    -7.774192489e-11     4.362114125e-09    -2.012466407e-10
58       0.05733889697     4.238881717e-09    -7.783933552e-11     4.365834014e-09    -2.047916317e-10
59       0.05815508485     4.239066633e-09    -7.788127692e-11     4.369506128e-09    -2.083207716e-10
60       0.05897127273     4.239165279e-09    -7.786726142e-11     4.373131073e-09    -2.118330554e-10
61       0.05978746061     4.239178699e-09     -7.77968276e-11     4.376709365e-09    -2.153274929e-10
62       0.06060364848     4.239107853e-09    -7.766953702e-11     4.380241424e-09    -2.188031074e-10
63       0.06141983636     4.238953621e-09    -7.748497563e-11     4.383727581e-09    -2.222589355e-10
64       0.06223602424     4.238716819e-09    -7.724275271e-11     4.387168094e-09    -2.256940276e-10
65       0.06305221212     4.238398203e-09    -7.694250091e-11     4.390563149e-09    -2.291074472e-10
66           0.0638684     4.237998476e-09    -7.658387585e-11     4.393912872e-09    -2.324982715e-10
67       0.06468458788     4.237518293e-09    -7.616655591e-11     4.397217328e-09    -2.358655909e-10
68       0.06550077576     4.236958264e-09    -7.569024228e-11     4.400476532e-09    -2.392085094e-10
69       0.06631696364     4.236318968e-09    -7.515465793e-11     4.403690455e-09    -2.425261442e-10
70       0.06713315152     4.235600937e-09    -7.455954774e-11     4.406859015e-09    -2.458176254e-10
71       0.06794933939     4.234804691e-09    -7.390467862e-11      4.40998211e-09    -2.490820977e-10
72       0.06876552727     4.233930712e-09    -7.318983959e-11     4.413059591e-09    -2.523187188e-10
73       0.06958171515     4.232979462e-09     -7.24148392e-11     4.416091282e-09    -2.555266591e-10
74       0.07039790303     4.231951387e-09    -7.157950809e-11     4.419076982e-09    -2.587051035e-10
75       0.07121409091     4.230846915e-09    -7.068369714e-11     4.422016468e-09    -2.618532504e-10
76       0.07203027879     4.229666455e-09     -6.97272779e-11     4.424909489e-09    -2.649703116e-10
77       0.07284646667     4.228410409e-09    -6.871014091e-11     4.427755781e-09    -2.680555123e-10
78       0.07366265455     4.227079168e-09    -6.763219746e-11     4.430555063e-09    -2.711080922e-10
79       0.07447884242     4.225673109e-09    -6.649337825e-11     4.433307035e-09    -2.741273042e-10
80        0.0752950303     4.224192603e-09    -6.529363292e-11     4.436011385e-09    -2.771124156e-10
81       0.07611121818     4.222638013e-09    -6.403292937e-11      4.43866779e-09     -2.80062707e-10
82       0.07692740606     4.221009696e-09    -6.271125476e-11     4.441275915e-09    -2.829774732e-10
83       0.07774359394     4.219308014e-09    -6.132861489e-11     4.443835423e-09    -2.858560243e-10
84       0.07855978182     4.217533309e-09    -5.988503255e-11     4.446345959e-09    -2.886976826e-10
85        0.0793759697     4.215685935e-09    -5.838054883e-11     4.448807172e-09     -2.91501786e-10
86       0.08019215758     4.213766242e-09    -5.681522261e-11     4.451218706e-09    -2.942676866e-10
87       0.08100834545     4.211774581e-09    -5.518912941e-11     4.453580202e-09    -2.969947506e-10
88       0.08182453333     4.209711312e-09    -5.350236161e-11     4.455891309e-09    -2.996823591e-10
89       0.08264072121     4.207576797e-09    -5.175502865e-11     4.458151677e-09    -3.023299079e-10
90       0.08345690909     4.205371403e-09     -4.99472559e-11     4.460360954e-09    -3.049368065e-10
91       0.08427309697     4.203095507e-09    -4.807918437e-11     4.462518803e-09    -3.075024799e-10
92       0.08508928485     4.200749494e-09    -4.615097096e-11     4.464624891e-09    -3.100263674e-10
93       0.08590547273     4.198333756e-09    -4.416278769e-11     4.466678891e-09    -3.125079228e-10
94       0.08672166061      4.19584869e-09    -4.211482135e-11     4.468680484e-09    -3.149466148e-10
95       0.08753784848     4.193294668e-09    -4.000727177e-11     4.470629321e-09    -3.173419244e-10
96       0.08835403636     4.190672193e-09    -3.784035791e-11      4.47252519e-09    -3.196933544e-10
97       0.08917022424     4.187981582e-09    -3.561430503e-11     4.474367689e-09    -3.220004119e-10
98       0.08998641212     4.185223272e-09    -3.332935616e-11      4.47615654e-09    -3.242626243e-10
99           0.0908026     4.182397673e-09    -3.098576626e-11     4.477891439e-09    -3.264795325e-10
