
0                   0                   0                   0
1       0.01981993144       0.03083068705       0.05065061848
2    -0.0001585730891      0.006482339782      0.006323766693
3    -0.0001416255666       0.00201006078      0.001868435213
4    -4.602624323e-05     0.0008304858116     0.0007844595684
5    -1.641523451e-05      0.000415247556     0.0003988323215
6    -6.776096864e-06     0.0002354373812     0.0002286612844
7    -3.174585975e-06     0.0001454994758     0.0001423248898
8    -1.644019293e-06     9.566466664e-05     9.402064734e-05
9    -9.210218711e-07      6.58882229e-05     6.496720102e-05
10    -5.492737479e-07      4.70424986e-05     4.649322485e-05
11    -3.445844497e-07     3.456249788e-05     3.421791343e-05
12    -2.253764854e-07     2.599101612e-05     2.576563963e-05
13    -1.526338674e-07     1.992494122e-05     1.977230735e-05
14    -1.064617895e-07      1.55232639e-05     1.541680211e-05
15    -7.615218703e-08     1.226104899e-05     1.218489681e-05
16    -5.566938755e-08     9.799192788e-06       9.7435234e-06
17    -4.147304996e-08     7.912079125e-06     7.870606075e-06
18    -3.141310494e-08     6.445707988e-06     6.414294883e-06
19    -2.414329163e-08     5.292582049e-06     5.268438757e-06
20    -1.879751608e-08     4.376167589e-06     4.357370073e-06
21    -1.480496858e-08      3.64101168e-06     3.626206711e-06
22    -1.178120606e-08     3.046301307e-06     3.034520101e-06
23    -9.462190923e-09     2.561572944e-06     2.552110753e-06
24    -7.663337764e-09     2.163797843e-06     2.156134505e-06
25    -6.253506612e-09     1.835366384e-06     1.829112877e-06
26    -5.138144839e-09     1.562671452e-06     1.557533307e-06
27    -4.248152215e-09      1.33509803e-06     1.330849878e-06
28    -3.532398212e-09     1.144292727e-06     1.140760329e-06
29    -2.952613108e-09     9.836290869e-07     9.806764738e-07
30    -2.479848256e-09     8.478117128e-07     8.453318645e-07
31    -2.091989976e-09     7.325800404e-07     7.304880505e-07
32    -1.771991233e-09     6.344845056e-07     6.327125143e-07
33    -1.506598985e-09     5.507158616e-07     5.492092627e-07
34    -1.285428129e-09     4.789739223e-07     4.776884942e-07
35      -1.1002807e-09     4.173658213e-07     4.162655406e-07
36    -9.446405152e-10     3.643265677e-07     3.633819271e-07
37    -8.132946572e-10     3.185565805e-07     3.177432859e-07
38    -7.020475227e-10     2.789722556e-07     2.782702081e-07
39    -6.075030766e-10     2.446666058e-07     2.440591028e-07
40    -5.268977779e-10     2.148777439e-07     2.143508461e-07
41    -4.579714711e-10     1.889635075e-07      1.88505536e-07
42    -3.988669391e-10      1.66380927e-07       1.6598206e-07
43    -3.480512553e-10     1.466695312e-07     1.463214799e-07
44    -3.042538301e-10     1.294377125e-07     1.291334587e-07
45    -2.664173266e-10      1.14351543e-07     1.140851256e-07
46    -2.336585609e-10     1.011255636e-07      1.00891905e-07
47    -2.052371935e-10     8.951516954e-08     8.930993235e-08
48    -1.805305362e-10     7.931029215e-08     7.912976161e-08
49    -1.590131835e-10     7.033013802e-08     7.017112483e-08
50    -1.402404732e-10     6.241879481e-08     6.227855434e-08
51    -1.238349968e-10     5.544154902e-08     5.531771402e-08
52    -1.094755539e-10      4.92817913e-08     4.917231574e-08
53    -9.688807221e-11      4.38384083e-08     4.374152023e-08
54    -8.583811658e-11     3.902357864e-08     3.893774052e-08
55    -7.612468566e-11     3.476090546e-08     3.468478077e-08
56    -6.757505884e-11     3.098383053e-08     3.091625547e-08
57    -6.004050111e-11     2.763428411e-08     2.757424361e-08
58    -5.339267221e-11     2.466153303e-08     2.460814036e-08
59    -4.752061548e-11     2.202119584e-08     2.197367522e-08
60     -4.23282259e-11     1.967439898e-08     1.963207076e-08
61    -3.773211509e-11     1.758705251e-08     1.754932039e-08
62    -3.365980651e-11      1.57292271e-08      1.56955673e-08
63     -3.00482058e-11     1.407461743e-08     1.404456922e-08
64     -2.68423014e-11     1.260007892e-08     1.257323661e-08
65    -2.399405811e-11     1.128522737e-08     1.126123332e-08
66    -2.146147296e-11     1.011209233e-08     1.009063086e-08
67    -1.920776773e-11     9.064816417e-09     9.045608649e-09
68    -1.720069716e-11      8.12939433e-09     8.112193632e-09
69    -1.541195488e-11     7.293445842e-09     7.278033887e-09
70    -1.381666249e-11     6.546018138e-09     6.532201475e-09
71    -1.239292917e-11     5.877413476e-09     5.865020547e-09
72    -1.112147165e-11      5.27903875e-09     5.267917279e-09
73    -9.985285493e-12     4.743273998e-09     4.733288713e-09
74    -8.969360446e-12      4.26335735e-09     4.254387989e-09
75    -8.060433536e-12     3.833284239e-09     3.825223805e-09
76    -7.246774556e-12     3.447719028e-09     3.440472254e-09
77    -6.517999459e-12     3.101917422e-09     3.095399423e-09
78    -5.864907787e-12       2.7916583e-09     2.785793392e-09
79    -5.279340846e-12     2.513183753e-09     2.507904412e-09
80    -4.754057839e-12     2.263146306e-09     2.258392248e-09
81    -4.282627523e-12     2.038562401e-09     2.034279773e-09
82    -3.859333349e-12     1.836771382e-09     1.832912049e-09
83    -3.479090309e-12     1.655399294e-09     1.651920204e-09
84    -3.137371948e-12       1.4923269e-09     1.489189528e-09
85    -2.830146253e-12     1.345661408e-09     1.342831261e-09
86    -2.553819257e-12     1.213711465e-09     1.211157645e-09
87    -2.305185398e-12     1.094965007e-09     1.092659821e-09
88    -2.081383769e-12     9.880696426e-10     9.859882588e-10
89    -1.879859529e-12      8.91815259e-10     8.899353995e-10
90    -1.698329835e-12     8.051185885e-10     8.034202587e-10
91    -1.534753735e-12     7.270095106e-10     7.254747569e-10
92    -1.387305544e-12     6.566188827e-10     6.552315772e-10
93    -1.254351276e-12     5.931677237e-10     5.919133724e-10
94    -1.134427765e-12     5.359575944e-10     5.348231666e-10
95    -1.026224163e-12     4.843620374e-10     4.833358132e-10
96    -9.285655085e-13     4.378189557e-10     4.368903902e-10
97                   0                   0                   0
98                   0                   0                   0
99                   0                   0                   0
100                   0                   0                   0
101                   0                   0                   0
102                   0                   0                   0
103                   0                   0                   0
104                   0                   0                   0
105                   0                   0                   0
106                   0                   0                   0
107                   0                   0                   0
108                   0                   0                   0
109                   0                   0                   0
110                   0                   0                   0
111                   0                   0                   0
112                   0                   0                   0
113                   0                   0                   0
114                   0                   0                   0
115                   0                   0                   0
116                   0                   0                   0
117                   0                   0                   0
118                   0                   0                   0
119                   0                   0                   0
120                   0                   0                   0
121                   0                   0                   0
122                   0                   0                   0
123                   0                   0                   0
124                   0                   0                   0
125                   0                   0                   0
126                   0                   0                   0
127                   0                   0                   0
128                   0                   0                   0
129                   0                   0                   0
130                   0                   0                   0
131                   0                   0                   0
132                   0                   0                   0
133                   0                   0                   0
134                   0                   0                   0
135                   0                   0                   0
136                   0                   0                   0
137                   0                   0                   0
138                   0                   0                   0
139                   0                   0                   0
140                   0                   0                   0
141                   0                   0                   0
142                   0                   0                   0
143                   0                   0                   0
144                   0                   0                   0
145                   0                   0                   0
146                   0                   0                   0
147                   0                   0                   0
148                   0                   0                   0
149                   0                   0                   0
150                   0                   0                   0
151                   0                   0                   0
152                   0                   0                   0
153                   0                   0                   0
154                   0                   0                   0
155                   0                   0                   0
156                   0                   0                   0
157                   0                   0                   0
158                   0                   0                   0
159                   0                   0                   0
160                   0                   0                   0
161                   0                   0                   0
162                   0                   0                   0
163                   0                   0                   0
164                   0                   0                   0
165                   0                   0                   0
166                   0                   0                   0
167                   0                   0                   0
168                   0                   0                   0
169                   0                   0                   0
170                   0                   0                   0
171                   0                   0                   0
172                   0                   0                   0
173                   0                   0                   0
174                   0                   0                   0
175                   0                   0                   0
176                   0                   0                   0
177                   0                   0                   0
178                   0                   0                   0
179                   0                   0                   0
180                   0                   0                   0
181                   0                   0                   0
182                   0                   0                   0
183                   0                   0                   0
184                   0                   0                   0
185                   0                   0                   0
186                   0                   0                   0
187                   0                   0                   0
188                   0                   0                   0
189                   0                   0                   0
190                   0                   0                   0
191                   0                   0                   0
