
0                   0                   0                   0
1      0.005994662642       0.04465595584       0.05065061848
2     -0.001213665824      0.007537432518      0.006323766693
3    -0.0002378281163       0.00210626333      0.001868435213
4     -5.64050483e-05     0.0008408646167     0.0007844595684
5    -1.775574992e-05     0.0004165880714     0.0003988323215
6    -6.991890991e-06     0.0002356531753     0.0002286612844
7    -3.221125621e-06     0.0001455460154     0.0001423248898
8    -1.658706271e-06     9.567935362e-05     9.402064734e-05
9    -9.279416243e-07     6.589514265e-05     6.496720102e-05
10    -5.536512759e-07     4.704687613e-05     4.649322485e-05
11    -3.478295062e-07     3.456574294e-05     3.421791343e-05
12    -2.279655667e-07      2.59936052e-05     2.576563963e-05
13    -1.547708068e-07     1.992707816e-05     1.977230735e-05
14    -1.082556397e-07     1.552505775e-05     1.541680211e-05
15    -7.767248964e-08      1.22625693e-05     1.218489681e-05
16      -5.6965859e-08     9.800489259e-06       9.7435234e-06
17    -4.258367012e-08     7.913189745e-06     7.870606075e-06
18    -3.236798589e-08     6.446662869e-06     6.414294883e-06
19    -2.496682418e-08     5.293405581e-06     5.268438757e-06
20    -1.950972003e-08     4.376879793e-06     4.357370073e-06
21    -1.542242394e-08     3.641629135e-06     3.626206711e-06
22    -1.231773564e-08     3.046837837e-06     3.034520101e-06
23    -9.929380346e-09     2.562040134e-06     2.552110753e-06
24    -8.070941535e-09     2.164205447e-06     2.156134505e-06
25    -6.609770246e-09     1.835722648e-06     1.829112877e-06
26     -5.45006338e-09     1.562983371e-06     1.557533307e-06
27    -4.521679438e-09     1.335371557e-06     1.330849878e-06
28    -3.772617083e-09     1.144532946e-06     1.140760329e-06
29    -3.163875464e-09     9.838403493e-07     9.806764738e-07
30    -2.665889851e-09     8.479977544e-07     8.453318645e-07
31    -2.256025661e-09     7.327440761e-07     7.304880505e-07
32    -1.916794043e-09     6.346293084e-07     6.327125143e-07
33    -1.634566102e-09     5.508438288e-07     5.492092627e-07
34      -1.3986361e-09     4.790871303e-07     4.776884942e-07
35    -1.200531823e-09     4.174660724e-07     4.162655406e-07
36    -1.033501935e-09     3.644154291e-07     3.633819271e-07
37    -8.921314082e-10     3.186354173e-07     3.177432859e-07
38    -7.720505464e-10     2.790422586e-07     2.782702081e-07
39    -6.697130396e-10     2.447288158e-07     2.440591028e-07
40    -5.822253728e-10     2.149330715e-07     2.143508461e-07
41    -5.072147629e-10     1.890127508e-07      1.88505536e-07
42    -4.427262222e-10     1.664247862e-07       1.6598206e-07
43    -3.871418064e-10     1.467086217e-07     1.463214799e-07
44    -3.391168781e-10     1.294725755e-07     1.291334587e-07
45    -2.975295083e-10     1.143826551e-07     1.140851256e-07
46    -2.614400872e-10     1.011533451e-07      1.00891905e-07
47    -2.300589142e-10     8.953999126e-08     8.930993235e-08
48    -2.027200629e-10     7.933248168e-08     7.912976161e-08
49     -1.78860206e-10     7.034998504e-08     7.017112483e-08
50    -1.580013809e-10     6.243655572e-08     6.227855434e-08
51    -1.397369041e-10     5.545745093e-08     5.531771402e-08
52      -1.2371981e-10     4.929603555e-08     4.917231574e-08
53    -1.096533268e-10     4.385117356e-08     4.374152023e-08
54         -9.7283e-11     3.903502352e-08     3.893774052e-08
55    -8.639015586e-11     3.477117093e-08     3.468478077e-08
56    -7.678645864e-11     3.099304193e-08     3.091625547e-08
57    -6.830936371e-11     2.764255298e-08     2.757424361e-08
58    -6.081830746e-11     2.466895867e-08     2.460814036e-08
59    -5.419150512e-11     2.202786673e-08     2.197367522e-08
60    -4.832325192e-11     1.968039401e-08     1.963207076e-08
61    -4.312164233e-11     1.759244203e-08     1.754932039e-08
62    -3.850663761e-11     1.573407393e-08      1.56955673e-08
63     -3.44084244e-11     1.407897765e-08     1.404456922e-08
64    -3.076601725e-11     1.260400263e-08     1.257323661e-08
65    -2.752606611e-11     1.128875938e-08     1.126123332e-08
66    -2.464183645e-11      1.01152727e-08     1.009063086e-08
67    -2.207233531e-11     9.067680984e-09     9.045608649e-09
68    -1.978156075e-11     8.131975193e-09     8.112193632e-09
69    -1.773785616e-11     7.295771743e-09     7.278033887e-09
70    -1.591335371e-11     6.548114829e-09     6.532201475e-09
71     -1.42834937e-11     5.879304041e-09     5.865020547e-09
72    -1.282660892e-11     5.280743888e-09     5.267917279e-09
73    -1.152356446e-11     4.744812277e-09     4.733288713e-09
74     -1.03574452e-11     4.264745434e-09     4.254387989e-09
75     -9.31328423e-12      3.83453709e-09     3.825223805e-09
76    -8.377826432e-12      3.44885008e-09     3.440472254e-09
77    -7.539322488e-12     3.102938745e-09     3.095399423e-09
78    -6.787349067e-12     2.792580741e-09     2.785793392e-09
79    -6.112651703e-12     2.514017064e-09     2.507904412e-09
80    -5.507007318e-12     2.263899256e-09     2.258392248e-09
81    -4.963103788e-12     2.039242877e-09     2.034279773e-09
82     -4.47443432e-12     1.837386483e-09     1.832912049e-09
83    -4.035204703e-12     1.655955409e-09     1.651920204e-09
84    -3.640251796e-12     1.492829779e-09     1.489189528e-09
85    -3.284971791e-12     1.346116233e-09     1.342831261e-09
86    -2.965257039e-12     1.214122902e-09     1.211157645e-09
87     -2.67744035e-12     1.095337262e-09     1.092659821e-09
88    -2.418245832e-12     9.884065046e-10     9.859882588e-10
89    -2.184745476e-12     8.921201449e-10     8.899353995e-10
90    -1.974320773e-12     8.053945794e-10     8.034202587e-10
91    -1.784628748e-12     7.272593856e-10     7.254747569e-10
92    -1.613571886e-12     6.568451491e-10     6.552315772e-10
93    -1.459271476e-12     5.933726439e-10     5.919133724e-10
94    -1.320043974e-12     5.361432106e-10     5.348231666e-10
95    -1.194380016e-12     4.845301932e-10     4.833358132e-10
96    -1.080925784e-12      4.37971316e-10     4.368903902e-10
97                   0                   0                   0
98                   0                   0                   0
99                   0                   0                   0
100                   0                   0                   0
101                   0                   0                   0
102                   0                   0                   0
103                   0                   0                   0
104                   0                   0                   0
105                   0                   0                   0
106                   0                   0                   0
107                   0                   0                   0
108                   0                   0                   0
109                   0                   0                   0
110                   0                   0                   0
111                   0                   0                   0
112                   0                   0                   0
113                   0                   0                   0
114                   0                   0                   0
115                   0                   0                   0
116                   0                   0                   0
117                   0                   0                   0
118                   0                   0                   0
119                   0                   0                   0
120                   0                   0                   0
121                   0                   0                   0
122                   0                   0                   0
123                   0                   0                   0
124                   0                   0                   0
125                   0                   0                   0
126                   0                   0                   0
127                   0                   0                   0
128                   0                   0                   0
129                   0                   0                   0
130                   0                   0                   0
131                   0                   0                   0
132                   0                   0                   0
133                   0                   0                   0
134                   0                   0                   0
135                   0                   0                   0
136                   0                   0                   0
137                   0                   0                   0
138                   0                   0                   0
139                   0                   0                   0
140                   0                   0                   0
141                   0                   0                   0
142                   0                   0                   0
143                   0                   0                   0
144                   0                   0                   0
145                   0                   0                   0
146                   0                   0                   0
147                   0                   0                   0
148                   0                   0                   0
149                   0                   0                   0
150                   0                   0                   0
151                   0                   0                   0
152                   0                   0                   0
153                   0                   0                   0
154                   0                   0                   0
155                   0                   0                   0
156                   0                   0                   0
157                   0                   0                   0
158                   0                   0                   0
159                   0                   0                   0
160                   0                   0                   0
161                   0                   0                   0
162                   0                   0                   0
163                   0                   0                   0
164                   0                   0                   0
165                   0                   0                   0
166                   0                   0                   0
167                   0                   0                   0
168                   0                   0                   0
169                   0                   0                   0
170                   0                   0                   0
171                   0                   0                   0
172                   0                   0                   0
173                   0                   0                   0
174                   0                   0                   0
175                   0                   0                   0
176                   0                   0                   0
177                   0                   0                   0
178                   0                   0                   0
179                   0                   0                   0
180                   0                   0                   0
181                   0                   0                   0
182                   0                   0                   0
183                   0                   0                   0
184                   0                   0                   0
185                   0                   0                   0
186                   0                   0                   0
187                   0                   0                   0
188                   0                   0                   0
189                   0                   0                   0
190                   0                   0                   0
191                   0                   0                   0
