
0                             0                             0                             0
1           0.01986457541304482           0.03079601639115201           0.05066059180419683
2        -0.0001508015391312248          0.006483375499935281          0.006332573960804056
3        -0.0001395444459109591          0.002015862627546306          0.001876318181635347
4        -4.523663699186956e-05         0.0008368083503484332         0.0007915717133565636
5        -1.603844755531286e-05         0.0004213231483855571         0.0004052847008302442
6        -6.568640949693503e-06           0.00024110838426657         0.0002345397433168765
7        -3.049175782460261e-06          0.000150747660681382         0.0001476984848989218
8        -1.563109344042906e-06         0.0001005095443146278         9.894643497058491e-05
9        -8.662669089439228e-07         7.035950082074843e-05         6.949323391180451e-05
10        -5.108422286903951e-07         5.117140081260774e-05         5.066055858391735e-05
11        -3.168257999227824e-07         3.837884511372206e-05         3.806201931379928e-05
12        -2.048599870889335e-07         2.952229905352324e-05         2.931743906643431e-05
13        -1.371824240206718e-07         2.319613527011283e-05         2.305895284609216e-05
14        -9.464263519935395e-08         1.855692456489444e-05         1.846228192969509e-05
15        -6.699324235853232e-08         1.507750618022583e-05          1.50105129378673e-05
16        -4.849386449737628e-08         1.241676971336495e-05         1.236827584886757e-05
17        -3.579918492404788e-08          1.03473057135345e-05         1.031150652861046e-05
18         -2.68913098166408e-08          8.71351718192552e-06         8.686625872108879e-06
19         -2.05156008284608e-08          7.40648574782115e-06         7.385970146992689e-06
20        -1.587074677964354e-08          6.34841235438258e-06         6.332541607602936e-06
21        -1.243255405113476e-08         5.482715761577212e-06         5.470283207526077e-06
22        -9.850651507569596e-09         4.767574998129715e-06         4.757724346622145e-06
23        -7.886255665645256e-09         4.171624306821214e-06         4.163738051155568e-06
24        -6.373736445659685e-09         3.671025696572707e-06         3.664651960127047e-06
25         -5.19634394747405e-09         3.247442242476573e-06         3.242245898529099e-06
26        -4.270562923201378e-09         2.886611886855655e-06         2.882341323932454e-06
27        -3.535838561567419e-09         2.577328724338111e-06         2.573792885776543e-06
28        -2.947713102464913e-09          2.31070531099387e-06         2.307757597891405e-06
29        -2.473168092733643e-09         2.079631690612064e-06          2.07715852251933e-06
30        -2.087417112820065e-09         1.878374026898456e-06         1.876286609785636e-06
31         -1.77166716000956e-09         1.702273577423649e-06          1.70050191026364e-06
32        -1.511536511651342e-09         1.547518643585669e-06         1.546007107074018e-06
33        -1.295923282190323e-09         1.410970179307036e-06         1.409674256024845e-06
34        -1.116187406580511e-09         1.290027260556881e-06           1.2889110731503e-06
35        -9.655532322373262e-10         1.182522450602259e-06         1.181556897370022e-06
36        -8.386688370133268e-10         1.086639788864365e-06         1.085801120027352e-06
37        -7.312781656965961e-10         1.000850045353056e-06         1.000118767187359e-06
38        -6.399749271104853e-10         9.238592562071214e-07          9.23219281280011e-07
39        -5.620163994534394e-10         8.545675521286515e-07          8.54005535729198e-07
40        -4.951814817825204e-10         7.920360202910531e-07         7.915408388092706e-07
41        -4.376616973194055e-10         7.354598782642412e-07         7.350222165669218e-07
42        -3.879769247373499e-10         6.841466388357018e-07         6.837586619109644e-07
43        -3.449098250221425e-10         6.374982448637783e-07         6.371533350387561e-07
44        -3.074545083361922e-10         5.949963801641786e-07         5.946889256558424e-07
45        -2.747760630934747e-10         5.561903349811299e-07         5.559155589180364e-07
46        -2.461786080160502e-10         5.206869370152025e-07         5.204407584071865e-07
47        -2.210797218749697e-10         4.881421604769939e-07         4.879210807551189e-07
48        -1.989900768314511e-10         4.582541051901759e-07         4.580551151133445e-07
49        -1.794970230253407e-10         4.307570989995303e-07         4.305776019765049e-07
50        -1.622513320597147e-10          4.05416725297604e-07         4.052544739655443e-07
51        -1.469564387572769e-10         3.820256155472123e-07          3.81878659108455e-07
52        -1.333596729594153e-10          3.60399876894885e-07         3.602665172219255e-07
53        -1.212450837534468e-10         3.403760490266929e-07         3.402548039429394e-07
54        -1.104275438488125e-10         3.218085036633186e-07         3.216980761194697e-07
55        -1.007478870950819e-10         3.045672155556863e-07         3.044664676685912e-07
56         -9.20688836617028e-11         2.885358463234279e-07         2.884437774397662e-07
57        -8.427189660043486e-11         2.736100925913354e-07          2.73525820694735e-07
58        -7.725409532268198e-11         2.596962581074948e-07         2.596190040121721e-07
59        -7.092612533540963e-11         2.467100162455155e-07         2.466390901201801e-07
60        -6.521015356867644e-11         2.345753348016133e-07         2.345101246480446e-07
61        -6.003822370012494e-11         2.232235395275387e-07         2.231635013038386e-07
62        -5.535086822966409e-11         2.125924965799332e-07         2.125371457117035e-07
63        -5.109593399552247e-11         2.026258971635955e-07            2.025748012296e-07
64        -4.722758539416102e-11         1.932726302185384e-07         1.932254026331443e-07
65        -4.370545635182381e-11         1.844862311450652e-07         1.844425256887133e-07
66        -4.049392688306813e-11         1.762243963526832e-07         1.761839024258001e-07
67        -3.756150442613188e-11         1.684485549209118e-07         1.684109934164857e-07
68        -3.488029350615561e-11         1.611234899226125e-07         1.610886096291063e-07
69        -3.242554003892138e-11          1.54217003024646e-07          1.54184577484607e-07
70        -3.017523888791511e-11         1.476996168800075e-07         1.476694416411196e-07
71        -2.810979512618954e-11         1.415443105874818e-07         1.415162007923556e-07
72        -2.621173116320837e-11         1.357262841421378e-07         1.357000724109746e-07
73        -2.446543262106542e-11         1.302227483503559e-07         1.301982829177349e-07
74         -2.28569279843956e-11         1.250127371542787e-07         1.249898802262944e-07
75        -2.137369658700548e-11         1.200769397113145e-07         1.200555660147275e-07
76        -2.000450131586498e-11         1.153975499200423e-07         1.153775454187264e-07
77        -1.873924245080774e-11         1.109581313793269e-07         1.109393921368761e-07
78        -1.756882979234782e-11         1.067434960224888e-07         1.067259271926965e-07
79        -1.648507049414898e-11         1.027395948879821e-07          1.02723109817488e-07
80         -1.54805706733187e-11         9.893341967826108e-08         9.891793910758776e-08
81        -1.454864879177337e-11         9.531291392258113e-08         9.529836527378936e-08
82        -1.368325936804388e-11         9.186689270244578e-08         9.185320944307773e-08
83        -1.287892566362026e-11         8.858497002225274e-08         8.857209109658912e-08
84        -1.213068019160581e-11         8.545749301564294e-08         8.544536233545133e-08
85        -1.143401205043196e-11         8.247548227217907e-08         8.246404826012864e-08
86        -1.078482025340161e-11         7.963057765124024e-08         7.961979283098684e-08
87        -1.017937229539761e-11         7.691498902192144e-08         7.690480964962604e-08
88        -9.614267308392055e-12         7.432145143079462e-08         7.431183716348623e-08
89        -9.086403290429875e-12         7.184318425478418e-08         7.183409785149375e-08
90        -8.592947871861544e-12         6.947385394497502e-08         6.946526099710316e-08
91        -8.131312230778205e-12         6.720754001009642e-08         6.719940869786564e-08
92        -7.699127788091265e-12         6.503870392616419e-08          6.50310047983761e-08
93        -7.294225348869612e-12         6.296216069210436e-08         6.295486646675549e-08
94        -6.914616379761573e-12         6.097305278065744e-08         6.096613816427768e-08
95         -6.55847642575741e-12         5.906682626025082e-08         5.906026778382506e-08
96        -6.224129703553356e-12         5.723920888568354e-08         5.723298475597998e-08
97        -5.910035949254153e-12          5.54861899780318e-08         5.548027994208254e-08
98        -5.614778024792102e-12         5.380400192985766e-08         5.379838715183286e-08
99        -5.337051011292607e-12         5.218910319026543e-08         5.218376613925414e-08
100        -5.075652278195207e-12          5.06381625975821e-08         5.063308694530391e-08
101        -4.829472598016922e-12         4.914804494092955e-08         4.914321546833153e-08
102        -4.597488024378318e-12         4.771579764313633e-08         4.771120015511196e-08
103        -4.378752598877774e-12         4.633863846809744e-08         4.633425971549857e-08
104        -4.172391730820935e-12         4.501394416470086e-08         4.500977177297003e-08
105        -3.977596202278854e-12         4.373923996782315e-08         4.373526237162087e-08
106        -3.793616701820422e-12         4.251218988427116e-08         4.250839626756934e-08
107        -3.619758915149111e-12         4.133058769833942e-08         4.132696793942427e-08
108        -3.455378990485622e-12         4.019234863743816e-08         4.018889325844768e-08
109        -3.299879471545804e-12         3.909550164391741e-08         3.909220176444586e-08
110        -3.152705556738759e-12         3.803818220383946e-08         3.803502949828272e-08
111         -3.01334171560109e-12         3.701862568800853e-08         3.701561234629293e-08
112        -2.881308579008075e-12          3.60351611644088e-08         3.603227985582979e-08
113                             0                             0                             0
114                             0                             0                             0
115                             0                             0                             0
116                             0                             0                             0
117                             0                             0                             0
118                             0                             0                             0
119                             0                             0                             0
120                             0                             0                             0
121                             0                             0                             0
122                             0                             0                             0
123                             0                             0                             0
124                             0                             0                             0
125                             0                             0                             0
126                             0                             0                             0
127                             0                             0                             0
128                             0                             0                             0
129                             0                             0                             0
130                             0                             0                             0
131                             0                             0                             0
132                             0                             0                             0
133                             0                             0                             0
134                             0                             0                             0
135                             0                             0                             0
136                             0                             0                             0
137                             0                             0                             0
138                             0                             0                             0
139                             0                             0                             0
140                             0                             0                             0
141                             0                             0                             0
142                             0                             0                             0
143                             0                             0                             0
144                             0                             0                             0
145                             0                             0                             0
146                             0                             0                             0
147                             0                             0                             0
148                             0                             0                             0
149                             0                             0                             0
150                             0                             0                             0
151                             0                             0                             0
152                             0                             0                             0
153                             0                             0                             0
154                             0                             0                             0
155                             0                             0                             0
156                             0                             0                             0
157                             0                             0                             0
158                             0                             0                             0
159                             0                             0                             0
160                             0                             0                             0
161                             0                             0                             0
162                             0                             0                             0
163                             0                             0                             0
164                             0                             0                             0
165                             0                             0                             0
166                             0                             0                             0
167                             0                             0                             0
168                             0                             0                             0
169                             0                             0                             0
170                             0                             0                             0
171                             0                             0                             0
172                             0                             0                             0
173                             0                             0                             0
174                             0                             0                             0
175                             0                             0                             0
176                             0                             0                             0
177                             0                             0                             0
178                             0                             0                             0
179                             0                             0                             0
180                             0                             0                             0
181                             0                             0                             0
182                             0                             0                             0
183                             0                             0                             0
184                             0                             0                             0
185                             0                             0                             0
186                             0                             0                             0
187                             0                             0                             0
188                             0                             0                             0
189                             0                             0                             0
190                             0                             0                             0
191                             0                             0                             0
192                             0                             0                             0
193                             0                             0                             0
194                             0                             0                             0
195                             0                             0                             0
196                             0                             0                             0
197                             0                             0                             0
198                             0                             0                             0
199                             0                             0                             0
200                             0                             0                             0
201                             0                             0                             0
202                             0                             0                             0
203                             0                             0                             0
204                             0                             0                             0
205                             0                             0                             0
206                             0                             0                             0
207                             0                             0                             0
208                             0                             0                             0
209                             0                             0                             0
210                             0                             0                             0
211                             0                             0                             0
212                             0                             0                             0
213                             0                             0                             0
214                             0                             0                             0
215                             0                             0                             0
216                             0                             0                             0
217                             0                             0                             0
218                             0                             0                             0
219                             0                             0                             0
220                             0                             0                             0
221                             0                             0                             0
222                             0                             0                             0
223                             0                             0                             0
