
0                             0                             0                             0
1          0.006017549569061337           0.04464304223513549           0.05066059180419683
2         -0.001208916526390325          0.007541490487194382          0.006332573960804056
3        -0.0002362482358408511          0.002112566417476198          0.001876318181635347
4        -5.571447324030187e-05         0.0008472861865968655         0.0007915717133565636
5        -1.739977513042705e-05         0.0004226844759606713         0.0004052847008302442
6        -6.786922290714963e-06         0.0002413266656075914         0.0002345397433168765
7        -3.093427733104516e-06         0.0001507919126320263         0.0001476984848989218
8        -1.574386711957048e-06          0.000100520821682542         9.894643497058491e-05
9        -8.697539305205069e-07         7.036298784232502e-05         6.949323391180451e-05
10        -5.120949667989557e-07          5.11726535507163e-05         5.066055858391735e-05
11        -3.173304658034821e-07         3.837934977960276e-05         3.806201931379928e-05
12        -2.050823117612605e-07         2.952252137819557e-05         2.931743906643431e-05
13        -1.372876859184891e-07         2.319624053201065e-05         2.305895284609216e-05
14         -9.46955363935417e-08         1.855697746608863e-05         1.846228192969509e-05
15        -6.702120335216189e-08         1.507753414121946e-05          1.50105129378673e-05
16        -4.850929672266934e-08         1.241678514559024e-05         1.236827584886757e-05
17        -3.580802853967481e-08         1.034731455715013e-05         1.031150652861046e-05
18        -2.689654776035943e-08         8.713522419869239e-06         8.686625872108879e-06
19        -2.051879514703788e-08         7.406488942139727e-06         7.385970146992689e-06
20        -1.587274623078954e-08         6.348414353833726e-06         6.332541607602936e-06
21        -1.243383520480759e-08         5.482717042730885e-06         5.470283207526077e-06
22        -9.851489930654793e-09           4.7675758365528e-06         4.757724346622145e-06
23         -7.88681497121749e-09         4.171624866126786e-06         4.163738051155568e-06
24        -6.374116132092431e-09          3.67102607625914e-06         3.664651960127047e-06
25        -5.196605857138302e-09         3.247442504386237e-06         3.242245898529099e-06
26         -4.27074626779802e-09         2.886612070200252e-06         2.882341323932454e-06
27        -3.535968662819457e-09         2.577328854439363e-06         2.573792885776543e-06
28        -2.947806590383227e-09         2.310705404481788e-06         2.307757597891405e-06
29         -2.47323606056019e-09          2.07963175857989e-06          2.07715852251933e-06
30        -2.087467068093307e-09         1.878374076853729e-06         1.876286609785636e-06
31        -1.771704252265876e-09         1.702273614515906e-06          1.70050191026364e-06
32        -1.511564317518268e-09         1.547518671391536e-06         1.546007107074018e-06
33        -1.295944315041407e-09         1.410970200339887e-06         1.409674256024845e-06
34        -1.116203452057133e-09         1.290027276602358e-06           1.2889110731503e-06
35        -9.655655720570356e-10         1.182522462942079e-06         1.181556897370022e-06
36        -8.386784001069927e-10         1.086639798427459e-06         1.085801120027352e-06
37         -7.31285631460875e-10          1.00085005281882e-06         1.000118767187359e-06
38        -6.399807967197375e-10         9.238592620767307e-07          9.23219281280011e-07
39         -5.62021045620161e-10         8.545675567748182e-07          8.54005535729198e-07
40         -4.95185183819108e-10         7.920360239930897e-07         7.915408388092706e-07
41        -4.376646660703592e-10         7.354598812329921e-07         7.350222165669218e-07
42         -3.87979320465115e-10         6.841466412314296e-07         6.837586619109644e-07
43        -3.449117703425732e-10         6.374982468090987e-07         6.371533350387561e-07
44        -3.074560976484633e-10         5.949963817534909e-07         5.946889256558424e-07
45        -2.747773695071176e-10         5.561903362875435e-07         5.559155589180364e-07
46        -2.461796884730665e-10         5.206869380956596e-07         5.204407584071865e-07
47        -2.210806209666678e-10         4.881421613760856e-07         4.879210807551189e-07
48        -1.989908296575527e-10          4.58254105943002e-07         4.580551151133445e-07
49        -1.794976573517978e-10         4.307570996338567e-07         4.305776019765049e-07
50        -1.622518699554942e-10         4.054167258354998e-07         4.052544739655443e-07
51        -1.469568978428345e-10         3.820256160062978e-07          3.81878659108455e-07
52        -1.333600673651664e-10         3.603998772892907e-07         3.602665172219255e-07
53        -1.212454248588027e-10         3.403760493677982e-07         3.402548039429394e-07
54        -1.104278408543509e-10         3.218085039603241e-07         3.216980761194697e-07
55        -1.007481474695159e-10         3.045672158160608e-07         3.044664676685912e-07
56        -9.206911348990524e-11         2.885358465532561e-07         2.884437774397662e-07
57        -8.427210085835375e-11         2.736100927955934e-07          2.73525820694735e-07
58        -7.725427809365139e-11         2.596962582902658e-07         2.596190040121721e-07
59        -7.092628998146216e-11         2.467100164101615e-07         2.466390901201801e-07
60        -6.521030286747135e-11         2.345753349509121e-07         2.345101246480446e-07
61        -6.003835995363308e-11         2.232235396637923e-07         2.231635013038386e-07
62        -5.535099335159758e-11         2.125924967050551e-07         2.125371457117035e-07
63        -5.109604958179727e-11         2.026258972791818e-07            2.025748012296e-07
64        -4.722769277954223e-11         1.932726303259238e-07         1.932254026331443e-07
65        -4.370555665593018e-11         1.844862312453693e-07         1.844425256887133e-07
66        -4.049402104782675e-11         1.762243964468479e-07         1.761839024258001e-07
67        -3.756159324616554e-11         1.684485550097318e-07         1.684109934164857e-07
68         -3.48803776536379e-11           1.6112349000676e-07         1.610886096291063e-07
69        -3.242562008403782e-11         1.542170031046911e-07          1.54184577484607e-07
70        -3.017531531567147e-11         1.476996169564353e-07         1.476694416411196e-07
71        -2.810986835022907e-11         1.415443106607058e-07         1.415162007923556e-07
72        -2.621180153724673e-11         1.357262842125119e-07         1.357000724109746e-07
73        -2.446550044855216e-11         1.302227484181834e-07         1.301982829177349e-07
74        -2.285699352608452e-11         1.250127372198204e-07         1.249898802262944e-07
75        -2.137376006775736e-11         1.200769397747953e-07         1.200555660147275e-07
76        -2.000456293007389e-11         1.153975499816565e-07         1.153775454187264e-07
77        -1.873930236703322e-11         1.109581314392431e-07         1.109393921368761e-07
78        -1.756888815704717e-11         1.067434960808535e-07         1.067259271926965e-07
79        -1.648512743499919e-11          1.02739594944923e-07          1.02723109817488e-07
80        -1.548062630198252e-11         9.893341973388974e-08         9.891793910758776e-08
81        -1.454870320610957e-11         9.531291397699547e-08         9.529836527378936e-08
82        -1.368331265410573e-11         9.186689275573184e-08         9.185320944307773e-08
83        -1.287897789728338e-11          8.85849700744864e-08         8.857209109658912e-08
84         -1.21307314400505e-11         8.545749306689138e-08         8.544536233545133e-08
85        -1.143406237324169e-11         8.247548232250188e-08         8.246404826012864e-08
86        -1.078486970359536e-11         7.963057770069044e-08         7.961979283098684e-08
87        -1.017942092031656e-11         7.691498907054635e-08         7.690480964962604e-08
88        -9.614315150506982e-12         7.432145147863673e-08         7.431183716348623e-08
89        -9.086450387830788e-12         7.184318430188159e-08         7.183409785149375e-08
90        -8.592994258945921e-12         6.947385399136211e-08         6.946526099710316e-08
91        -8.131357938608333e-12         6.720754005580425e-08         6.719940869786564e-08
92        -7.699172844923634e-12         6.503870397122103e-08          6.50310047983761e-08
93        -7.294269780393142e-12         6.296216073653589e-08         6.295486646675549e-08
94        -6.914660209481429e-12         6.097305282448716e-08         6.096613816427768e-08
95         -6.55851967517367e-12         5.906682630350024e-08         5.906026778382506e-08
96        -6.224172392458798e-12         5.723920892837244e-08         5.723298475597998e-08
97        -5.910078095932777e-12         5.548619002017847e-08         5.548027994208254e-08
98         -5.61481964612501e-12         5.380400197147899e-08         5.379838715183286e-08
99        -5.337092122989614e-12         5.218910323137713e-08         5.218376613925414e-08
100        -5.075692894847778e-12         5.063816263819875e-08         5.063308694530391e-08
101        -4.829512733290082e-12         4.914804498106482e-08         4.914321546833153e-08
102        -4.597527691023882e-12         4.771579768280298e-08         4.771120015511196e-08
103         -4.37879180891964e-12         4.633863850730749e-08         4.633425971549857e-08
104        -4.172430495528611e-12         4.501394420346556e-08         4.500977177297003e-08
105        -3.977634532319662e-12         4.373924000615319e-08         4.373526237162087e-08
106          -3.7936546072992e-12         4.251218992217664e-08         4.250839626756934e-08
107         -3.61979640564792e-12         4.133058773582992e-08         4.132696793942427e-08
108        -3.455416075076977e-12         4.019234867452275e-08         4.018889325844768e-08
109         -3.29991615889856e-12         3.909550168060476e-08         3.909220176444586e-08
110        -3.152741855118104e-12         3.803818224013784e-08         3.803502949828272e-08
111        -3.013377632928105e-12         3.701862572392586e-08         3.701561234629293e-08
112        -2.881344122853118e-12         3.603516119995264e-08         3.603227985582979e-08
113                             0                             0                             0
114                             0                             0                             0
115                             0                             0                             0
116                             0                             0                             0
117                             0                             0                             0
118                             0                             0                             0
119                             0                             0                             0
120                             0                             0                             0
121                             0                             0                             0
122                             0                             0                             0
123                             0                             0                             0
124                             0                             0                             0
125                             0                             0                             0
126                             0                             0                             0
127                             0                             0                             0
128                             0                             0                             0
129                             0                             0                             0
130                             0                             0                             0
131                             0                             0                             0
132                             0                             0                             0
133                             0                             0                             0
134                             0                             0                             0
135                             0                             0                             0
136                             0                             0                             0
137                             0                             0                             0
138                             0                             0                             0
139                             0                             0                             0
140                             0                             0                             0
141                             0                             0                             0
142                             0                             0                             0
143                             0                             0                             0
144                             0                             0                             0
145                             0                             0                             0
146                             0                             0                             0
147                             0                             0                             0
148                             0                             0                             0
149                             0                             0                             0
150                             0                             0                             0
151                             0                             0                             0
152                             0                             0                             0
153                             0                             0                             0
154                             0                             0                             0
155                             0                             0                             0
156                             0                             0                             0
157                             0                             0                             0
158                             0                             0                             0
159                             0                             0                             0
160                             0                             0                             0
161                             0                             0                             0
162                             0                             0                             0
163                             0                             0                             0
164                             0                             0                             0
165                             0                             0                             0
166                             0                             0                             0
167                             0                             0                             0
168                             0                             0                             0
169                             0                             0                             0
170                             0                             0                             0
171                             0                             0                             0
172                             0                             0                             0
173                             0                             0                             0
174                             0                             0                             0
175                             0                             0                             0
176                             0                             0                             0
177                             0                             0                             0
178                             0                             0                             0
179                             0                             0                             0
180                             0                             0                             0
181                             0                             0                             0
182                             0                             0                             0
183                             0                             0                             0
184                             0                             0                             0
185                             0                             0                             0
186                             0                             0                             0
187                             0                             0                             0
188                             0                             0                             0
189                             0                             0                             0
190                             0                             0                             0
191                             0                             0                             0
192                             0                             0                             0
193                             0                             0                             0
194                             0                             0                             0
195                             0                             0                             0
196                             0                             0                             0
197                             0                             0                             0
198                             0                             0                             0
199                             0                             0                             0
200                             0                             0                             0
201                             0                             0                             0
202                             0                             0                             0
203                             0                             0                             0
204                             0                             0                             0
205                             0                             0                             0
206                             0                             0                             0
207                             0                             0                             0
208                             0                             0                             0
209                             0                             0                             0
210                             0                             0                             0
211                             0                             0                             0
212                             0                             0                             0
213                             0                             0                             0
214                             0                             0                             0
215                             0                             0                             0
216                             0                             0                             0
217                             0                             0                             0
218                             0                             0                             0
219                             0                             0                             0
220                             0                             0                             0
221                             0                             0                             0
222                             0                             0                             0
223                             0                             0                             0
