
0                             0                             0                             0
1           0.01985726212059307           0.03080260803740686           0.05065987015799994
2        -0.0001520785090811261          0.006483973511388326            0.0063318950023072
3        -0.0001398886423237284          0.002015563962240451          0.001875675319916723
4        -4.536859011224873e-05           0.00083632925290861         0.0007909606627963613
5        -1.610227939033654e-05            0.0004208045878589         0.0004047023084685635
6        -6.604373532763131e-06         0.0002405878893681588         0.0002339835158353957
7        -3.071197421355195e-06         0.0001502375641142281         0.0001471663666928729
8         -1.57763144197873e-06         0.0001000143143083971          9.84366828664184e-05
9        -8.763373430671189e-07         6.988067667080002e-05          6.90043393277329e-05
10        -5.181025696265025e-07         5.070929834447738e-05         5.019119577485088e-05
11        -3.222249596723922e-07          3.79332341293749e-05         3.761100916970251e-05
12          -2.0897787934156e-07         2.909270065033894e-05         2.888372277099738e-05
13        -1.403897871117184e-07         2.278196188152953e-05         2.264157209441781e-05
14        -9.718548289264838e-08         1.815754916454616e-05         1.806036368165351e-05
15        -6.904002776146921e-08         1.469229743777015e-05         1.462325741000868e-05
16        -5.016306501403462e-08         1.204510994679258e-05         1.199494688177855e-05
17        -3.717608087820195e-08         9.988599817924901e-06         9.951423737046699e-06
18        -2.803853982898069e-08         8.367196699676949e-06         8.339158159847968e-06
19        -2.147999966032793e-08         7.072010284232703e-06         7.050530284572375e-06
20        -1.668789042907396e-08         6.025269540966304e-06          6.00858165053723e-06
21        -1.312985051677522e-08         5.170420438662848e-06         5.157290588146072e-06
22        -1.044948574978147e-08         4.465667998099633e-06         4.455218512349851e-06
23        -8.403505605367782e-09         3.879671056461025e-06         3.871267550855657e-06
24        -6.822862242009393e-09         3.388614763735978e-06         3.381791901493969e-06
25         -5.58818245924105e-09          2.97418389791217e-06         2.968595715452929e-06
26        -4.613915103288998e-09         2.622136720042621e-06         2.617522804939332e-06
27        -3.837909211906943e-09          2.32128633320309e-06         2.317448423991183e-06
28        -3.214443893702991e-09         2.062763074140082e-06         2.059548630246379e-06
29        -2.709492446685061e-09         1.839473624103949e-06         1.836764131657264e-06
30        -2.297457170601489e-09         1.645699723811883e-06         1.643402266641282e-06
31        -1.958887444820608e-09         1.476797226393474e-06         1.474838338948654e-06
32        -1.678864751595953e-09         1.328968121373495e-06         1.327289256621899e-06
33        -1.445846206296961e-09         1.199086212146658e-06         1.197640365940361e-06
34         -1.25082727766727e-09         1.084562648940358e-06          1.08331182166269e-06
35        -1.086729332174675e-09         9.832413522332935e-07         9.821546229011188e-07
36        -9.479472881455036e-10         8.933170550110698e-07         8.923691077229243e-07
37         -8.30012475155922e-10           8.1327060595091e-07         8.124405934757541e-07
38        -7.293391981795228e-10           7.4181754955647e-07         7.410882103582905e-07
39         -6.43032680490889e-10         6.778669953469069e-07          6.77223962666416e-07
40        -5.687424026595054e-10         6.204885170282122e-07         6.199197746255527e-07
41        -5.045492963056994e-10         5.688853605128643e-07         5.683808112165586e-07
42        -4.488783794614302e-10         5.223726399642057e-07         5.219237615847443e-07
43        -4.004306540007048e-10         4.803595012729093e-07         4.799590706189086e-07
44        -3.581296881502926e-10         4.423344592055532e-07         4.419763295174029e-07
45        -3.210794697847372e-10         4.078532870520853e-07         4.075322075823006e-07
46        -2.885309650301153e-10         3.765289697887413e-07         3.762404388237112e-07
47        -2.598554412188075e-10         3.480233336658722e-07         3.477634782246534e-07
48        -2.345230767616646e-10         3.220400441470561e-07         3.218055210702945e-07
49        -2.120857256378457e-10         2.983187257559861e-07         2.981066400303482e-07
50        -1.921629646992286e-10         2.766300057243251e-07         2.764378427596258e-07
51        -1.744307469631086e-10         2.567713214417812e-07         2.565968906948181e-07
52        -1.586121348588853e-10          2.38563361909706e-07         2.384047497748471e-07
53         -1.44469700375054e-10         2.218470374441548e-07         2.217025677437798e-07
54        -1.317992679002717e-10         2.064808911110777e-07         2.063490918431774e-07
55        -1.204247421392523e-10         1.923388808314124e-07         1.922184560892732e-07
56        -1.101938177283115e-10         1.793084735682213e-07          1.79198279750493e-07
57        -1.009744076519638e-10          1.67289003114003e-07          1.67188028706351e-07
58         -9.26516590741434e-11         1.561902512173787e-07         1.560975995583045e-07
59        -8.512545324097128e-11          1.45931218504993e-07          1.45846093051752e-07
60        -7.830830246841261e-11         1.364390571535987e-07         1.363607488511303e-07
61        -7.212357723434373e-11         1.276481417975295e-07         1.275760182202952e-07
62        -6.650400630718989e-11         1.194992588895431e-07         1.194327548832359e-07
63        -6.139040448482279e-11         1.119388978277296e-07         1.118775074232448e-07
64        -5.673059037840247e-11          1.04918629730402e-07         1.048618991400236e-07
65          -5.2478463386453e-11         9.839456188207318e-08         9.834208341868672e-08
66        -4.859321440060434e-11         9.232685766304872e-08         9.227826444864812e-08
67        -4.503864917137478e-11         8.667931327496842e-08         8.663427462579704e-08
68        -4.178260848959434e-11          8.14189838368388e-08         8.137720122834921e-08
69        -3.879645908254571e-11         7.651585247526333e-08         7.647705601618079e-08
70        -3.605467767409453e-11         7.194253697637293e-08         7.190648229869883e-08
71        -3.353446034345697e-11         6.767402923507454e-08         6.764049477473108e-08
72        -3.121540631888027e-11         6.368746349834276e-08         6.365624809202388e-08
73        -2.907923440206306e-11          5.99619098566586e-08         5.993283062225653e-08
74        -2.710953748961638e-11         5.647818995282948e-08         5.645108041533987e-08
75         -2.52915684084989e-11         5.321871226528202e-08         5.319342069687352e-08
76        -2.361205271253731e-11         5.016732466826114e-08         5.014371261554861e-08
77        -2.205902473960305e-11         4.730918226654213e-08         4.728712324180252e-08
78         -2.06216837787938e-11         4.463062875629021e-08         4.461000707251142e-08
79        -1.929026765725122e-11         4.211908978276015e-08          4.20997995151029e-08
80        -1.805594144588146e-11         3.976297695480015e-08         3.974492101335427e-08
81        -1.691069931124549e-11         3.755160133997316e-08         3.753469064066191e-08
82        -1.584727781972518e-11         3.547509540621191e-08         3.545924812839219e-08
83        -1.485907923545405e-11         3.352434249939048e-08         3.350948342015503e-08
84         -1.39401035549891e-11         3.169091305365973e-08         3.167697295010474e-08
85        -1.308488819243064e-11         2.996700682508949e-08         2.995392193689706e-08
86        -1.228845437490582e-11           2.8345400520989e-08          2.83331120666141e-08
87         -1.15462594331897e-11         2.681940026885821e-08         2.680785400942502e-08
88        -1.085415427988367e-11         2.538279843163999e-08         2.537194427736011e-08
89        -1.020834545878919e-11         2.402983433097866e-08         2.401962598551988e-08
90        -9.605361229122913e-12         2.275515848855945e-08         2.274555312733033e-08
91        -9.042021215846421e-12         2.155380003817617e-08         2.154475801696032e-08
92        -8.515409216533724e-12         2.042113699869921e-08         2.041262158948268e-08
93        -8.022848806322767e-12         1.935286913123946e-08         1.934484628243313e-08
94        -7.561881426063121e-12         1.834499313308031e-08         1.833743125165425e-08
95        -7.130246677944052e-12         1.739377994686489e-08         1.738664970018695e-08
96        -6.725864585203377e-12          1.64957539864906e-08         1.648902812190539e-08
97                             0                             0                             0
98                             0                             0                             0
99                             0                             0                             0
100                             0                             0                             0
101                             0                             0                             0
102                             0                             0                             0
103                             0                             0                             0
104                             0                             0                             0
105                             0                             0                             0
106                             0                             0                             0
107                             0                             0                             0
108                             0                             0                             0
109                             0                             0                             0
110                             0                             0                             0
111                             0                             0                             0
112                             0                             0                             0
113                             0                             0                             0
114                             0                             0                             0
115                             0                             0                             0
116                             0                             0                             0
117                             0                             0                             0
118                             0                             0                             0
119                             0                             0                             0
120                             0                             0                             0
121                             0                             0                             0
122                             0                             0                             0
123                             0                             0                             0
124                             0                             0                             0
125                             0                             0                             0
126                             0                             0                             0
127                             0                             0                             0
128                             0                             0                             0
129                             0                             0                             0
130                             0                             0                             0
131                             0                             0                             0
132                             0                             0                             0
133                             0                             0                             0
134                             0                             0                             0
135                             0                             0                             0
136                             0                             0                             0
137                             0                             0                             0
138                             0                             0                             0
139                             0                             0                             0
140                             0                             0                             0
141                             0                             0                             0
142                             0                             0                             0
143                             0                             0                             0
144                             0                             0                             0
145                             0                             0                             0
146                             0                             0                             0
147                             0                             0                             0
148                             0                             0                             0
149                             0                             0                             0
150                             0                             0                             0
151                             0                             0                             0
152                             0                             0                             0
153                             0                             0                             0
154                             0                             0                             0
155                             0                             0                             0
156                             0                             0                             0
157                             0                             0                             0
158                             0                             0                             0
159                             0                             0                             0
160                             0                             0                             0
161                             0                             0                             0
162                             0                             0                             0
163                             0                             0                             0
164                             0                             0                             0
165                             0                             0                             0
166                             0                             0                             0
167                             0                             0                             0
168                             0                             0                             0
169                             0                             0                             0
170                             0                             0                             0
171                             0                             0                             0
172                             0                             0                             0
173                             0                             0                             0
174                             0                             0                             0
175                             0                             0                             0
176                             0                             0                             0
177                             0                             0                             0
178                             0                             0                             0
179                             0                             0                             0
180                             0                             0                             0
181                             0                             0                             0
182                             0                             0                             0
183                             0                             0                             0
184                             0                             0                             0
185                             0                             0                             0
186                             0                             0                             0
187                             0                             0                             0
188                             0                             0                             0
189                             0                             0                             0
190                             0                             0                             0
191                             0                             0                             0
