
0                             0                             0                             0
1          0.006013811554710806           0.04464605860328913           0.05065987015799994
2         -0.001209692090264171          0.007541587092571371            0.0063318950023072
3        -0.0002365065295453052          0.002112181849462028          0.001875675319916723
4        -5.582771846713024e-05         0.0008467883812634915         0.0007909606627963613
5        -1.745846078798116e-05         0.0004221607692565446         0.0004047023084685635
6        -6.820979383593043e-06         0.0002408044952189887         0.0002339835158353957
7        -3.114869912293348e-06         0.0001502812366051662         0.0001471663666928729
8        -1.588733511762356e-06         0.0001000254163781808          9.84366828664184e-05
9        -8.798131518275592e-07         6.988415247956046e-05          6.90043393277329e-05
10        -5.194134074145562e-07         5.071060918226544e-05         5.019119577485088e-05
11        -3.228161107059731e-07         3.793382528040848e-05         3.761100916970251e-05
12        -2.092963396993928e-07         2.909301911069678e-05         2.888372277099738e-05
13        -1.405919976551974e-07         2.278216409207301e-05         2.264157209441781e-05
14        -9.733198588447115e-08         1.815769566753799e-05         1.806036368165351e-05
15        -6.915638697917272e-08         1.469241379698785e-05         1.462325741000868e-05
16        -5.026099773833071e-08         1.204520787951688e-05         1.199494688177855e-05
17        -3.726142438519954e-08         9.988685161431898e-06         9.951423737046699e-06
18        -2.811447007902052e-08         8.367272629926989e-06         8.339158159847968e-06
19        -2.154841159292146e-08         7.072078696165296e-06         7.050530284572375e-06
20        -1.675002223241712e-08         6.025331672769647e-06          6.00858165053723e-06
21        -1.318658032707855e-08         5.170477168473151e-06         5.157290588146072e-06
22        -1.050147968157619e-08         4.465719992031427e-06         4.455218512349851e-06
23        -8.451295382177916e-09         3.879718846237835e-06         3.871267550855657e-06
24        -6.866888122616538e-09         3.388658789616585e-06         3.381791901493969e-06
25        -5.628818363930384e-09         2.974224533816859e-06         2.968595715452929e-06
26        -4.651484231153083e-09         2.622174289170485e-06         2.617522804939332e-06
27        -3.872694354448904e-09         2.321321118345632e-06         2.317448423991183e-06
28        -3.246694649699262e-09         2.062795324896078e-06         2.059548630246379e-06
29        -2.739430534544368e-09         1.839503562191808e-06         1.836764131657264e-06
30        -2.325280510942317e-09         1.645727547152224e-06         1.643402266641282e-06
31         -1.98477340652867e-09         1.476823112355182e-06         1.474838338948654e-06
32        -1.702972800987498e-09         1.328992229422887e-06         1.327289256621899e-06
33        -1.468320111967981e-09         1.199108686052329e-06         1.197640365940361e-06
34        -1.271796972612001e-09         1.084583618635302e-06          1.08331182166269e-06
35          -1.1063125038386e-09         9.832609354049574e-07         9.821546229011188e-07
36        -9.662507476244629e-10         8.933353584705487e-07         8.923691077229243e-07
37        -8.471333437224101e-10         8.132877268194765e-07         8.124405934757541e-07
38        -7.453659414290236e-10         7.418335762997195e-07         7.410882103582905e-07
39        -6.580460128945014e-10         6.778820086793105e-07          6.77223962666416e-07
40        -5.828160821562338e-10         6.205025907077089e-07         6.199197746255527e-07
41        -5.177508242954577e-10          5.68898562040854e-07         5.683808112165586e-07
42        -4.612696193664156e-10         5.223850312041107e-07         5.219237615847443e-07
43        -4.120683791252495e-10         4.803711389980338e-07         4.799590706189086e-07
44        -3.690660681962069e-10         4.423453955855992e-07         4.419763295174029e-07
45        -3.313625038089181e-10         4.078635700861095e-07         4.075322075823006e-07
46        -2.982048675616569e-10         3.765386436912729e-07         3.762404388237112e-07
47        -2.689609872905136e-10         3.480324392119439e-07         3.477634782246534e-07
48        -2.430979108189408e-10         3.220486189811134e-07         3.218055210702945e-07
49        -2.201646386106412e-10         2.983268046689589e-07         2.981066400303482e-07
50         -1.99778142957566e-10         2.766376209025834e-07         2.764378427596258e-07
51        -1.816119963878445e-10          2.56778502691206e-07         2.565968906948181e-07
52        -1.653870828439807e-10         2.385701368576911e-07         2.384047497748471e-07
53        -1.508639782235461e-10         2.218534317220033e-07         2.217025677437798e-07
54        -1.378366757666291e-10         2.064869285189441e-07         2.063490918431774e-07
55        -1.261273983895536e-10         1.923445834876627e-07         1.922184560892732e-07
56        -1.155822944975185e-10         1.793138620449905e-07          1.79198279750493e-07
57        -1.060678537643372e-10         1.672940965601154e-07          1.67188028706351e-07
58        -9.746791201541323e-11         1.561950674703199e-07         1.560975995583045e-07
59        -8.968114102498075e-11          1.45935774192777e-07          1.45846093051752e-07
60        -8.261893652902453e-11         1.364433677876593e-07         1.363607488511303e-07
61        -7.620363721984419e-11          1.27652221857515e-07         1.275760182202952e-07
62        -7.036701757302975e-11         1.195031219008089e-07         1.194327548832359e-07
63         -6.50490089950399e-11         1.119425564322398e-07         1.118775074232448e-07
64        -6.019661164732011e-11         1.049220957516709e-07         1.048618991400236e-07
65        -5.576296602579753e-11         9.839784638471252e-08         9.834208341868672e-08
66         -5.17065587762781e-11          9.23299710074244e-08         9.227826444864812e-08
67        -4.799054162243814e-11         8.668226516741948e-08         8.663427462579704e-08
68        -4.458214751482821e-11         8.142178337586403e-08         8.137720122834921e-08
69        -4.145217785683365e-11         7.651850819403762e-08         7.647705601618079e-08
70        -3.857458322691257e-11         7.194505688192575e-08         7.190648229869883e-08
71        -3.592606968743612e-11         6.767642084441852e-08         6.764049477473108e-08
72        -3.348577979951859e-11          6.36897338718234e-08         6.365624809202388e-08
73        -3.123500650616682e-11          5.99640656287627e-08         5.993283062225653e-08
74        -2.915694532967477e-11         5.648023736066954e-08         5.645108041533987e-08
75        -2.723647807934497e-11         5.322065717495287e-08         5.319342069687352e-08
76        -2.545998369786786e-11         5.016917259924647e-08         5.014371261554861e-08
77        -2.381517252968397e-11         4.731093841433221e-08         4.728712324180252e-08
78        -2.229094084559653e-11         4.463229801335702e-08         4.461000707251142e-08
79        -2.087724292020951e-11         4.212067675802311e-08          4.20997995151029e-08
80        -1.956497834920903e-11         3.976448599170348e-08         3.974492101335427e-08
81        -1.834589262323305e-11         3.755303653328514e-08         3.753469064066191e-08
82        -1.721248925429121e-11         3.547646061764648e-08         3.545924812839219e-08
83        -1.615795198799774e-11         3.352564137214303e-08         3.350948342015503e-08
84        -1.517607583619019e-11         3.169214902594093e-08         3.167697295010474e-08
85        -1.426120583669878e-11         2.996818314273376e-08         2.995392193689706e-08
86        -1.340818259359794e-11          2.83465202492077e-08          2.83331120666141e-08
87        -1.261229377685093e-11         2.682046630320187e-08         2.680785400942502e-08
88        -1.186923086846309e-11         2.538381350822857e-08         2.537194427736011e-08
89        -1.117505053382228e-11          2.40308010360537e-08         2.401962598551988e-08
90        -1.052614007752475e-11         2.275607926740785e-08         2.274555312733033e-08
91         -9.91918651103222e-12         2.155467720347135e-08         2.154475801696032e-08
92        -9.351148818682407e-12         2.042197273830136e-08         2.041262158948268e-08
93        -8.819233060505462e-12         1.935366551549364e-08         1.934484628243313e-08
94        -8.320869993815353e-12         1.834575212164806e-08         1.833743125165425e-08
95        -7.853694935044555e-12           1.7394503395122e-08         1.738664970018695e-08
96        -7.415529615967445e-12         1.649644365152136e-08         1.648902812190539e-08
97                             0                             0                             0
98                             0                             0                             0
99                             0                             0                             0
100                             0                             0                             0
101                             0                             0                             0
102                             0                             0                             0
103                             0                             0                             0
104                             0                             0                             0
105                             0                             0                             0
106                             0                             0                             0
107                             0                             0                             0
108                             0                             0                             0
109                             0                             0                             0
110                             0                             0                             0
111                             0                             0                             0
112                             0                             0                             0
113                             0                             0                             0
114                             0                             0                             0
115                             0                             0                             0
116                             0                             0                             0
117                             0                             0                             0
118                             0                             0                             0
119                             0                             0                             0
120                             0                             0                             0
121                             0                             0                             0
122                             0                             0                             0
123                             0                             0                             0
124                             0                             0                             0
125                             0                             0                             0
126                             0                             0                             0
127                             0                             0                             0
128                             0                             0                             0
129                             0                             0                             0
130                             0                             0                             0
131                             0                             0                             0
132                             0                             0                             0
133                             0                             0                             0
134                             0                             0                             0
135                             0                             0                             0
136                             0                             0                             0
137                             0                             0                             0
138                             0                             0                             0
139                             0                             0                             0
140                             0                             0                             0
141                             0                             0                             0
142                             0                             0                             0
143                             0                             0                             0
144                             0                             0                             0
145                             0                             0                             0
146                             0                             0                             0
147                             0                             0                             0
148                             0                             0                             0
149                             0                             0                             0
150                             0                             0                             0
151                             0                             0                             0
152                             0                             0                             0
153                             0                             0                             0
154                             0                             0                             0
155                             0                             0                             0
156                             0                             0                             0
157                             0                             0                             0
158                             0                             0                             0
159                             0                             0                             0
160                             0                             0                             0
161                             0                             0                             0
162                             0                             0                             0
163                             0                             0                             0
164                             0                             0                             0
165                             0                             0                             0
166                             0                             0                             0
167                             0                             0                             0
168                             0                             0                             0
169                             0                             0                             0
170                             0                             0                             0
171                             0                             0                             0
172                             0                             0                             0
173                             0                             0                             0
174                             0                             0                             0
175                             0                             0                             0
176                             0                             0                             0
177                             0                             0                             0
178                             0                             0                             0
179                             0                             0                             0
180                             0                             0                             0
181                             0                             0                             0
182                             0                             0                             0
183                             0                             0                             0
184                             0                             0                             0
185                             0                             0                             0
186                             0                             0                             0
187                             0                             0                             0
188                             0                             0                             0
189                             0                             0                             0
190                             0                             0                             0
191                             0                             0                             0
