
0                   0                   0                   0
1        0.0198539375       0.03080540559       0.05065934309
2     -0.000152658514      0.006484069025      0.006331410511
3    -0.0001400446894      0.002015270752      0.001875226063
4     -4.54282356e-05     0.0008359701533     0.0007905419177
5    -1.613101841e-05     0.0004204416206     0.0004043106022
6    -6.620383099e-06     0.0002402364987     0.0002336161156
7    -3.081007308e-06     0.0001499020394     0.0001468210321
8    -1.584057757e-06     9.969558307e-05     9.811152532e-05
9    -8.807604121e-07     6.957849516e-05     6.869773475e-05
10    -5.212648712e-07     5.042299131e-05     4.990172644e-05
11    -3.245550558e-07     3.766197799e-05     3.733742293e-05
12    -2.107372476e-07     2.883564058e-05     2.862490333e-05
13    -1.417452822e-07     2.253826192e-05     2.239651664e-05
14    -9.824759996e-08     1.792641321e-05     1.782816561e-05
15    -6.988425611e-08     1.447297697e-05     1.440309272e-05
16    -5.084236729e-08     1.183690556e-05     1.178606319e-05
17    -3.772847718e-08     9.790859838e-06      9.75313136e-06
18    -2.849187434e-08     8.179314578e-06     8.150822703e-06
19     -2.18550255e-08     6.893421475e-06     6.871566449e-06
20    -1.700031792e-08     5.855448307e-06     5.838447989e-06
21     -1.33917385e-08     5.008876767e-06     4.995485028e-06
22    -1.067020594e-08     4.311944706e-06       4.3012745e-06
23    -8.590423315e-09     3.733341129e-06     3.724750706e-06
24    -6.981824832e-09      3.24927892e-06     3.242297096e-06
25                   0                   0                   0
26                   0                   0                   0
27                   0                   0                   0
28                   0                   0                   0
29                   0                   0                   0
30                   0                   0                   0
31                   0                   0                   0
32                   0                   0                   0
33                   0                   0                   0
34                   0                   0                   0
35                   0                   0                   0
36                   0                   0                   0
37                   0                   0                   0
38                   0                   0                   0
39                   0                   0                   0
40                   0                   0                   0
41                   0                   0                   0
42                   0                   0                   0
43                   0                   0                   0
44                   0                   0                   0
45                   0                   0                   0
46                   0                   0                   0
47                   0                   0                   0
