
0                             0                             0                             0
1          0.006013588052949465           0.04464621805829336           0.05065980611124282
2         -0.001209738470672714          0.007541574262476998          0.006331835791804285
3        -0.0002365219778436109          0.002112142113030528          0.001875620135186917
4        -5.583449078965094e-05         0.0008467434723814741         0.0007909089815918231
5        -1.746196889103476e-05         0.0004221157150316229         0.0004046537461405881
6        -6.823013636414249e-06         0.0002407607828579369         0.0002339377692215226
7        -3.116149092077743e-06         0.0001502393358635054         0.0001471231867714276
8        -1.589587919784838e-06         9.998544722417921e-05         9.839585930439437e-05
9        -8.804108623452497e-07         6.984610173208141e-05         6.896569086973616e-05
10        -5.198470366155097e-07         5.067441088180544e-05         5.015456384518993e-05
11        -3.231400397594349e-07         3.789939343131647e-05         3.757625339155703e-05
12        -2.095441872360831e-07          2.90602618890146e-05         2.885071770177852e-05
13        -1.407854489535907e-07          2.27509902196994e-05         2.261020477074581e-05
14        -9.748553558107652e-08         1.812801726024635e-05         1.803053172466527e-05
15            -6.92800206716e-08         1.466414755178431e-05         1.459486753111271e-05
16        -5.036177565128735e-08         1.201827545806844e-05         1.196791368241715e-05
17        -3.734445217320505e-08         9.963013181510922e-06         9.925668729337717e-06
18        -2.818351354334434e-08          8.34279247003652e-06         8.314608956493175e-06
19        -2.160629711336118e-08         7.048726217858246e-06         7.027119920744885e-06
20         -1.67989042197422e-08         6.003046914473544e-06         5.986248010253802e-06
21        -1.322812387767245e-08         5.149204038360785e-06         5.135975914483112e-06
22        -1.053698782606355e-08         4.445405973582347e-06         4.434868985756284e-06
23        -8.481799342495808e-09         3.860314722718579e-06         3.851832923376083e-06
24        -6.893212374146982e-09         3.370118389722237e-06          3.36322517734809e-06
25        -5.651628234333019e-09         2.956504498627209e-06         2.950852870392876e-06
26        -4.671321195033335e-09         2.605233859504213e-06          2.60056253830918e-06
27        -3.890002529560364e-09         2.305121941099576e-06         2.301231938570016e-06
28        -3.261840915209883e-09          2.04730127677236e-06         2.044039435857151e-06
29        -2.752719967560982e-09         1.824680589200037e-06         1.821927869232476e-06
30        -2.336968346280852e-09          1.63154351834569e-06         1.629206549999409e-06
31        -1.995074386629105e-09         1.463247686372871e-06         1.461252611986242e-06
32        -1.712068546973502e-09         1.315996732537572e-06         1.314284663990599e-06
33        -1.476364980560415e-09         1.186666000555237e-06         1.185189635574677e-06
34         -1.27892274329881e-09         1.072668080510586e-06         1.071389157767287e-06
35        -1.112632156842927e-09         9.718482403639724e-07         9.707356082071295e-07
36         -9.71861527582163e-10         8.824024755167862e-07         8.814306139892041e-07
37        -8.521192598846585e-10         8.028128186100243e-07         8.019606993501397e-07
38        -7.497998193354618e-10         7.317959256500404e-07         7.310461258307049e-07
39        -6.619911868590978e-10         6.682619506311179e-07         6.675999594442588e-07
40        -5.863277991412787e-10         6.112814496445829e-07         6.106951218454416e-07
41        -5.208774133978832e-10         5.600585933911604e-07         5.595377159777625e-07
42        -4.640534707367377e-10         5.139093673213824e-07         5.134453138506456e-07
43        -4.145467668511292e-10         4.722437388521193e-07         4.718291920852682e-07
44        -3.712718448465443e-10         4.345509979362875e-07         4.341797260914409e-07
45        -3.333246889588557e-10         4.003876498447572e-07         4.000543251557984e-07
46        -2.999491482469616e-10         3.693673712056476e-07         3.690674220574006e-07
47        -2.705101451597805e-10         3.411526422360332e-07         3.408821320908734e-07
48        -2.444721878436151e-10         3.154477471147405e-07         3.152032749268969e-07
49        -2.213820513580645e-10          2.91992896073015e-07         2.917715140216569e-07
50        -2.008547531593986e-10         2.705592711135065e-07         2.703584163603471e-07
51         -1.82562144914971e-10         2.509448353754611e-07         2.507622732305462e-07
52         -1.66223592382515e-10          2.32970776360894e-07         2.328045527685115e-07
53        -1.515983294494261e-10         2.164784772807787e-07         2.163268789513293e-07
54        -1.384791605825061e-10         2.013269300147834e-07         2.011884508542009e-07
55        -1.266872539375539e-10          1.87390518633264e-07         1.872638313793264e-07
56        -1.160678203275906e-10         1.745571149021275e-07         1.744410470817999e-07
57        -1.064865145713281e-10         1.627264372969821e-07         1.626199507824108e-07
58        -9.782642817505829e-11         1.518086332740805e-07         1.517108068459055e-07
59        -8.998556786639383e-11         1.417230512589219e-07         1.416330656910555e-07
60        -8.287473474052652e-11         1.323971743156908e-07         1.323142995809503e-07
61         -7.64157348718918e-11         1.237656919864093e-07         1.236892762515374e-07
62        -7.053986509368458e-11         1.157696905238352e-07         1.156991506587415e-07
63        -6.518662794303874e-11         1.083559448350164e-07         1.082907582070733e-07
64        -6.030263809413788e-11         1.014762980216547e-07         1.014159953835606e-07
65                             0                             0                             0
66                             0                             0                             0
67                             0                             0                             0
68                             0                             0                             0
69                             0                             0                             0
70                             0                             0                             0
71                             0                             0                             0
72                             0                             0                             0
73                             0                             0                             0
74                             0                             0                             0
75                             0                             0                             0
76                             0                             0                             0
77                             0                             0                             0
78                             0                             0                             0
79                             0                             0                             0
80                             0                             0                             0
81                             0                             0                             0
82                             0                             0                             0
83                             0                             0                             0
84                             0                             0                             0
85                             0                             0                             0
86                             0                             0                             0
87                             0                             0                             0
88                             0                             0                             0
89                             0                             0                             0
90                             0                             0                             0
91                             0                             0                             0
92                             0                             0                             0
93                             0                             0                             0
94                             0                             0                             0
95                             0                             0                             0
96                             0                             0                             0
97                             0                             0                             0
98                             0                             0                             0
99                             0                             0                             0
100                             0                             0                             0
101                             0                             0                             0
102                             0                             0                             0
103                             0                             0                             0
104                             0                             0                             0
105                             0                             0                             0
106                             0                             0                             0
107                             0                             0                             0
108                             0                             0                             0
109                             0                             0                             0
110                             0                             0                             0
111                             0                             0                             0
112                             0                             0                             0
113                             0                             0                             0
114                             0                             0                             0
115                             0                             0                             0
116                             0                             0                             0
117                             0                             0                             0
118                             0                             0                             0
119                             0                             0                             0
120                             0                             0                             0
121                             0                             0                             0
122                             0                             0                             0
123                             0                             0                             0
124                             0                             0                             0
125                             0                             0                             0
126                             0                             0                             0
127                             0                             0                             0
