
0                   0                   0                   0
1      0.005316230496       0.04433116998       0.04964740047
2      -0.00134229659      0.007041164934      0.005698868344
3    -0.0002737616874      0.001732292605      0.001458530917
4     -6.86087868e-05     0.0005753619442     0.0005067531574
5    -2.225762051e-05     0.0002282778844     0.0002060202639
6    -8.662353128e-06     0.0001006860591     9.202370596e-05
7    -3.783949197e-06     4.752031984e-05     4.373637064e-05
8    -1.781541695e-06     2.349731425e-05     2.171577255e-05
9    -8.830629428e-07     1.201965243e-05     1.113658949e-05
10    -4.543120273e-07     6.309067299e-06     5.854755271e-06
11    -2.403816409e-07     3.379332454e-06     3.138950813e-06
12    -1.299948474e-07     1.839828712e-06     1.709833865e-06
13    -7.153377521e-08     1.015183928e-06     9.436501532e-07
14    -3.992567811e-08     5.664734266e-07     5.265477485e-07
15    -2.254724993e-08       3.1911221e-07     2.965649601e-07
16    -1.285945343e-08     1.812396356e-07     1.683801822e-07
17    -7.396082923e-09     1.036669661e-07     9.627088321e-08
18    -4.284724985e-09      5.96654968e-08     5.538077182e-08
19    -2.497896587e-09     3.452920794e-08     3.203131135e-08
20    -1.464261699e-09     2.008016594e-08     1.861590424e-08
21    -8.625327827e-10     1.172852398e-08     1.086599119e-08
22    -5.102821562e-10     6.877425909e-09     6.367143753e-09
23    -3.030570248e-10     4.047183728e-09     3.744126703e-09
24    -1.806125941e-10     2.389374857e-09     2.208762263e-09
25    -1.079781015e-10     1.414810096e-09     1.306831995e-09
26    -6.473828422e-11      8.40016477e-10     7.752781928e-10
27    -3.891478527e-11     4.999876985e-10     4.610729133e-10
28     -2.34476742e-11     2.982837332e-10      2.74836059e-10
29    -1.415897385e-11      1.78330098e-10     1.641711241e-10
30    -8.567134817e-12     1.068263893e-10      9.82592545e-11
31    -5.193312915e-12     6.411093144e-11     5.891761852e-11
32    -3.153543692e-12     3.854179897e-11     3.538825528e-11
33    -1.917985245e-12     2.320759347e-11     2.128960822e-11
34    -1.168249637e-12     1.399532042e-11     1.282707079e-11
35    -7.125685347e-13     8.451825808e-12     7.739257274e-12
36    -4.351900179e-13     5.110895747e-12     4.675705729e-12
37    -2.661073151e-13     3.094491088e-12     2.828383773e-12
38    -1.629025156e-13     1.875844658e-12     1.712942142e-12
39      -9.9830251e-14     1.138392623e-12     1.038562372e-12
40    -6.123965565e-14     6.915907686e-13      6.30351113e-13
41    -3.760231371e-14     4.205760458e-13     3.829737321e-13
42    -2.310918852e-14     2.560095724e-13     2.329003839e-13
43    -1.421418502e-14     1.559781971e-13     1.417640121e-13
44    -8.749975434e-15     9.511494392e-14     8.636496849e-14
45    -5.390402822e-15     5.804879991e-14     5.265839709e-14
46    -3.323137887e-15     3.545528836e-14     3.213215048e-14
47    -2.050088871e-15      2.16718922e-14     1.962180333e-14
48    -1.265551193e-15     1.325642493e-14     1.199087373e-14
49    -7.817285225e-16     8.114400292e-15     7.332671769e-15
50    -4.831576055e-16     4.970205571e-15     4.487047965e-15
51    -2.987903315e-16     3.046270324e-15     2.747479992e-15
52    -1.848749673e-16     1.868218415e-15     1.683343447e-15
53      -1.1444932e-16     1.146414273e-15     1.031964953e-15
54    -7.088627959e-17     7.038829632e-16     6.329966836e-16
55    -4.392541997e-17     4.324092904e-16     3.884838704e-16
56    -2.723114402e-17     2.657764804e-16     2.385453364e-16
57     -1.68890037e-17     1.634394123e-16     1.465504086e-16
58     -1.04790707e-17       1.0055599e-16     9.007691932e-17
59    -6.504515466e-18     6.189600385e-17     5.539148838e-17
60    -4.038999643e-18     3.811656633e-17     3.407756669e-17
61    -2.508955595e-18     2.348306437e-17     2.097410877e-17
62    -1.559072771e-18     1.447369038e-17     1.291461761e-17
63    -9.691440321e-19     8.924446386e-18     7.955302354e-18
64    -6.026336325e-19     5.504971387e-18     4.902337755e-18
65                   0                   0                   0
66                   0                   0                   0
67                   0                   0                   0
68                   0                   0                   0
69                   0                   0                   0
70                   0                   0                   0
71                   0                   0                   0
72                   0                   0                   0
73                   0                   0                   0
74                   0                   0                   0
75                   0                   0                   0
76                   0                   0                   0
77                   0                   0                   0
78                   0                   0                   0
79                   0                   0                   0
80                   0                   0                   0
81                   0                   0                   0
82                   0                   0                   0
83                   0                   0                   0
84                   0                   0                   0
85                   0                   0                   0
86                   0                   0                   0
87                   0                   0                   0
88                   0                   0                   0
89                   0                   0                   0
90                   0                   0                   0
91                   0                   0                   0
92                   0                   0                   0
93                   0                   0                   0
94                   0                   0                   0
95                   0                   0                   0
96                   0                   0                   0
97                   0                   0                   0
98                   0                   0                   0
99                   0                   0                   0
100                   0                   0                   0
101                   0                   0                   0
102                   0                   0                   0
103                   0                   0                   0
104                   0                   0                   0
105                   0                   0                   0
106                   0                   0                   0
107                   0                   0                   0
108                   0                   0                   0
109                   0                   0                   0
110                   0                   0                   0
111                   0                   0                   0
112                   0                   0                   0
113                   0                   0                   0
114                   0                   0                   0
115                   0                   0                   0
116                   0                   0                   0
117                   0                   0                   0
118                   0                   0                   0
119                   0                   0                   0
120                   0                   0                   0
121                   0                   0                   0
122                   0                   0                   0
123                   0                   0                   0
124                   0                   0                   0
125                   0                   0                   0
126                   0                   0                   0
127                   0                   0                   0
