
0                   0                   0                   0
1       0.01986457541       0.03079601639        0.0506605918
2    -0.0001508015391        0.0064833755      0.006332573961
3    -0.0001395444459      0.002015862628      0.001876318182
4    -4.523663699e-05     0.0008368083503     0.0007915717134
5    -1.603844756e-05     0.0004213231484     0.0004052847008
6     -6.56864095e-06     0.0002411083843     0.0002345397433
7    -3.049175782e-06     0.0001507476607     0.0001476984849
8    -1.563109344e-06     0.0001005095443     9.894643497e-05
9    -8.662669089e-07     7.035950082e-05     6.949323391e-05
10    -5.108422287e-07     5.117140081e-05     5.066055858e-05
11    -3.168257999e-07     3.837884511e-05     3.806201931e-05
12    -2.048599871e-07     2.952229905e-05     2.931743907e-05
13     -1.37182424e-07     2.319613527e-05     2.305895285e-05
14     -9.46426352e-08     1.855692456e-05     1.846228193e-05
15    -6.699324236e-08     1.507750618e-05     1.501051294e-05
16     -4.84938645e-08     1.241676971e-05     1.236827585e-05
17    -3.579918492e-08     1.034730571e-05     1.031150653e-05
18    -2.689130982e-08     8.713517182e-06     8.686625872e-06
19    -2.051560083e-08     7.406485748e-06     7.385970147e-06
20    -1.587074678e-08     6.348412354e-06     6.332541608e-06
21    -1.243255405e-08     5.482715762e-06     5.470283208e-06
22    -9.850651508e-09     4.767574998e-06     4.757724347e-06
23    -7.886255666e-09     4.171624307e-06     4.163738051e-06
24    -6.373736446e-09     3.671025697e-06      3.66465196e-06
25    -5.196343947e-09     3.247442242e-06     3.242245899e-06
26    -4.270562923e-09     2.886611887e-06     2.882341324e-06
27    -3.535838562e-09     2.577328724e-06     2.573792886e-06
28    -2.947713102e-09     2.310705311e-06     2.307757598e-06
29    -2.473168093e-09     2.079631691e-06     2.077158523e-06
30    -2.087417113e-09     1.878374027e-06      1.87628661e-06
31     -1.77166716e-09     1.702273577e-06      1.70050191e-06
32    -1.511536512e-09     1.547518644e-06     1.546007107e-06
33    -1.295923282e-09     1.410970179e-06     1.409674256e-06
34    -1.116187407e-09     1.290027261e-06     1.288911073e-06
35    -9.655532322e-10     1.182522451e-06     1.181556897e-06
36     -8.38668837e-10     1.086639789e-06      1.08580112e-06
37    -7.312781657e-10     1.000850045e-06     1.000118767e-06
38    -6.399749271e-10     9.238592562e-07     9.232192813e-07
39    -5.620163995e-10     8.545675521e-07     8.540055357e-07
40    -4.951814818e-10     7.920360203e-07     7.915408388e-07
41    -4.376616973e-10     7.354598783e-07     7.350222166e-07
42    -3.879769247e-10     6.841466388e-07     6.837586619e-07
43     -3.44909825e-10     6.374982449e-07      6.37153335e-07
44    -3.074545083e-10     5.949963802e-07     5.946889257e-07
45    -2.747760631e-10      5.56190335e-07     5.559155589e-07
46     -2.46178608e-10      5.20686937e-07     5.204407584e-07
47    -2.210797219e-10     4.881421605e-07     4.879210808e-07
48    -1.989900768e-10     4.582541052e-07     4.580551151e-07
49     -1.79497023e-10      4.30757099e-07      4.30577602e-07
50    -1.622513321e-10     4.054167253e-07      4.05254474e-07
51    -1.469564388e-10     3.820256155e-07     3.818786591e-07
52     -1.33359673e-10     3.603998769e-07     3.602665172e-07
53    -1.212450838e-10      3.40376049e-07     3.402548039e-07
54    -1.104275438e-10     3.218085037e-07     3.216980761e-07
55    -1.007478871e-10     3.045672156e-07     3.044664677e-07
56    -9.206888366e-11     2.885358463e-07     2.884437774e-07
57     -8.42718966e-11     2.736100926e-07     2.735258207e-07
58    -7.725409532e-11     2.596962581e-07      2.59619004e-07
59    -7.092612534e-11     2.467100162e-07     2.466390901e-07
60    -6.521015357e-11     2.345753348e-07     2.345101246e-07
61     -6.00382237e-11     2.232235395e-07     2.231635013e-07
62    -5.535086823e-11     2.125924966e-07     2.125371457e-07
63      -5.1095934e-11     2.026258972e-07     2.025748012e-07
64    -4.722758539e-11     1.932726302e-07     1.932254026e-07
65    -4.370545635e-11     1.844862311e-07     1.844425257e-07
66    -4.049392688e-11     1.762243964e-07     1.761839024e-07
67    -3.756150443e-11     1.684485549e-07     1.684109934e-07
68    -3.488029351e-11     1.611234899e-07     1.610886096e-07
69    -3.242554004e-11      1.54217003e-07     1.541845775e-07
70    -3.017523889e-11     1.476996169e-07     1.476694416e-07
71    -2.810979513e-11     1.415443106e-07     1.415162008e-07
72    -2.621173116e-11     1.357262841e-07     1.357000724e-07
73    -2.446543262e-11     1.302227484e-07     1.301982829e-07
74    -2.285692798e-11     1.250127372e-07     1.249898802e-07
75    -2.137369659e-11     1.200769397e-07      1.20055566e-07
76    -2.000450132e-11     1.153975499e-07     1.153775454e-07
77    -1.873924245e-11     1.109581314e-07     1.109393921e-07
78    -1.756882979e-11      1.06743496e-07     1.067259272e-07
79    -1.648507049e-11     1.027395949e-07     1.027231098e-07
80    -1.548057067e-11     9.893341968e-08     9.891793911e-08
81                   0                   0                   0
82                   0                   0                   0
83                   0                   0                   0
84                   0                   0                   0
85                   0                   0                   0
86                   0                   0                   0
87                   0                   0                   0
88                   0                   0                   0
89                   0                   0                   0
90                   0                   0                   0
91                   0                   0                   0
92                   0                   0                   0
93                   0                   0                   0
94                   0                   0                   0
95                   0                   0                   0
96                   0                   0                   0
97                   0                   0                   0
98                   0                   0                   0
99                   0                   0                   0
100                   0                   0                   0
101                   0                   0                   0
102                   0                   0                   0
103                   0                   0                   0
104                   0                   0                   0
105                   0                   0                   0
106                   0                   0                   0
107                   0                   0                   0
108                   0                   0                   0
109                   0                   0                   0
110                   0                   0                   0
111                   0                   0                   0
112                   0                   0                   0
113                   0                   0                   0
114                   0                   0                   0
115                   0                   0                   0
116                   0                   0                   0
117                   0                   0                   0
118                   0                   0                   0
119                   0                   0                   0
120                   0                   0                   0
121                   0                   0                   0
122                   0                   0                   0
123                   0                   0                   0
124                   0                   0                   0
125                   0                   0                   0
126                   0                   0                   0
127                   0                   0                   0
128                   0                   0                   0
129                   0                   0                   0
130                   0                   0                   0
131                   0                   0                   0
132                   0                   0                   0
133                   0                   0                   0
134                   0                   0                   0
135                   0                   0                   0
136                   0                   0                   0
137                   0                   0                   0
138                   0                   0                   0
139                   0                   0                   0
140                   0                   0                   0
141                   0                   0                   0
142                   0                   0                   0
143                   0                   0                   0
144                   0                   0                   0
145                   0                   0                   0
146                   0                   0                   0
147                   0                   0                   0
148                   0                   0                   0
149                   0                   0                   0
150                   0                   0                   0
151                   0                   0                   0
152                   0                   0                   0
153                   0                   0                   0
154                   0                   0                   0
155                   0                   0                   0
156                   0                   0                   0
157                   0                   0                   0
158                   0                   0                   0
159                   0                   0                   0
