
0                   0                   0                   0
1      0.006017549569       0.04464304224        0.0506605918
2     -0.001208916526      0.007541490487      0.006332573961
3    -0.0002362482358      0.002112566417      0.001876318182
4    -5.571447324e-05     0.0008472861866     0.0007915717134
5    -1.739977513e-05      0.000422684476     0.0004052847008
6    -6.786922291e-06     0.0002413266656     0.0002345397433
7    -3.093427733e-06     0.0001507919126     0.0001476984849
8    -1.574386712e-06     0.0001005208217     9.894643497e-05
9    -8.697539305e-07     7.036298784e-05     6.949323391e-05
10    -5.120949668e-07     5.117265355e-05     5.066055858e-05
11    -3.173304658e-07     3.837934978e-05     3.806201931e-05
12    -2.050823118e-07     2.952252138e-05     2.931743907e-05
13    -1.372876859e-07     2.319624053e-05     2.305895285e-05
14    -9.469553639e-08     1.855697747e-05     1.846228193e-05
15    -6.702120335e-08     1.507753414e-05     1.501051294e-05
16    -4.850929672e-08     1.241678515e-05     1.236827585e-05
17    -3.580802854e-08     1.034731456e-05     1.031150653e-05
18    -2.689654776e-08      8.71352242e-06     8.686625872e-06
19    -2.051879515e-08     7.406488942e-06     7.385970147e-06
20    -1.587274623e-08     6.348414354e-06     6.332541608e-06
21     -1.24338352e-08     5.482717043e-06     5.470283208e-06
22    -9.851489931e-09     4.767575837e-06     4.757724347e-06
23    -7.886814971e-09     4.171624866e-06     4.163738051e-06
24    -6.374116132e-09     3.671026076e-06      3.66465196e-06
25    -5.196605857e-09     3.247442504e-06     3.242245899e-06
26    -4.270746268e-09      2.88661207e-06     2.882341324e-06
27    -3.535968663e-09     2.577328854e-06     2.573792886e-06
28     -2.94780659e-09     2.310705404e-06     2.307757598e-06
29    -2.473236061e-09     2.079631759e-06     2.077158523e-06
30    -2.087467068e-09     1.878374077e-06      1.87628661e-06
31    -1.771704252e-09     1.702273615e-06      1.70050191e-06
32    -1.511564318e-09     1.547518671e-06     1.546007107e-06
33    -1.295944315e-09       1.4109702e-06     1.409674256e-06
34    -1.116203452e-09     1.290027277e-06     1.288911073e-06
35    -9.655655721e-10     1.182522463e-06     1.181556897e-06
36    -8.386784001e-10     1.086639798e-06      1.08580112e-06
37    -7.312856315e-10     1.000850053e-06     1.000118767e-06
38    -6.399807967e-10     9.238592621e-07     9.232192813e-07
39    -5.620210456e-10     8.545675568e-07     8.540055357e-07
40    -4.951851838e-10      7.92036024e-07     7.915408388e-07
41    -4.376646661e-10     7.354598812e-07     7.350222166e-07
42    -3.879793205e-10     6.841466412e-07     6.837586619e-07
43    -3.449117703e-10     6.374982468e-07      6.37153335e-07
44    -3.074560976e-10     5.949963818e-07     5.946889257e-07
45    -2.747773695e-10     5.561903363e-07     5.559155589e-07
46    -2.461796885e-10     5.206869381e-07     5.204407584e-07
47     -2.21080621e-10     4.881421614e-07     4.879210808e-07
48    -1.989908297e-10     4.582541059e-07     4.580551151e-07
49    -1.794976574e-10     4.307570996e-07      4.30577602e-07
50      -1.6225187e-10     4.054167258e-07      4.05254474e-07
51    -1.469568978e-10      3.82025616e-07     3.818786591e-07
52    -1.333600674e-10     3.603998773e-07     3.602665172e-07
53    -1.212454249e-10     3.403760494e-07     3.402548039e-07
54    -1.104278409e-10      3.21808504e-07     3.216980761e-07
55    -1.007481475e-10     3.045672158e-07     3.044664677e-07
56    -9.206911349e-11     2.885358466e-07     2.884437774e-07
57    -8.427210086e-11     2.736100928e-07     2.735258207e-07
58    -7.725427809e-11     2.596962583e-07      2.59619004e-07
59    -7.092628998e-11     2.467100164e-07     2.466390901e-07
60    -6.521030287e-11      2.34575335e-07     2.345101246e-07
61    -6.003835995e-11     2.232235397e-07     2.231635013e-07
62    -5.535099335e-11     2.125924967e-07     2.125371457e-07
63    -5.109604958e-11     2.026258973e-07     2.025748012e-07
64    -4.722769278e-11     1.932726303e-07     1.932254026e-07
65    -4.370555666e-11     1.844862312e-07     1.844425257e-07
66    -4.049402105e-11     1.762243964e-07     1.761839024e-07
67    -3.756159325e-11      1.68448555e-07     1.684109934e-07
68    -3.488037765e-11       1.6112349e-07     1.610886096e-07
69    -3.242562008e-11     1.542170031e-07     1.541845775e-07
70    -3.017531532e-11      1.47699617e-07     1.476694416e-07
71    -2.810986835e-11     1.415443107e-07     1.415162008e-07
72    -2.621180154e-11     1.357262842e-07     1.357000724e-07
73    -2.446550045e-11     1.302227484e-07     1.301982829e-07
74    -2.285699353e-11     1.250127372e-07     1.249898802e-07
75    -2.137376007e-11     1.200769398e-07      1.20055566e-07
76    -2.000456293e-11       1.1539755e-07     1.153775454e-07
77    -1.873930237e-11     1.109581314e-07     1.109393921e-07
78    -1.756888816e-11     1.067434961e-07     1.067259272e-07
79    -1.648512743e-11     1.027395949e-07     1.027231098e-07
80     -1.54806263e-11     9.893341973e-08     9.891793911e-08
81                   0                   0                   0
82                   0                   0                   0
83                   0                   0                   0
84                   0                   0                   0
85                   0                   0                   0
86                   0                   0                   0
87                   0                   0                   0
88                   0                   0                   0
89                   0                   0                   0
90                   0                   0                   0
91                   0                   0                   0
92                   0                   0                   0
93                   0                   0                   0
94                   0                   0                   0
95                   0                   0                   0
96                   0                   0                   0
97                   0                   0                   0
98                   0                   0                   0
99                   0                   0                   0
100                   0                   0                   0
101                   0                   0                   0
102                   0                   0                   0
103                   0                   0                   0
104                   0                   0                   0
105                   0                   0                   0
106                   0                   0                   0
107                   0                   0                   0
108                   0                   0                   0
109                   0                   0                   0
110                   0                   0                   0
111                   0                   0                   0
112                   0                   0                   0
113                   0                   0                   0
114                   0                   0                   0
115                   0                   0                   0
116                   0                   0                   0
117                   0                   0                   0
118                   0                   0                   0
119                   0                   0                   0
120                   0                   0                   0
121                   0                   0                   0
122                   0                   0                   0
123                   0                   0                   0
124                   0                   0                   0
125                   0                   0                   0
126                   0                   0                   0
127                   0                   0                   0
128                   0                   0                   0
129                   0                   0                   0
130                   0                   0                   0
131                   0                   0                   0
132                   0                   0                   0
133                   0                   0                   0
134                   0                   0                   0
135                   0                   0                   0
136                   0                   0                   0
137                   0                   0                   0
138                   0                   0                   0
139                   0                   0                   0
140                   0                   0                   0
141                   0                   0                   0
142                   0                   0                   0
143                   0                   0                   0
144                   0                   0                   0
145                   0                   0                   0
146                   0                   0                   0
147                   0                   0                   0
148                   0                   0                   0
149                   0                   0                   0
150                   0                   0                   0
151                   0                   0                   0
152                   0                   0                   0
153                   0                   0                   0
154                   0                   0                   0
155                   0                   0                   0
156                   0                   0                   0
157                   0                   0                   0
158                   0                   0                   0
159                   0                   0                   0
