
0                             0                             0                             0
1           0.01930262373278659           0.03101963847777326           0.05032226221055985
2        -0.0002446814636030492          0.006335528057529139           0.00609084659392609
3        -0.0001626615673825502          0.001859809224786676          0.001697147657404126
4        -5.296205728897655e-05         0.0007087544679713424         0.0006557924106823658
5        -1.917384392740689e-05         0.0003198863905249534         0.0003007125465975465
6        -7.991305791035802e-06         0.0001609389220964301         0.0001529476163053943
7         -3.73429583616984e-06         8.705758653437755e-05         8.332329069820771e-05
8        -1.900860364504371e-06         4.954908763571732e-05         4.764822727121295e-05
9        -1.031071931722295e-06         2.927305568826062e-05         2.824198375653833e-05
10        -5.867521351138418e-07         1.779247596804224e-05          1.72057238329284e-05
11        -3.464750082940796e-07         1.105809954961424e-05         1.071162454132016e-05
12        -2.106292369150301e-07         6.996813557519834e-06         6.786184320604804e-06
13        -1.310662843927349e-07         4.492575256194356e-06         4.361508971801621e-06
14        -8.312240095733786e-08         2.920155670713736e-06         2.837033269756398e-06
15        -5.355187481262406e-08          1.91784005369213e-06         1.864288178879506e-06
16        -3.495873252117524e-08         1.270773087158727e-06         1.235814354637552e-06
17        -2.307759040908204e-08         8.485053959970067e-07         8.254278055879246e-07
18        -1.538095372270697e-08         5.703621340680176e-07         5.549811803453107e-07
19        -1.033643652309913e-08         3.856639677525065e-07         3.753275312294074e-07
20        -6.996677676872405e-09         2.621443826454108e-07         2.551477049685384e-07
21        -4.766114663576405e-09         1.790201145475302e-07         1.742539998839538e-07
22        -3.264897665179043e-09         1.227683150078656e-07         1.195034173426866e-07
23         -2.24769863454176e-09           8.4511752243195e-08         8.226405360865324e-08
24        -1.554323326382404e-09         5.837699869009909e-08         5.682267536371669e-08
25        -1.079154629204358e-09         4.045086989576859e-08         3.937171526656424e-08
26        -7.519627244291502e-10         2.810992935552597e-08         2.735796663109682e-08
27        -5.256939208557222e-10         1.958555210011107e-08         1.905985817925535e-08
28        -3.686090409964816e-10         1.367937714443013e-08         1.331076810343365e-08
29        -2.591692592578611e-10         9.575724395464707e-09         9.316555136206846e-09
30        -1.826782531484156e-10         6.717084022499991e-09         6.534405769351576e-09
31        -1.290591400011207e-10         4.720958877484116e-09         4.591899737482996e-09
32        -9.137168175741666e-11         3.324014104769074e-09         3.232642423011658e-09
33        -6.481658117214787e-11         2.344375735072776e-09         2.279559153900628e-09
34        -4.606278517163775e-11         1.656062448488319e-09         1.609999663316681e-09
35        -3.279049901090209e-11         1.171572163759502e-09           1.1387816647486e-09
36        -2.337917957713694e-11         8.299763541761655e-10         8.065971745990286e-10
37        -1.669353673491104e-11          5.88750896942933e-10          5.72057360208022e-10
38        -1.193614128349276e-11          4.18152261909641e-10         4.062161206261483e-10
39        -8.545518559065368e-12         2.973341500652333e-10         2.887886315061679e-10
40        -6.125442120543869e-12         2.116583672308599e-10          2.05532925110316e-10
41        -4.395715822580423e-12         1.508277841356091e-10         1.464320683130287e-10
42        -3.157811035379731e-12         1.075868963518821e-10         1.044290853165024e-10
43         -2.27080886797032e-12         7.681536597763288e-11         7.454455710966256e-11
44        -1.634513776996624e-12         5.489435090102223e-11          5.32598371240256e-11
45        -1.177572573448417e-12         3.926264601698078e-11         3.808507344353236e-11
46        -8.490966020584528e-13         2.810519785527707e-11         2.725610125321862e-11
47        -6.127419520837031e-13         2.013413030689129e-11         1.952138835480758e-11
48        -4.425184475281876e-13         1.443455108135985e-11         1.399203263383167e-11
49          -3.1981720127437e-13         1.035580510985122e-11         1.003598790857685e-11
50        -2.312988657115176e-13         7.434667048086673e-12         7.203368182375155e-12
51        -1.673909807416875e-13         5.341016864790996e-12         5.173625884049308e-12
52        -1.212171443234481e-13          3.83936670079534e-12         3.718149556471892e-12
53        -8.783284299733982e-14         2.761579787094988e-12         2.673746944097648e-12
54        -6.367940340278279e-14         1.987502693193076e-12         1.923823289790293e-12
55        -4.619332028233969e-14         1.431200054254581e-12         1.385006733972242e-12
56        -3.352642097894248e-14         1.031160695619174e-12         9.976342746402311e-13
57        -2.434519890138626e-14         7.433222787017875e-13         7.189770798004013e-13
58        -1.768676696441781e-14         5.360985219747853e-13         5.184117550103675e-13
59        -1.285535226467501e-14         3.868307896856771e-13         3.739754374210021e-13
60        -9.347851670170984e-15         2.792538237278336e-13         2.699059720576626e-13
61        -6.800241000065893e-15         2.016842447309908e-13          1.94884003730925e-13
62        -4.948963377927745e-15         1.457246426531225e-13         1.407756792751948e-13
63        -3.603087396633279e-15         1.053357917035485e-13         1.017327043069152e-13
64        -2.624215626307531e-15         7.617192487256575e-14         7.354770924625822e-14
65        -1.911975343071076e-15         5.510414241409563e-14         5.319216707102455e-14
66        -1.393533168602492e-15         3.987847415939906e-14         3.848494099079657e-14
67        -1.016012583005607e-15         2.887039018016075e-14         2.785437759715515e-14
68        -7.410071440996536e-16         2.090844395592943e-14         2.016743681182978e-14
69        -5.406077582258277e-16         1.514750265132777e-14         1.460689489310195e-14
70        -3.945245243252848e-16         1.097756859328915e-14         1.058304406896387e-14
71        -2.880004044211677e-16         7.958162626527233e-15         7.670162222106066e-15
72        -2.102980646032004e-16         5.771077452142453e-15         5.560779387539253e-15
73        -1.536018562930192e-16         4.186340295100222e-15         4.032738438807203e-15
74        -1.122206490619162e-16         3.037679418039211e-15         2.925458768977295e-15
75        -8.200880869214449e-17         2.204832206450644e-15         2.122823397758499e-15
76        -5.994543324600895e-17         1.600780925088203e-15         1.540835491842194e-15
77        -4.382845817175573e-17         1.162539460878769e-15         1.118711002707013e-15
78        -3.205217733723374e-17         8.445002439366226e-16         8.124480665993888e-16
79        -2.344536726365201e-17         6.136278755797655e-16         5.901825083161135e-16
80        -1.715346025030903e-17         4.459854355492156e-16         4.288319752989066e-16
81         -1.25527477202599e-17         3.242229475218939e-16          3.11670199801634e-16
82        -9.187883972020212e-18         2.357607961294327e-16         2.265729121574125e-16
83        -6.726346542424407e-18         1.714753057041965e-16         1.647489591617721e-16
84        -4.925241265513376e-18         1.247473203396108e-16         1.198220790740974e-16
85        -3.607097784251954e-18         9.077329214343119e-17         8.716619435917924e-17
86        -2.642214996072077e-18          6.60662771335303e-17         6.342406213745823e-17
87        -1.935780043854351e-18         4.809436760720327e-17         4.615858756334892e-17
88         -1.41846738424046e-18          3.50186230767661e-17         3.360015569252564e-17
89        -1.039575761965827e-18         2.550305923484612e-17          2.44634834728803e-17
90        -7.620165674597253e-19         1.857683978658807e-17         1.781482321912834e-17
91        -5.586531680215424e-19         1.353429934881045e-17         1.297564618078891e-17
92        -4.096263433141496e-19         9.862391000272421e-18         9.452764656958271e-18
93        -3.003997006500598e-19         7.188020778325768e-18         6.887621077675708e-18
94        -2.203309081334935e-19         5.239807510372219e-18         5.019476602238725e-18
95        -1.616270454241385e-19         3.820309374566594e-18         3.658682329142455e-18
96        -1.185806293352821e-19         2.785847073258285e-18         2.667266443923003e-18
97                             0                             0                             0
98                             0                             0                             0
99                             0                             0                             0
100                             0                             0                             0
101                             0                             0                             0
102                             0                             0                             0
103                             0                             0                             0
104                             0                             0                             0
105                             0                             0                             0
106                             0                             0                             0
107                             0                             0                             0
108                             0                             0                             0
109                             0                             0                             0
110                             0                             0                             0
111                             0                             0                             0
112                             0                             0                             0
113                             0                             0                             0
114                             0                             0                             0
115                             0                             0                             0
116                             0                             0                             0
117                             0                             0                             0
118                             0                             0                             0
119                             0                             0                             0
120                             0                             0                             0
121                             0                             0                             0
122                             0                             0                             0
123                             0                             0                             0
124                             0                             0                             0
125                             0                             0                             0
126                             0                             0                             0
127                             0                             0                             0
128                             0                             0                             0
129                             0                             0                             0
130                             0                             0                             0
131                             0                             0                             0
132                             0                             0                             0
133                             0                             0                             0
134                             0                             0                             0
135                             0                             0                             0
136                             0                             0                             0
137                             0                             0                             0
138                             0                             0                             0
139                             0                             0                             0
140                             0                             0                             0
141                             0                             0                             0
142                             0                             0                             0
143                             0                             0                             0
144                             0                             0                             0
145                             0                             0                             0
146                             0                             0                             0
147                             0                             0                             0
148                             0                             0                             0
149                             0                             0                             0
150                             0                             0                             0
151                             0                             0                             0
152                             0                             0                             0
153                             0                             0                             0
154                             0                             0                             0
155                             0                             0                             0
156                             0                             0                             0
157                             0                             0                             0
158                             0                             0                             0
159                             0                             0                             0
160                             0                             0                             0
161                             0                             0                             0
162                             0                             0                             0
163                             0                             0                             0
164                             0                             0                             0
165                             0                             0                             0
166                             0                             0                             0
167                             0                             0                             0
168                             0                             0                             0
169                             0                             0                             0
170                             0                             0                             0
171                             0                             0                             0
172                             0                             0                             0
173                             0                             0                             0
174                             0                             0                             0
175                             0                             0                             0
176                             0                             0                             0
177                             0                             0                             0
178                             0                             0                             0
179                             0                             0                             0
180                             0                             0                             0
181                             0                             0                             0
182                             0                             0                             0
183                             0                             0                             0
184                             0                             0                             0
185                             0                             0                             0
186                             0                             0                             0
187                             0                             0                             0
188                             0                             0                             0
189                             0                             0                             0
190                             0                             0                             0
191                             0                             0                             0
