
0                             0                             0                             0
1          0.005721236970558582           0.04460102524000126           0.05032226221055985
2         -0.001268678309213901          0.007359524903139991           0.00609084659392609
3        -0.0002549062575774863          0.001952053914981612          0.001697147657404126
4        -6.311626211166733e-05         0.0007189086727940331         0.0006557924106823658
5        -2.075430592846827e-05         0.0003214668525260148         0.0003007125465975465
6        -8.434198704861654e-06          0.000161381815010256         0.0001529476163053943
7        -3.942666067675336e-06         8.726595676588304e-05         8.332329069820771e-05
8        -2.023725703426847e-06         4.967195297463979e-05         4.764822727121295e-05
9        -1.109000367790378e-06         2.935098412432871e-05         2.824198375653833e-05
10        -6.375084591650856e-07         1.784323229209348e-05          1.72057238329284e-05
11        -3.799770976242387e-07          1.10916016389444e-05         1.071162454132016e-05
12        -2.329415768826346e-07         7.019125897487438e-06         6.786184320604804e-06
13        -1.460321814287119e-07         4.507541153230333e-06         4.361508971801621e-06
14        -9.322170746012469e-08         2.930254977216523e-06         2.837033269756398e-06
15        -6.040355475303734e-08         1.924691733632543e-06         1.864288178879506e-06
16        -3.962933575257121e-08         1.275443690390123e-06         1.235814354637552e-06
17        -2.627511875818535e-08           8.5170292434611e-07         8.254278055879246e-07
18         -1.75785403260733e-08          5.72559720671384e-07         5.549811803453107e-07
19        -1.185214429139086e-08         3.871796755207982e-07         3.753275312294074e-07
20        -8.045469939156672e-09         2.631931749076951e-07         2.551477049685384e-07
21        -5.493979168136397e-09         1.797479790520901e-07         1.742539998839538e-07
22        -3.771415535571929e-09         1.232748328782585e-07         1.195034173426866e-07
23        -2.601068811214842e-09         8.486512241986808e-08         8.226405360865324e-08
24        -1.801423847146579e-09         5.862409921086326e-08         5.682267536371669e-08
25        -1.252316599240696e-09         4.062403186580493e-08         3.937171526656424e-08
26        -8.735534541222141e-10         2.823152008521904e-08         2.735796663109682e-08
27         -6.11231723619895e-10         1.967108990287525e-08         1.905985817925535e-08
28        -4.288888340615252e-10         1.373965693749518e-08         1.331076810343365e-08
29        -3.017186040765492e-10         9.618273740283395e-09         9.316555136206846e-09
30        -2.127582198970792e-10         6.747163989248655e-09         6.534405769351576e-09
31        -1.503545011888349e-10         4.742254238671831e-09         4.591899737482996e-09
32        -1.064682830147087e-10         3.339110706026366e-09         3.232642423011658e-09
33        -7.553242349361394e-11         2.355091577394242e-09         2.279559153900628e-09
34        -5.367823596021117e-11         1.663677899276892e-09         1.609999663316681e-09
35        -3.820874581957128e-11         1.176990410568171e-09           1.1387816647486e-09
36        -2.723831249858571e-11         8.338354870976143e-10         8.065971745990286e-10
37        -1.944500428664776e-11         5.915023644946697e-10          5.72057360208022e-10
38        -1.389977499596812e-11         4.201158956221164e-10         4.062161206261483e-10
39        -9.948194473348813e-12         2.987368259795167e-10         2.887886315061679e-10
40        -7.128291708406299e-12         2.126612168187223e-10          2.05532925110316e-10
41        -5.113308544299544e-12         1.515453768573282e-10         1.464320683130287e-10
42        -3.671697756122905e-12         1.081007830726253e-10         1.044290853165024e-10
43        -2.639097574871196e-12         7.718365468453376e-11         7.454455710966256e-11
44        -1.898649140546235e-12         5.515848626457184e-11          5.32598371240256e-11
45         -1.36714198981936e-12         3.945221543335172e-11         3.808507344353236e-11
46        -9.852413379291915e-13         2.824134259114781e-11         2.725610125321862e-11
47        -7.105810313510719e-13         2.023196938615865e-11         1.952138835480758e-11
48        -5.128728965919877e-13         1.450490553042365e-11         1.399203263383167e-11
49        -3.704378758019073e-13         1.040642578437875e-11         1.003598790857685e-11
50        -2.677416456458888e-13         7.471109828021044e-12         7.203368182375155e-12
51        -1.936411979099124e-13         5.367267081959221e-12         5.173625884049308e-12
52        -1.401354953781514e-13         3.858285051850043e-12         3.718149556471892e-12
53        -1.014740961173102e-13         2.775221040214958e-12         2.673746944097648e-12
54        -7.352037422422504e-14         1.997343664014518e-12         1.923823289790293e-12
55         -5.32960748760838e-14         1.438302808848326e-12         1.385006733972242e-12
56        -3.865519724099078e-14         1.036289471881222e-12         9.976342746402311e-13
57        -2.805023146418828e-14         7.470273112645896e-13         7.189770798004013e-13
58        -2.036442571183512e-14         5.387761807222026e-13         5.184117550103675e-13
59        -1.479131617835266e-14         3.887667535993548e-13         3.739754374210021e-13
60         -1.07481234092393e-14         2.806540954669019e-13         2.699059720576626e-13
61        -7.813440361612709e-15         2.026974440925377e-13          1.94884003730925e-13
62        -5.682361427259011e-15         1.464580407024538e-13         1.407756792751948e-13
63        -4.134145253340807e-15          1.05866849560256e-13         1.017327043069152e-13
64        -3.008892772504678e-15          7.65566020187629e-14         7.354770924625822e-14
65        -2.190715038745887e-15         5.538288210977044e-14         5.319216707102455e-14
66        -1.595576620031395e-15         4.008051761082797e-14         3.848494099079657e-14
67        -1.162510038051562e-15         2.901688763520671e-14         2.785437759715515e-14
68        -8.472624751106889e-16         2.101469928694047e-14         2.016743681182978e-14
69        -6.176986192547749e-16         1.522459351235672e-14         1.460689489310195e-14
70        -4.504723117546089e-16         1.103351638071848e-14         1.058304406896387e-14
71        -3.286154805785903e-16         7.998777702684656e-15         7.670162222106066e-15
72        -2.397906326974955e-16         5.800570020236748e-15         5.560779387539253e-15
73        -1.750236402688694e-16         4.207762079076073e-15         4.032738438807203e-15
74        -1.277843650369379e-16         3.053243134014233e-15         2.925458768977295e-15
75        -9.331932908562169e-17         2.216142726844121e-15         2.122823397758499e-15
76        -6.816711448241022e-17         1.609002606324604e-15         1.540835491842194e-15
77        -4.980630354052685e-17          1.16851730624754e-15         1.118711002707013e-15
78        -3.639960190034199e-17         8.488476684997308e-16         8.124480665993888e-16
79        -2.660779207791322e-17         6.167903003940267e-16         5.901825083161135e-16
80        -1.945440756067918e-17         4.482863828595858e-16         4.288319752989066e-16
81        -1.422726283815093e-17         3.258974626397849e-16          3.11670199801634e-16
82        -1.040677565844765e-17         2.369796878158602e-16         2.265729121574125e-16
83        -7.613773444777785e-18         1.723627326065499e-16         1.647489591617721e-16
84        -5.571474614609884e-18         1.253935536887073e-16         1.198220790740974e-16
85        -4.077786063576232e-18         9.124398042275547e-17         8.716619435917924e-17
86        -2.985111182753508e-18         6.640917332021173e-17         6.342406213745823e-17
87        -2.185627688267747e-18         4.834421525161667e-17         4.615858756334892e-17
88        -1.600550358451071e-18         3.520070605097671e-17         3.360015569252564e-17
89         -1.17229781724965e-18         2.563578129012995e-17          2.44634834728803e-17
90        -8.587763317253412e-19         1.867359955085368e-17         1.781482321912834e-17
91        -6.292073511409086e-19         1.360485353192982e-17         1.297564618078891e-17
92        -4.610810812527486e-19          9.91384573821102e-18         9.452764656958271e-18
93        -3.379316424888873e-19         7.225552720164596e-18         6.887621077675708e-18
94        -2.477118406039258e-19         5.267188442842651e-18         5.019476602238725e-18
95        -1.816056656167559e-19         3.840287994759211e-18         3.658682329142455e-18
96        -1.331604227820736e-19         2.800426866705077e-18         2.667266443923003e-18
97                             0                             0                             0
98                             0                             0                             0
99                             0                             0                             0
100                             0                             0                             0
101                             0                             0                             0
102                             0                             0                             0
103                             0                             0                             0
104                             0                             0                             0
105                             0                             0                             0
106                             0                             0                             0
107                             0                             0                             0
108                             0                             0                             0
109                             0                             0                             0
110                             0                             0                             0
111                             0                             0                             0
112                             0                             0                             0
113                             0                             0                             0
114                             0                             0                             0
115                             0                             0                             0
116                             0                             0                             0
117                             0                             0                             0
118                             0                             0                             0
119                             0                             0                             0
120                             0                             0                             0
121                             0                             0                             0
122                             0                             0                             0
123                             0                             0                             0
124                             0                             0                             0
125                             0                             0                             0
126                             0                             0                             0
127                             0                             0                             0
128                             0                             0                             0
129                             0                             0                             0
130                             0                             0                             0
131                             0                             0                             0
132                             0                             0                             0
133                             0                             0                             0
134                             0                             0                             0
135                             0                             0                             0
136                             0                             0                             0
137                             0                             0                             0
138                             0                             0                             0
139                             0                             0                             0
140                             0                             0                             0
141                             0                             0                             0
142                             0                             0                             0
143                             0                             0                             0
144                             0                             0                             0
145                             0                             0                             0
146                             0                             0                             0
147                             0                             0                             0
148                             0                             0                             0
149                             0                             0                             0
150                             0                             0                             0
151                             0                             0                             0
152                             0                             0                             0
153                             0                             0                             0
154                             0                             0                             0
155                             0                             0                             0
156                             0                             0                             0
157                             0                             0                             0
158                             0                             0                             0
159                             0                             0                             0
160                             0                             0                             0
161                             0                             0                             0
162                             0                             0                             0
163                             0                             0                             0
164                             0                             0                             0
165                             0                             0                             0
166                             0                             0                             0
167                             0                             0                             0
168                             0                             0                             0
169                             0                             0                             0
170                             0                             0                             0
171                             0                             0                             0
172                             0                             0                             0
173                             0                             0                             0
174                             0                             0                             0
175                             0                             0                             0
176                             0                             0                             0
177                             0                             0                             0
178                             0                             0                             0
179                             0                             0                             0
180                             0                             0                             0
181                             0                             0                             0
182                             0                             0                             0
183                             0                             0                             0
184                             0                             0                             0
185                             0                             0                             0
186                             0                             0                             0
187                             0                             0                             0
188                             0                             0                             0
189                             0                             0                             0
190                             0                             0                             0
191                             0                             0                             0
