
0                             0                             0                             0
1           0.01986151842240201           0.03079887309610236           0.05066039151850437
2        -0.0001513355091983153          0.006483717633629359          0.006332382124431044
3        -0.0001396884767883664          0.002015822127098065          0.001876133650309699
4        -4.529191882190044e-05         0.0008366856363196547         0.0007913937174977543
5        -1.606523217273005e-05         0.0004211779149897866         0.0004051126828170566
6        -6.583663918098396e-06         0.0002409569243913128         0.0002343732604732144
7        -3.058455465001391e-06         0.0001505956261507678         0.0001475371706857664
8        -1.569244955169143e-06         0.0001003592220575827         9.878997710241353e-05
9        -8.705343711925152e-07         7.021189514802643e-05         6.934136077683392e-05
10        -5.139290905491718e-07         5.102695931788812e-05         5.051303022733894e-05
11        -3.191297237763324e-07         3.823775086380891e-05         3.791862114003258e-05
12        -2.066241517469263e-07           2.9384601415639e-05         2.917797726389207e-05
13        -1.385624021393323e-07         2.306181335895973e-05          2.29232509568204e-05
14        -9.574174073484427e-08         1.842591995074119e-05         1.833017821000635e-05
15        -6.788227708823013e-08         1.494974056029759e-05         1.488185828320936e-05
16        -4.922267076752171e-08         1.229215480288489e-05         1.224293213211737e-05
17        -3.640367501016617e-08         1.022574892330531e-05         1.018934524829514e-05
18        -2.739788966385213e-08          8.59492492725669e-06         8.567527037592838e-06
19        -2.094403688081787e-08         7.290765384868003e-06         7.269821347987185e-06
20        -1.623607233478843e-08         6.235473301570042e-06         6.219237229235253e-06
21        -1.274636618808679e-08         5.372470128097479e-06         5.359723761909392e-06
22         -1.01220115570864e-08         4.659937910349533e-06         4.649815898792447e-06
23         -8.12232594967763e-09         4.066514048224131e-06         4.058391722274453e-06
24        -6.580238023918688e-09         3.568363732590949e-06         3.561783494567031e-06
25        -5.377890654779796e-09         3.147153174899754e-06         3.141775284244974e-06
26        -4.430908485058293e-09         2.788623366124874e-06         2.784192457639816e-06
27        -3.678061709985132e-09          2.48157133779706e-06         2.477893276087075e-06
28        -3.074357848052844e-09         2.217112458669058e-06         2.214038100821005e-06
29        -2.586351159688498e-09         1.988139455939936e-06         1.985553104780247e-06
30        -2.188911005841419e-09         1.788921047068763e-06         1.786732136062921e-06
31        -1.862965039603396e-09         1.614800916347357e-06         1.612937951307753e-06
32          -1.5939032199712e-09         1.461969669170638e-06         1.460375765950667e-06
33        -1.370435838926321e-09         1.327290446115965e-06         1.325920010277039e-06
34        -1.183767385653222e-09         1.208164398351998e-06         1.206980630966345e-06
35        -1.026992846566388e-09          1.10242605897678e-06         1.101399066130213e-06
36        -8.946519621115188e-10         1.008261337795516e-06         1.007366685833405e-06
37        -7.823976064562648e-10         9.241427817778731e-07         9.233603841714168e-07
38        -6.867465024781984e-10         8.487781161541812e-07          8.48091369651703e-07
39        -6.048905667523878e-10          7.81069078222111e-07         7.804641876553586e-07
40        -5.345529685197204e-10         7.200782843047215e-07         7.195437313362018e-07
41        -4.738775200027762e-10         6.650024084131141e-07         6.645285308931113e-07
42        -4.213430976806346e-10         6.151503514995772e-07         6.147290084018966e-07
43        -3.756969951656278e-10         5.699253804424307e-07         5.695496834472651e-07
44        -3.359027034596176e-10         5.288104427767421e-07         5.284745400732825e-07
45        -3.010987491599664e-10         4.913560357841389e-07         4.910549370349789e-07
46        -2.705660694640373e-10         4.571701407781531e-07         4.568995747086891e-07
47        -2.437020139300289e-10         4.259098353298654e-07         4.256661333159353e-07
48        -2.199995209603956e-10         3.972742752146067e-07         3.970542756936463e-07
49          -1.9903035733148e-10         3.709987995068418e-07         3.707997691495103e-07
50         -1.80431564755003e-10         3.468499606002729e-07         3.466695290355179e-07
51        -1.638944505842188e-10         3.246213190519726e-07         3.244574246013884e-07
52        -1.491556065823859e-10         3.041298733588451e-07         3.039807177522627e-07
53        -1.359895518710374e-10         2.852130188302202e-07         2.850770292783491e-07
54        -1.242026823979325e-10         2.677259489646154e-07         2.676017462822175e-07
55        -1.136282759127744e-10         2.515394282026955e-07         2.514257999267827e-07
56        -1.041223531688038e-10         2.365378774080306e-07         2.364337550548618e-07
57        -9.556023645284218e-11         2.226177235399197e-07         2.225221633034669e-07
58        -8.783367820175479e-11         2.096859732097071e-07         2.095981395315053e-07
59        -8.084845739987308e-11          1.97658976530787e-07         1.975781280733871e-07
60        -7.452236117214102e-11         1.864613531796173e-07         1.863868308184451e-07
61        -6.878348465473518e-11         1.760250571150504e-07         1.759562736303956e-07
62        -6.356879472319779e-11         1.662885601422874e-07         1.662249913475642e-07
63        -5.882291315856306e-11         1.571961376040643e-07         1.571373146909057e-07
64        -5.449708287816169e-11         1.486972420539603e-07         1.486427449710822e-07
65        -5.054828733954895e-11         1.407459529102472e-07         1.406954046229076e-07
66        -4.693849848054426e-11         1.333004918802788e-07         1.332535533817983e-07
67        -4.363403282341946e-11         1.263227954471582e-07         1.262791614143348e-07
68        -4.060499884463712e-11         1.197781369727228e-07         1.197375319738781e-07
69        -3.782482155804777e-11         1.136347920348171e-07          1.13596967213259e-07
70        -3.526983258655851e-11         1.078637415158907e-07         1.078284716833041e-07
71        -3.291891591766812e-11         1.024384077216594e-07         1.024054888057417e-07
72        -3.075320111844363e-11         9.733441945547319e-08         9.730366625435474e-08
73        -2.875579709636249e-11         9.252940252476784e-08         9.250064672767147e-08
74        -2.691156057593255e-11         8.800279262592264e-08         8.797588106534671e-08
75        -2.520689436760479e-11         8.373566795576653e-08         8.371046106139892e-08
76        -2.362957125588578e-11         7.971059924246403e-08         7.968696967120815e-08
77        -2.216857996602564e-11         7.591151518441658e-08         7.588934660445056e-08
78        -2.081399019622652e-11         7.232358154050605e-08         7.230276755030983e-08
79         -1.95568341446133e-11         6.893309233467221e-08          6.89135355005276e-08
80        -1.838900233675428e-11         6.572737182764685e-08          6.57089828253101e-08
81        -1.730315187229944e-11          6.26946860730226e-08          6.26773829211503e-08
82        -1.629262551506982e-11         5.982416301744499e-08         5.980787039192992e-08
83        -1.535137998170638e-11         5.710572022831682e-08         5.709036884833511e-08
84        -1.447392300649996e-11         5.452999944129316e-08         5.451552551828666e-08
85        -1.365525686472172e-11         5.208830721184592e-08         5.207465195498119e-08
86         -1.28908287495818e-11         4.977256103991311e-08         4.975967021116352e-08
87        -1.217648645903225e-11         4.757524040648041e-08         4.756306392002138e-08
88        -1.150843897979035e-11         4.548934222497275e-08         4.547783378599296e-08
89        -1.088322134985096e-11         4.350834026534006e-08         4.349745704399021e-08
90         -1.02976632926381e-11         4.162614815736958e-08         4.161585049407694e-08
91        -9.748861181147514e-12         3.983708562255616e-08         3.982733676137501e-08
92        -9.234152946057992e-12         3.813584762159483e-08         3.812661346864877e-08
93        -8.751095590361712e-12         3.651747613787791e-08         3.650872504228755e-08
94        -8.297445014799662e-12         3.497733434683482e-08         3.496903690182002e-08
95        -7.871137895386589e-12         3.351108294703505e-08         3.350321180913966e-08
96        -7.470275383823654e-12         3.211465845209382e-08            3.210718817671e-08
97        -7.093108431918078e-12         3.078425326294809e-08         3.077716015451617e-08
98        -6.738024562076636e-12         2.951629735831124e-08         2.950955933374916e-08
99        -6.403535929047934e-12          2.83074414573524e-08         2.830103792142336e-08
100        -6.088268534592338e-12         2.715454152311133e-08         2.714845325457674e-08
101        -5.790952473642811e-12          2.60546444880659e-08         2.604885353559226e-08
102        -5.510413104241212e-12         2.500497509479579e-08         2.499946468169155e-08
103        -5.245563045237537e-12         2.400292375499139e-08         2.399767819194616e-08
104        -4.995394917359842e-12         2.304603533928434e-08         2.304103994436698e-08
105        -4.758974751696485e-12          2.21319988186428e-08          2.21272398438911e-08
106        -4.535435998867015e-12         2.125863768549301e-08         2.125410224949414e-08
107        -4.323974078768814e-12         2.042390108938925e-08         2.041957711531048e-08
108        -4.123841417576149e-12          1.96258556280433e-08         1.962173178662573e-08
109        -3.934342924475036e-12         1.886267773991382e-08         1.885874339698935e-08
110         -3.75483186527607e-12         1.813264664941048e-08          1.81288918175452e-08
111        -3.584706095036866e-12          1.74341378201456e-08         1.743055311405056e-08
112        -3.423404615263557e-12         1.676561687561664e-08         1.676219347100137e-08
113                             0                             0                             0
114                             0                             0                             0
115                             0                             0                             0
116                             0                             0                             0
117                             0                             0                             0
118                             0                             0                             0
119                             0                             0                             0
120                             0                             0                             0
121                             0                             0                             0
122                             0                             0                             0
123                             0                             0                             0
124                             0                             0                             0
125                             0                             0                             0
126                             0                             0                             0
127                             0                             0                             0
128                             0                             0                             0
129                             0                             0                             0
130                             0                             0                             0
131                             0                             0                             0
132                             0                             0                             0
133                             0                             0                             0
134                             0                             0                             0
135                             0                             0                             0
136                             0                             0                             0
137                             0                             0                             0
138                             0                             0                             0
139                             0                             0                             0
140                             0                             0                             0
141                             0                             0                             0
142                             0                             0                             0
143                             0                             0                             0
144                             0                             0                             0
145                             0                             0                             0
146                             0                             0                             0
147                             0                             0                             0
148                             0                             0                             0
149                             0                             0                             0
150                             0                             0                             0
151                             0                             0                             0
152                             0                             0                             0
153                             0                             0                             0
154                             0                             0                             0
155                             0                             0                             0
156                             0                             0                             0
157                             0                             0                             0
158                             0                             0                             0
159                             0                             0                             0
160                             0                             0                             0
161                             0                             0                             0
162                             0                             0                             0
163                             0                             0                             0
164                             0                             0                             0
165                             0                             0                             0
166                             0                             0                             0
167                             0                             0                             0
168                             0                             0                             0
169                             0                             0                             0
170                             0                             0                             0
171                             0                             0                             0
172                             0                             0                             0
173                             0                             0                             0
174                             0                             0                             0
175                             0                             0                             0
176                             0                             0                             0
177                             0                             0                             0
178                             0                             0                             0
179                             0                             0                             0
180                             0                             0                             0
181                             0                             0                             0
182                             0                             0                             0
183                             0                             0                             0
184                             0                             0                             0
185                             0                             0                             0
186                             0                             0                             0
187                             0                             0                             0
188                             0                             0                             0
189                             0                             0                             0
190                             0                             0                             0
191                             0                             0                             0
192                             0                             0                             0
193                             0                             0                             0
194                             0                             0                             0
195                             0                             0                             0
196                             0                             0                             0
197                             0                             0                             0
198                             0                             0                             0
199                             0                             0                             0
200                             0                             0                             0
201                             0                             0                             0
202                             0                             0                             0
203                             0                             0                             0
204                             0                             0                             0
205                             0                             0                             0
206                             0                             0                             0
207                             0                             0                             0
208                             0                             0                             0
209                             0                             0                             0
210                             0                             0                             0
211                             0                             0                             0
212                             0                             0                             0
213                             0                             0                             0
214                             0                             0                             0
215                             0                             0                             0
216                             0                             0                             0
217                             0                             0                             0
218                             0                             0                             0
219                             0                             0                             0
220                             0                             0                             0
221                             0                             0                             0
222                             0                             0                             0
223                             0                             0                             0
