
0                             0                             0                             0
1          0.006015987644051861           0.04464440387445251           0.05066039151850437
2         -0.001209240560500448          0.007541622684931491          0.006332382124431044
3         -0.000236356137979437          0.002112489788289136          0.001876133650309699
4        -5.576178032765588e-05         0.0008471554978254102         0.0007913937174977543
5         -1.74242929787291e-05         0.0004225369757957857         0.0004051126828170566
6        -6.801154627164878e-06         0.0002411744151003793         0.0002343732604732144
7        -3.102392569254392e-06         0.0001506395632550208         0.0001475371706857664
8        -1.580389309929016e-06         0.0001003703664123425         9.878997710241353e-05
9        -8.739667457670201e-07         7.021532752260094e-05         6.934136077683392e-05
10        -5.151637839092841e-07         5.102819401124823e-05         5.051303022733894e-05
11         -3.19634297626821e-07          3.82382554376594e-05         3.791862114003258e-05
12        -2.068553638924793e-07         2.938483262778455e-05         2.917797726389207e-05
13        -1.386809691128323e-07         2.306193192593323e-05          2.29232509568204e-05
14        -9.580995219255313e-08          1.84259881621989e-05         1.833017821000635e-05
15        -6.792624506269064e-08         1.494978452827205e-05         1.488185828320936e-05
16        -4.925408931876084e-08         1.229218622143613e-05         1.224293213211737e-05
17        -3.642809389388354e-08         1.022577334218902e-05         1.018934524829514e-05
18        -2.741808674236393e-08         8.594945124335202e-06         8.567527037592838e-06
19        -2.096147590924371e-08         7.290782823896429e-06         7.269821347987185e-06
20        -1.625156579158756e-08         6.235488795026841e-06         6.219237229235253e-06
21        -1.276039028220915e-08         5.372484152191601e-06         5.359723761909392e-06
22         -1.01348619142385e-08         4.659950760706685e-06         4.649815898792447e-06
23        -8.134197482255917e-09         4.066525919756709e-06         4.058391722274453e-06
24        -6.591267002510022e-09         3.568374761569541e-06         3.561783494567031e-06
25        -5.388177885147076e-09         3.147163462130122e-06         3.141775284244974e-06
26        -4.440532279105803e-09         2.788632989918921e-06         2.784192457639816e-06
27        -3.687085438933018e-09         2.481580361526008e-06         2.477893276087075e-06
28         -3.08283447556348e-09         2.217120935296569e-06         2.214038100821005e-06
29        -2.594326056820394e-09         1.988147430837068e-06         1.985553104780247e-06
30        -2.196423763570557e-09         1.788928559826492e-06         1.786732136062921e-06
31        -1.870050681267248e-09         1.614808001989021e-06         1.612937951307753e-06
32        -1.600593044741387e-09         1.461976358995408e-06         1.460375765950667e-06
33        -1.376758031847878e-09         1.327296768308887e-06         1.325920010277039e-06
34        -1.189747493203206e-09         1.208170378459548e-06         1.206980630966345e-06
35        -1.032654061105747e-09         1.102431720191319e-06         1.101399066130213e-06
36        -9.000155123308589e-10         1.008266701345736e-06         1.007366685833405e-06
37        -7.874829192398264e-10         9.241478670906566e-07         9.233603841714168e-07
38        -6.915714153059411e-10          8.48782941067009e-07          8.48091369651703e-07
39        -6.094714931920178e-10         7.810736591485506e-07         7.804641876553586e-07
40        -5.389050407497246e-10         7.200826363769515e-07         7.195437313362018e-07
41        -4.780147130125461e-10         6.650065456061239e-07         6.645285308931113e-07
42        -4.252783373172474e-10         6.151542867392138e-07         6.147290084018966e-07
43        -3.794422553056779e-10         5.699291257025708e-07         5.695496834472651e-07
44        -3.394690905302936e-10         5.288140091638128e-07         5.284745400732825e-07
45        -3.044965783331587e-10         4.913594336133121e-07         4.910549370349789e-07
46        -2.738049326591076e-10         4.571733796413482e-07         4.568995747086891e-07
47        -2.467908408415282e-10         4.259129241567769e-07         4.256661333159353e-07
48        -2.229466339698338e-10         3.972772223276161e-07         3.970542756936463e-07
49        -2.018435210348246e-10         3.710016126705451e-07         3.707997691495103e-07
50        -1.831180307250352e-10         3.468526470662429e-07         3.466695290355179e-07
51        -1.664609979073068e-10         3.246238855992957e-07         3.244574246013884e-07
52        -1.516085786307265e-10         3.041323263308935e-07         3.039807177522627e-07
53        -1.383348897178937e-10          2.85215364168067e-07         2.850770292783491e-07
54        -1.264459552280227e-10         2.677281922374455e-07         2.676017462822175e-07
55        -1.157747087401543e-10         2.515415746355229e-07         2.514257999267827e-07
56        -1.061768521359147e-10         2.365399319069977e-07         2.364337550548618e-07
57        -9.752741195366331e-11         2.226196907154205e-07         2.225221633034669e-07
58        -8.971786604359782e-11         2.096878573975489e-07         2.095981395315053e-07
59        -8.265373819429578e-11         1.976607818115814e-07         1.975781280733871e-07
60        -7.625257812581546e-11         1.864630833965709e-07         1.863868308184451e-07
61        -7.044225991080445e-11         1.760267158903064e-07         1.759562736303956e-07
62        -6.515954438914919e-11         1.662901508919533e-07         1.662249913475642e-07
63        -6.034886114113494e-11         1.571976635520469e-07         1.571373146909057e-07
64        -5.596127363380976e-11          1.48698706244716e-07         1.486427449710822e-07
65        -5.195359763867513e-11         1.407473582205463e-07         1.406954046229076e-07
66        -4.828764827201776e-11         1.333018410300703e-07         1.332535533817983e-07
67        -4.492959527866694e-11         1.263240910096135e-07         1.262791614143348e-07
68        -4.184940965250584e-11         1.197793813835307e-07         1.197375319738781e-07
69         -3.90203875340617e-11         1.136359876007931e-07          1.13596967213259e-07
70        -3.641873965507885e-11         1.078648904229592e-07         1.078284716833041e-07
71        -3.402323651887885e-11         1.024395120422606e-07         1.024054888057417e-07
72        -3.181490108786041e-11          9.73354811554426e-08         9.730366625435474e-08
73        -2.977674205991819e-11         9.253042346973139e-08         9.250064672767147e-08
74        -2.789352189985433e-11         8.800377458724657e-08         8.797588106534671e-08
75        -2.615155469823454e-11         8.373661261609716e-08         8.371046106139892e-08
76        -2.453852968217391e-11         7.971150820089032e-08         7.968696967120815e-08
77        -2.304335683427808e-11         7.591238996128483e-08         7.588934660445056e-08
78        -2.165603160320424e-11         7.232442358191303e-08         7.230276755030983e-08
79        -2.036751613448793e-11         6.893390301666208e-08          6.89135355005276e-08
80        -1.916963482370442e-11          6.57281524601338e-08          6.57089828253101e-08
81        -1.805498230948683e-11         6.269543790345978e-08          6.26773829211503e-08
82        -1.701684232856388e-11         5.982488723425848e-08         5.980787039192992e-08
83        -1.604911578866672e-11         5.710641796412378e-08         5.709036884833511e-08
84        -1.514625762252057e-11         5.453067177590918e-08         5.451552551828666e-08
85         -1.43032201413384e-11         5.208895517512253e-08         5.207465195498119e-08
86        -1.351540322016486e-11         4.977318561438369e-08         4.975967021116352e-08
87        -1.277860983151183e-11         4.757584252985289e-08         4.756306392002138e-08
88        -1.208900647704815e-11            4.548992279247e-08         4.547783378599296e-08
89        -1.144308791000744e-11         4.350890013190021e-08         4.349745704399021e-08
90        -1.083764563861868e-11         4.162668813971556e-08         4.161585049407694e-08
91        -1.026973976847451e-11         3.983760650114349e-08         3.982733676137501e-08
92        -9.736673797133583e-12         3.813635014244591e-08         3.812661346864877e-08
93        -9.235972022573953e-12         3.651796101431012e-08         3.650872504228755e-08
94        -8.765359269651395e-12         3.497780226108967e-08         3.496903690182002e-08
95        -8.322742674927186e-12         3.351153455181459e-08         3.350321180913966e-08
96        -7.906195300491487e-12         3.211509437201049e-08            3.210718817671e-08
97        -7.513941377332526e-12          3.07846740958935e-08         3.077716015451617e-08
98        -7.144342999888299e-12         2.951670367674905e-08         2.950955933374916e-08
99        -6.795888116638072e-12         2.830783380953999e-08         2.830103792142336e-08
100        -6.467179678081706e-12         2.715492043425482e-08         2.714845325457674e-08
101        -6.156925820398724e-12         2.605501046141266e-08         2.604885353559226e-08
102        -5.863930976548907e-12          2.50053286126681e-08         2.499946468169155e-08
103        -5.587087818924325e-12         2.400326527976508e-08         2.399767819194616e-08
104        -5.325369948531865e-12         2.304636531431551e-08         2.304103994436698e-08
105        -5.077825254810792e-12         2.213231766914591e-08          2.21272398438911e-08
106        -4.843569878987753e-12         2.125894581937313e-08         2.125410224949414e-08
107        -4.621782720690919e-12         2.042419889803117e-08         2.041957711531048e-08
108         -4.41170043435431e-12         1.962614348706008e-08         1.962173178662573e-08
109        -4.212612867779942e-12         1.886295600985713e-08         1.885874339698935e-08
110        -4.023858899645867e-12         1.813291567644485e-08          1.81288918175452e-08
111        -3.844822638171201e-12         1.743439793668873e-08         1.743055311405056e-08
112        -3.674929946355361e-12         1.676586840094773e-08         1.676219347100137e-08
113                             0                             0                             0
114                             0                             0                             0
115                             0                             0                             0
116                             0                             0                             0
117                             0                             0                             0
118                             0                             0                             0
119                             0                             0                             0
120                             0                             0                             0
121                             0                             0                             0
122                             0                             0                             0
123                             0                             0                             0
124                             0                             0                             0
125                             0                             0                             0
126                             0                             0                             0
127                             0                             0                             0
128                             0                             0                             0
129                             0                             0                             0
130                             0                             0                             0
131                             0                             0                             0
132                             0                             0                             0
133                             0                             0                             0
134                             0                             0                             0
135                             0                             0                             0
136                             0                             0                             0
137                             0                             0                             0
138                             0                             0                             0
139                             0                             0                             0
140                             0                             0                             0
141                             0                             0                             0
142                             0                             0                             0
143                             0                             0                             0
144                             0                             0                             0
145                             0                             0                             0
146                             0                             0                             0
147                             0                             0                             0
148                             0                             0                             0
149                             0                             0                             0
150                             0                             0                             0
151                             0                             0                             0
152                             0                             0                             0
153                             0                             0                             0
154                             0                             0                             0
155                             0                             0                             0
156                             0                             0                             0
157                             0                             0                             0
158                             0                             0                             0
159                             0                             0                             0
160                             0                             0                             0
161                             0                             0                             0
162                             0                             0                             0
163                             0                             0                             0
164                             0                             0                             0
165                             0                             0                             0
166                             0                             0                             0
167                             0                             0                             0
168                             0                             0                             0
169                             0                             0                             0
170                             0                             0                             0
171                             0                             0                             0
172                             0                             0                             0
173                             0                             0                             0
174                             0                             0                             0
175                             0                             0                             0
176                             0                             0                             0
177                             0                             0                             0
178                             0                             0                             0
179                             0                             0                             0
180                             0                             0                             0
181                             0                             0                             0
182                             0                             0                             0
183                             0                             0                             0
184                             0                             0                             0
185                             0                             0                             0
186                             0                             0                             0
187                             0                             0                             0
188                             0                             0                             0
189                             0                             0                             0
190                             0                             0                             0
191                             0                             0                             0
192                             0                             0                             0
193                             0                             0                             0
194                             0                             0                             0
195                             0                             0                             0
196                             0                             0                             0
197                             0                             0                             0
198                             0                             0                             0
199                             0                             0                             0
200                             0                             0                             0
201                             0                             0                             0
202                             0                             0                             0
203                             0                             0                             0
204                             0                             0                             0
205                             0                             0                             0
206                             0                             0                             0
207                             0                             0                             0
208                             0                             0                             0
209                             0                             0                             0
210                             0                             0                             0
211                             0                             0                             0
212                             0                             0                             0
213                             0                             0                             0
214                             0                             0                             0
215                             0                             0                             0
216                             0                             0                             0
217                             0                             0                             0
218                             0                             0                             0
219                             0                             0                             0
220                             0                             0                             0
221                             0                             0                             0
222                             0                             0                             0
223                             0                             0                             0
