0                   0                   0                   0
1        0.0138293369        0.0300298281         0.043859165
2    -0.0008525228844      0.004388893941      0.003536371057
3    -0.0002242705804     0.0007940889738     0.0005698183934
4    -4.987265899e-05     0.0001681399152     0.0001182672563
5    -1.181661448e-05     3.974218631e-05     2.792557183e-05
6    -3.011613793e-06     1.013747799e-05     7.125864195e-06
7    -8.138626934e-07     2.728571525e-06     1.914708832e-06
8    -2.298704465e-07     7.636302498e-07     5.337598033e-07
9    -6.711646144e-08     2.200626474e-07      1.52946186e-07
10    -2.009929801e-08     6.487076486e-08     4.477146685e-08
11    -6.139234792e-09     1.947023269e-08      1.33309979e-08
12    -1.904929458e-09     5.929922448e-09      4.02499299e-09
13    -5.986660532e-10     1.828065319e-09     1.229399266e-09
14    -1.901338722e-10     5.693322118e-10     3.791983395e-10
15    -6.091949221e-11     1.788630252e-10      1.17943533e-10
16    -1.966481916e-11     5.661595409e-11     3.695113493e-11
17    -6.388442757e-12      1.80385861e-11     1.165014334e-11
18     -2.08687107e-12     5.780547531e-12     3.693676461e-12
19    -6.849904637e-13     1.861890096e-12     1.176899632e-12
20    -2.257915285e-13     6.024475897e-13     3.766560612e-13
21    -7.470552515e-14     1.957324018e-13     1.210268766e-13
22    -2.479938087e-14     6.382809233e-14     3.902871146e-14
23    -8.256954862e-15     2.088421272e-14     1.262725786e-14
24    -2.756510865e-15     6.854134046e-15     4.097623181e-15
25    -9.224608671e-16     2.255811656e-15     1.333350789e-15
26    -3.093764326e-16     7.443377853e-16     4.349613526e-16
27    -1.039662887e-16     2.461881155e-16     1.422218269e-16
28    -3.500171613e-17     8.160495395e-17     4.660323783e-17
29    -1.180352988e-17     2.710500093e-17     1.530147105e-17
30    -3.986594388e-18     9.019948601e-18     5.033354213e-18
31    -1.348366773e-18     3.006941359e-18     1.658574586e-18
32    -4.566502415e-19     1.004065573e-18     5.474153312e-19
33                   0                   0                   0
34                   0                   0                   0
35                   0                   0                   0
36                   0                   0                   0
37                   0                   0                   0
38                   0                   0                   0
39                   0                   0                   0
40                   0                   0                   0
41                   0                   0                   0
42                   0                   0                   0
43                   0                   0                   0
44                   0                   0                   0
45                   0                   0                   0
46                   0                   0                   0
47                   0                   0                   0
48                   0                   0                   0
49                   0                   0                   0
50                   0                   0                   0
51                   0                   0                   0
52                   0                   0                   0
53                   0                   0                   0
54                   0                   0                   0
55                   0                   0                   0
56                   0                   0                   0
57                   0                   0                   0
58                   0                   0                   0
59                   0                   0                   0
60                   0                   0                   0
61                   0                   0                   0
62                   0                   0                   0
63                   0                   0                   0
