0                   0                   0                   0
1       0.00248409147       0.04137507353         0.043859165
2     -0.001651081524      0.005187452581      0.003536371057
3    -0.0002960110247     0.0008658294181     0.0005698183934
4    -5.893077579e-05      0.000177198032     0.0001182672563
5    -1.349155811e-05     4.141712994e-05     2.792557183e-05
6    -3.418905146e-06     1.054476934e-05     7.125864195e-06
7    -9.273062897e-07     2.842015121e-06     1.914708832e-06
8    -2.633767246e-07     7.971365279e-07     5.337598033e-07
9    -7.728661516e-08     2.302328012e-07      1.52946186e-07
10    -2.323426173e-08     6.800572858e-08     4.477146685e-08
11    -7.115944281e-09     2.044694218e-08      1.33309979e-08
12    -2.211795838e-09     6.236788829e-09      4.02499299e-09
13    -6.957665295e-10     1.925165795e-09     1.229399266e-09
14     -2.21050587e-10     6.002489265e-10     3.791983395e-10
15    -7.081787711e-11     1.887614101e-10      1.17943533e-10
16    -2.284964863e-11     5.980078356e-11     3.695113493e-11
17    -7.417756654e-12     1.906789999e-11     1.165014334e-11
18    -2.420886889e-12     6.114563351e-12     3.693676461e-12
19    -7.937794622e-13     1.970679094e-12     1.176899632e-12
20    -2.613434004e-13     6.379994617e-13     3.766560612e-13
21    -8.635957708e-14     2.073864537e-13     1.210268766e-13
22    -2.863045029e-14     6.765916175e-14     3.902871146e-14
23     -9.51964122e-15     2.214689908e-14     1.262725786e-14
24    -3.173685258e-15     7.271308438e-15     4.097623181e-15
25    -1.060597817e-15     2.393948606e-15     1.333350789e-15
26    -3.552120853e-16     7.901734379e-16     4.349613526e-16
27    -1.192045867e-16     2.614264136e-16     1.422218269e-16
28    -4.007691608e-17     8.668015391e-17     4.660323783e-17
29    -1.349670918e-17     2.879818023e-17     1.530147105e-17
30    -4.552364424e-18     9.585718637e-18     5.033354213e-18
31    -1.537698041e-18     3.196272627e-18     1.658574586e-18
32    -5.200973744e-19     1.067512706e-18     5.474153312e-19
33                   0                   0                   0
34                   0                   0                   0
35                   0                   0                   0
36                   0                   0                   0
37                   0                   0                   0
38                   0                   0                   0
39                   0                   0                   0
40                   0                   0                   0
41                   0                   0                   0
42                   0                   0                   0
43                   0                   0                   0
44                   0                   0                   0
45                   0                   0                   0
46                   0                   0                   0
47                   0                   0                   0
48                   0                   0                   0
49                   0                   0                   0
50                   0                   0                   0
51                   0                   0                   0
52                   0                   0                   0
53                   0                   0                   0
54                   0                   0                   0
55                   0                   0                   0
56                   0                   0                   0
57                   0                   0                   0
58                   0                   0                   0
59                   0                   0                   0
60                   0                   0                   0
61                   0                   0                   0
62                   0                   0                   0
63                   0                   0                   0
