0                   0                   0                   0
1       0.01514448712       0.03044645963       0.04559094675
2    -0.0007463474558      0.004800372715      0.004054025259
3    -0.0002248084935     0.0009609981411     0.0007361896477
4    -5.513565045e-05     0.0002288618309     0.0001737261804
5    -1.453778862e-05     6.137583079e-05     4.683804217e-05
6    -4.160240094e-06     1.783891101e-05     1.367867092e-05
7    -1.269974411e-06     5.482356399e-06     4.212381988e-06
8    -4.067372856e-07     1.753778743e-06     1.347041457e-06
9    -1.349996012e-07     5.780457757e-07     4.430461745e-07
10    -4.603641259e-08     1.949636465e-07     1.489272339e-07
11    -1.603201802e-08     6.696916804e-08     5.093715003e-08
12    -5.676863935e-09     2.334696204e-08     1.767009811e-08
13     -2.03742495e-09     8.239650493e-09     6.202225542e-09
14    -7.393870284e-10       2.9380755e-09     2.198688472e-09
15    -2.708228587e-10     1.056896895e-09      7.86074036e-10
16    -9.997745766e-11     3.830834999e-10     2.831060422e-10
17    -3.715606434e-11     1.397726306e-10     1.026165663e-10
18    -1.388900893e-11     5.129465476e-11     3.740564583e-11
19    -5.217982663e-12      1.89215198e-11     1.370353714e-11
20    -1.969047056e-12      7.01185596e-12     5.042808904e-12
21    -7.459473728e-13     2.609150444e-12     1.863203071e-12
22    -2.835767864e-13     9.744965343e-13     6.909197479e-13
23    -1.081393272e-13      3.65196531e-13     2.570572038e-13
24    -4.135331178e-14     1.372803016e-13     9.592698986e-14
25    -1.585377297e-14     5.175015669e-14     3.589638372e-14
26    -6.091838725e-15      1.95585863e-14     1.346674758e-14
27    -2.345677849e-15     7.409651318e-15     5.063973469e-15
28    -9.049285826e-16     2.813291273e-15     1.908362691e-15
29    -3.497174234e-16     1.070332778e-15     7.206153545e-16
30    -1.353680661e-16     4.079885996e-16     2.726205335e-16
31    -5.247553906e-17     1.557924799e-16     1.033169409e-16
32    -2.036999358e-17     5.958869562e-17     3.921870204e-17
33    -7.917257869e-18     2.282730517e-17      1.49100473e-17
34    -3.080843253e-18     8.757445383e-18      5.67660213e-18
35    -1.200162789e-18      3.36429913e-18     2.164136341e-18
36    -4.680094655e-19     1.294111682e-18      8.26102217e-19
37    -1.826771287e-19     4.983992931e-19     3.157221644e-19
38    -7.136783466e-20     1.921687137e-19      1.20800879e-19
39    -2.790523734e-20     7.417558203e-20     4.627034469e-20
40    -1.091972964e-20     2.866076209e-20     1.774103245e-20
41    -4.276229008e-21     1.108511835e-20      6.80888934e-21
42    -1.675770369e-21     4.291387936e-21     2.615617567e-21
43    -6.571364967e-22     1.662802189e-21     1.005665692e-21
44    -2.578508499e-22     6.448380697e-22     3.869872198e-22
45    -1.012369386e-22     2.502713682e-22     1.490344296e-22
46    -3.976981154e-23     9.720897507e-23     5.743916354e-23
47    -1.563146798e-23     3.778518687e-23     2.215371889e-23
48    -6.147042218e-24     1.469748618e-23     8.550443958e-24
49    -2.418477904e-24     5.720815614e-24     3.302337711e-24
50    -9.519575485e-25     2.228199988e-24      1.27624244e-24
51    -3.748722325e-25     8.684011028e-25     4.935288703e-25
52    -1.476830015e-25     3.386459401e-25     1.909629386e-25
53     -5.82037774e-26     1.321358421e-25     7.393206473e-26
54    -2.294761981e-26     5.158639489e-26     2.863877507e-26
55    -9.050713136e-27     2.015025515e-26     1.109954202e-26
56    -3.570918465e-27     7.874958892e-27     4.304040427e-27
57    -1.409362628e-27     3.079146949e-27     1.669784321e-27
58    -5.564233241e-28     1.204534754e-27     6.481114298e-28
59    -2.197465564e-28     4.714198582e-28     2.516733018e-28
60    -8.680959755e-29     1.845819443e-28     9.777234674e-29
61    -3.430341462e-29     7.230309619e-29     3.799968157e-29
62    -1.355895481e-29     2.833379582e-29     1.477484102e-29
63     -5.36080346e-30      1.11077721e-29     5.746968641e-30
64    -2.120040545e-30      4.35630148e-30     2.236260935e-30
65                   0                   0                   0
66                   0                   0                   0
67                   0                   0                   0
68                   0                   0                   0
69                   0                   0                   0
70                   0                   0                   0
71                   0                   0                   0
72                   0                   0                   0
73                   0                   0                   0
74                   0                   0                   0
75                   0                   0                   0
76                   0                   0                   0
77                   0                   0                   0
78                   0                   0                   0
79                   0                   0                   0
80                   0                   0                   0
81                   0                   0                   0
82                   0                   0                   0
83                   0                   0                   0
84                   0                   0                   0
85                   0                   0                   0
86                   0                   0                   0
87                   0                   0                   0
88                   0                   0                   0
89                   0                   0                   0
90                   0                   0                   0
91                   0                   0                   0
92                   0                   0                   0
93                   0                   0                   0
94                   0                   0                   0
95                   0                   0                   0
96                   0                   0                   0
97                   0                   0                   0
98                   0                   0                   0
99                   0                   0                   0
100                   0                   0                   0
101                   0                   0                   0
102                   0                   0                   0
103                   0                   0                   0
104                   0                   0                   0
105                   0                   0                   0
106                   0                   0                   0
107                   0                   0                   0
108                   0                   0                   0
109                   0                   0                   0
110                   0                   0                   0
111                   0                   0                   0
112                   0                   0                   0
113                   0                   0                   0
114                   0                   0                   0
115                   0                   0                   0
116                   0                   0                   0
117                   0                   0                   0
118                   0                   0                   0
119                   0                   0                   0
120                   0                   0                   0
121                   0                   0                   0
122                   0                   0                   0
123                   0                   0                   0
124                   0                   0                   0
125                   0                   0                   0
126                   0                   0                   0
127                   0                   0                   0
